G_down: 14 15
  6.37   3.23   1.85   7.03   7.40   4.53   7.65   5.82   0.84   4.17   5.03   5.17   2.97   2.16   4.64 
  5.20   1.98   0.40   1.43   7.47   0.23   7.76   4.25   6.71   1.60   7.06   7.02   3.82   6.34   6.36 
  5.01   2.46   8.69   3.93   1.16   0.83   1.12   3.29   4.16   4.04   3.54   9.79   9.60   3.33   7.04 
  3.82   9.24   1.76   8.42   8.62   2.37   9.53   9.85   5.20   7.14   4.64   5.28   0.96   9.54   6.76 
  8.98   3.59   4.91   6.50   2.68   9.30   3.95   9.62   4.03   0.16   6.53   0.67   1.94   6.33   3.62 
  4.50   4.98   9.04   5.85   7.29   4.93   2.85   6.57   0.97   5.30   3.37   6.09   5.49   0.18   8.25 
  5.94   8.96   6.96   8.61   5.25   0.42   3.85   9.17   7.49   9.88   7.57   5.21   4.61   2.49   4.87 
  5.51   7.87   7.60   2.87   0.19   3.60   1.99   3.44   1.01   0.32   7.22   2.96   6.13   7.35   4.21 
  2.90   2.37   7.98   0.30   5.12   0.37   8.17   3.79   7.25   7.29   4.43   3.27   6.72   4.60   0.80 
  1.63   7.48   9.80   8.15   6.71   4.90   1.90   3.89   9.70   7.68   3.03   7.09   9.36   6.43   1.00 
  5.11   9.26   0.20   3.86   2.19   5.43   0.96   2.68   2.27   9.23   7.88   2.23   7.23   9.21   1.65 
  9.00   1.10   1.65   1.96   7.09   9.68   0.53   1.34   9.12   1.56   1.57   3.05   2.73   5.70   7.45 
  3.91   4.14   6.61   1.02   0.67   3.10   5.59   7.95   8.27   5.01   1.51   5.77   3.15   2.98   5.25 
  5.18   8.84   5.64   0.71   4.12   7.19   7.85   5.89   8.57   7.23   2.93   1.66   1.48   5.47   8.57 
---
G_right: 15 14
  0.12   0.74   0.37   0.96   0.89   0.62   0.79   0.93   0.42   0.63   0.72   0.76   0.97   0.59 
  0.95   0.68   0.96   0.53   0.86   0.83   0.56   0.82   0.73   0.28   0.82   0.43   0.55   0.29 
  0.25   0.67   0.52   0.89   0.23   0.40   0.39   0.90   0.71   0.91   0.58   0.66   0.12   0.95 
  0.33   0.75   0.58   0.35   0.72   0.45   0.23   0.72   0.74   0.34   0.71   0.80   0.70   0.56 
  0.58   0.12   0.19   0.40   0.12   0.37   0.96   0.94   0.13   0.50   0.42   0.89   0.40   0.78 
  0.65   0.57   0.58   0.58   0.95   0.70   0.55   0.42   0.78   0.93   0.15   0.83   0.31   0.14 
  0.54   0.59   0.12   0.77   0.64   0.55   0.63   0.68   0.51   0.67   0.47   0.48   0.35   0.43 
  0.34   0.76   0.19   0.85   0.73   0.78   0.54   0.97   0.92   0.67   0.22   0.32   0.69   0.70 
  0.74   0.71   0.65   0.26   0.54   0.67   0.65   0.91   0.87   0.72   0.48   0.17   0.84   0.94 
  0.58   0.22   0.39   0.62   0.95   0.66   0.41   0.61   0.62   0.13   0.40   0.19   0.80   0.72 
  0.24   0.90   0.59   0.86   0.55   0.10   0.50   0.69   0.72   0.47   0.35   0.89   0.24   0.14 
  0.64   0.84   0.79   0.92   0.28   0.43   0.82   0.66   0.56   0.73   0.25   0.62   0.36   0.53 
  0.63   0.70   0.11   0.63   0.31   0.30   0.81   0.41   0.92   0.65   0.69   0.56   0.59   0.91 
  0.74   0.70   0.95   0.17   0.92   0.34   0.28   0.98   0.71   0.53   0.49   0.88   0.84   0.65 
  0.44   0.13   0.10   0.14   0.40   0.68   0.23   0.79   0.17   0.83   0.35   0.31   0.14   0.47 
---
