G_down: 49 50
  0.44   0.77   0.58   0.65   0.98   0.81   0.73   0.41   0.38   0.44   0.58   0.41   0.42   0.82   0.40   0.68   0.48   0.98   0.35   0.71   0.62   0.11   0.82   0.29   0.35   0.49   0.57   0.75   0.26   0.82   0.75   0.36   0.53   0.25   0.17   0.25   0.57   0.44   0.13   0.44   0.37   0.67   0.71   0.40   0.12   0.94   0.20   0.43   0.50   0.68 
  0.19   0.95   0.78   0.64   0.49   0.29   0.37   0.22   0.84   0.54   0.72   0.32   0.72   0.66   0.80   0.28   0.11   0.28   0.77   0.59   0.52   0.87   0.76   0.97   0.57   0.61   0.34   0.63   0.18   0.23   0.27   0.39   0.46   0.53   0.44   0.45   0.71   0.79   0.85   0.96   0.86   0.87   0.32   0.34   0.32   0.54   0.37   0.68   0.15   0.42 
  0.32   0.35   0.66   0.90   0.96   0.84   0.34   0.24   0.52   0.57   0.33   0.69   0.79   0.69   0.92   0.39   0.49   0.73   0.37   0.35   0.29   0.15   0.46   0.31   0.61   0.46   0.19   0.98   0.53   0.75   0.58   0.81   0.68   0.12   0.54   0.54   0.91   0.77   0.33   0.35   0.84   0.31   0.20   0.64   0.51   0.89   0.97   0.41   0.92   0.25 
  0.51   0.47   0.18   0.25   0.37   0.54   0.32   0.16   0.94   0.74   0.48   0.47   0.10   0.21   0.34   0.15   0.89   0.11   0.86   0.34   0.51   0.98   0.83   0.45   0.87   0.29   0.96   0.19   0.80   0.25   0.35   0.44   0.93   0.31   0.82   0.58   0.19   0.63   0.74   0.56   0.19   0.18   0.54   0.85   0.99   0.66   0.87   0.32   0.70   0.51 
  0.90   0.31   0.46   0.62   0.83   0.40   0.45   0.63   0.73   0.68   0.19   0.95   0.76   0.48   0.16   0.93   0.24   0.25   0.67   0.97   0.54   0.57   0.95   0.35   0.17   0.21   0.76   0.61   0.43   0.62   0.30   0.19   0.13   0.74   0.53   0.21   0.69   0.49   0.53   0.78   0.60   0.91   0.35   0.30   0.44   0.14   0.28   0.74   0.53   0.53 
  0.63   0.87   0.84   0.78   0.38   0.66   0.32   0.95   0.95   0.97   0.39   0.19   0.67   0.48   0.34   0.26   0.21   0.20   0.63   0.94   0.81   0.19   0.18   0.92   0.38   0.72   0.89   0.67   0.95   0.81   0.89   0.43   0.84   0.74   0.39   0.51   0.40   0.11   0.66   0.42   0.17   0.52   0.11   0.53   0.11   0.85   0.22   0.75   0.93   0.34 
  0.71   0.14   0.58   0.55   0.25   0.53   0.88   0.11   0.96   0.22   0.53   0.73   0.13   0.85   0.59   0.72   0.55   0.18   0.89   0.16   0.47   0.68   0.59   0.72   0.19   0.92   0.85   0.79   0.48   0.54   0.65   0.52   0.76   0.19   0.59   0.62   0.77   0.45   0.39   0.52   0.52   0.78   0.79   0.65   0.62   0.15   0.70   0.12   0.56   0.47 
  0.87   0.19   0.10   0.49   0.95   0.11   0.95   0.89   0.25   0.26   0.53   0.78   0.71   0.30   0.45   0.95   0.41   0.41   0.84   0.25   0.83   0.25   0.59   0.29   0.97   0.26   0.80   0.27   0.88   0.42   0.39   0.23   0.56   0.11   0.95   0.68   0.88   0.72   0.11   0.63   0.48   0.26   0.93   0.84   0.31   0.67   0.77   0.45   0.92   0.30 
  0.50   0.66   0.32   0.32   0.24   0.92   0.72   0.30   0.40   0.36   0.62   0.93   0.51   0.40   0.10   0.58   0.97   0.81   0.62   0.55   0.80   0.43   0.78   0.12   0.86   0.43   0.58   0.42   0.98   0.55   0.67   0.95   0.88   0.59   0.27   0.79   0.74   0.75   0.85   0.12   0.43   0.84   0.92   0.77   0.60   0.68   0.73   0.78   0.82   0.84 
  0.89   0.27   0.30   0.78   0.69   0.98   0.71   0.79   0.95   0.63   0.43   0.60   0.79   0.37   0.46   0.48   0.88   0.15   0.43   0.57   0.70   0.49   0.83   0.82   0.38   0.82   0.83   0.50   0.65   0.62   0.85   0.81   0.27   0.22   0.15   0.71   0.95   0.41   0.80   0.24   0.91   0.98   0.24   0.18   0.14   0.38   0.75   0.34   0.60   0.43 
  0.93   0.26   0.62   0.90   0.30   0.64   0.72   0.97   0.61   0.13   0.24   0.60   0.61   0.76   0.16   0.95   0.51   0.42   0.46   0.28   0.67   0.79   0.24   0.59   0.32   0.53   0.82   0.45   0.56   0.66   0.78   0.18   0.69   0.31   0.29   0.64   0.28   0.20   0.75   0.33   0.19   0.79   0.20   0.18   0.88   0.53   0.30   0.35   0.46   0.87 
  0.95   0.36   0.95   0.95   0.68   0.91   0.82   0.52   0.19   0.80   0.19   0.52   0.34   0.16   0.33   0.89   0.21   0.40   0.82   0.24   0.81   0.85   0.55   0.78   0.69   0.11   0.48   0.65   0.16   0.41   0.48   0.20   0.88   0.54   0.23   0.23   0.31   0.79   0.99   0.40   0.10   0.16   0.85   0.23   0.17   0.16   0.95   0.96   0.60   0.14 
  0.72   0.64   0.60   0.94   0.37   0.28   0.76   0.23   0.91   0.25   0.38   0.22   0.88   0.86   0.89   0.45   0.38   0.80   0.30   0.74   0.66   0.76   0.27   0.43   0.82   0.27   0.22   0.60   0.48   0.90   0.47   0.10   0.98   0.89   0.73   0.38   0.84   0.83   0.46   0.18   0.81   0.47   0.95   0.55   0.21   0.74   0.46   0.93   0.81   0.90 
  0.59   0.46   0.82   0.32   0.82   0.56   0.75   0.96   0.40   0.96   0.37   0.98   0.46   0.81   0.32   0.76   0.67   0.85   0.66   0.35   0.11   0.65   0.74   0.26   0.71   0.80   0.31   0.18   0.90   0.54   0.35   0.38   0.14   0.50   0.51   0.19   0.70   0.81   0.33   0.71   0.44   0.13   0.91   0.79   0.52   0.83   0.47   0.15   0.13   0.42 
  0.28   0.92   0.37   0.18   0.56   0.42   0.89   0.26   0.93   0.97   0.85   0.27   0.20   0.43   0.64   0.76   0.37   0.39   0.62   0.22   0.31   0.24   0.83   0.12   0.55   0.57   0.14   0.88   0.77   0.42   0.79   0.90   0.77   0.74   0.13   0.77   0.48   0.93   0.79   0.10   0.64   0.32   0.40   0.22   0.54   0.51   0.78   0.83   0.70   0.59 
  0.27   0.16   0.89   0.45   0.91   0.38   0.52   0.33   0.23   0.13   0.20   0.40   0.35   0.10   0.87   0.96   0.35   0.78   0.63   0.95   0.73   0.73   0.64   0.83   0.81   0.91   0.66   0.22   0.66   0.38   0.79   0.36   0.88   0.16   0.28   0.11   0.33   0.35   0.57   0.98   0.50   0.53   0.63   0.82   0.36   0.10   0.64   0.65   0.63   0.38 
  0.62   0.45   0.29   0.13   0.39   0.56   0.72   0.26   0.73   0.84   0.31   0.63   0.89   0.44   0.28   0.78   0.41   0.50   0.90   0.40   0.94   0.76   0.56   0.12   0.64   0.91   0.50   0.15   0.52   0.94   0.42   0.68   0.99   0.46   0.38   0.72   0.62   0.85   0.44   0.63   0.24   0.57   0.30   0.27   0.96   0.90   0.91   0.44   0.49   0.71 
  0.49   0.40   0.44   0.50   0.18   0.24   0.54   0.70   0.26   0.85   0.17   0.70   0.39   0.96   0.80   0.91   0.10   0.81   0.48   0.40   0.38   0.14   0.40   0.47   0.78   0.34   0.95   0.71   0.56   0.15   0.48   0.25   0.42   0.69   0.34   0.12   0.90   0.27   0.49   0.54   0.57   0.30   0.44   0.19   0.24   0.65   0.91   0.93   0.36   0.85 
  0.52   0.67   0.81   0.78   0.49   0.93   0.33   0.51   0.86   0.64   0.40   0.10   0.73   0.68   0.74   0.75   0.63   0.98   0.47   0.79   0.34   0.26   0.29   0.63   0.55   0.87   0.51   0.97   0.88   0.80   0.68   0.47   0.39   0.46   0.74   0.44   0.43   0.43   0.75   0.80   0.27   0.89   0.78   0.38   0.68   0.32   0.99   0.59   0.74   0.18 
  0.20   0.69   0.88   0.56   0.84   0.14   0.18   0.51   0.14   0.66   0.41   0.14   0.22   0.87   0.96   0.56   0.65   0.89   0.58   0.46   0.71   0.29   0.68   0.77   0.76   0.56   0.99   0.79   0.56   0.55   0.55   0.54   0.57   0.48   0.21   0.96   0.59   0.43   0.95   0.86   0.31   0.82   0.99   0.71   0.46   0.72   0.96   0.51   0.17   0.58 
  0.35   0.88   0.60   0.73   0.17   0.85   0.77   0.68   0.20   0.85   0.50   0.21   0.35   0.66   0.38   0.80   0.82   0.89   0.23   0.78   0.11   0.39   0.17   0.65   0.54   0.44   0.27   0.31   0.49   0.48   0.30   0.82   0.75   0.98   0.37   0.21   0.93   0.44   0.85   0.43   0.75   0.33   0.24   0.49   0.53   0.27   0.85   0.12   0.69   0.61 
  0.97   0.16   0.44   0.11   0.46   0.42   0.37   0.74   0.83   0.23   0.62   0.74   0.69   0.30   0.86   0.50   0.79   0.17   0.80   0.83   0.31   0.73   0.55   0.25   0.14   0.27   0.27   0.55   0.41   0.22   0.44   0.81   0.52   0.48   0.75   0.76   0.50   0.97   0.53   0.82   0.37   0.91   0.38   0.44   0.61   0.91   0.12   0.30   0.69   0.80 
  0.31   0.60   0.65   0.59   0.12   0.45   0.17   0.32   0.30   0.37   0.31   0.22   0.43   0.84   0.90   0.17   0.53   0.80   0.43   0.34   0.70   0.38   0.38   0.75   0.17   0.73   0.57   0.20   0.27   0.97   0.31   0.30   0.13   0.22   0.69   0.39   0.92   0.23   0.60   0.96   0.17   0.56   0.38   0.85   0.31   0.15   0.50   0.89   0.78   0.38 
  0.57   0.46   0.55   0.52   0.48   0.91   0.31   0.28   0.48   0.86   0.50   0.15   0.33   0.93   0.14   0.66   0.68   0.41   0.17   0.44   0.11   0.64   0.79   0.98   0.38   0.78   0.59   0.23   0.73   0.78   0.79   0.31   0.64   0.63   0.37   0.33   0.85   0.43   0.41   0.39   0.41   0.69   0.52   0.71   0.35   0.91   0.79   0.59   0.63   0.54 
  0.19   0.74   0.43   0.47   0.46   0.10   0.28   0.72   0.73   0.46   0.57   0.60   0.67   0.44   0.63   0.40   0.74   0.62   0.67   0.86   0.37   0.68   0.50   0.53   0.14   0.36   0.21   0.52   0.57   0.96   0.49   0.51   0.83   0.40   0.27   0.88   0.12   0.46   0.94   0.29   0.57   0.82   0.43   0.42   0.49   0.86   0.75   0.86   0.11   0.19 
  0.67   0.26   0.64   0.45   0.36   0.14   0.83   0.22   0.85   0.17   0.96   0.58   0.41   0.33   0.29   0.91   0.18   0.58   0.53   0.78   0.77   0.29   0.52   0.47   0.55   0.65   0.59   0.12   0.40   0.37   0.59   0.44   0.51   0.33   0.68   0.88   0.25   0.29   0.35   0.83   0.14   0.48   0.78   0.94   0.25   0.32   0.65   0.73   0.40   0.44 
  0.25   0.63   0.84   0.53   0.56   0.29   0.53   0.55   0.20   0.75   0.58   0.42   0.63   0.17   0.28   0.61   0.97   0.10   0.89   0.30   0.20   0.65   0.40   0.40   0.38   0.98   0.63   0.55   0.16   0.36   0.28   0.28   0.82   0.18   0.71   0.14   0.18   0.45   0.50   0.60   0.41   0.36   0.85   0.64   0.35   0.69   0.70   0.18   0.28   0.83 
  0.56   0.24   0.46   0.72   0.69   0.41   0.51   0.29   0.33   0.47   0.27   0.23   0.58   0.29   0.79   0.58   0.79   0.62   0.60   0.29   0.46   0.89   0.50   0.84   0.29   0.62   0.59   0.23   0.36   0.36   0.29   0.56   0.36   0.84   0.47   0.57   0.27   0.19   0.59   0.77   0.51   0.15   0.43   0.87   0.25   0.26   0.98   0.78   0.45   0.28 
  0.20   0.67   0.25   0.34   0.86   0.86   0.33   0.73   0.49   0.32   0.74   0.87   0.95   0.93   0.63   0.11   0.79   0.46   0.22   0.79   0.28   0.65   0.29   0.18   0.51   0.13   0.24   0.74   0.58   0.55   0.48   0.84   0.82   0.89   0.31   0.54   0.24   0.59   0.80   0.58   0.81   0.72   0.20   0.61   0.66   0.78   0.74   0.11   0.78   0.18 
  0.24   0.49   0.74   0.51   0.65   0.49   0.31   0.47   0.98   0.31   0.14   0.51   0.13   0.56   0.66   0.61   0.35   0.18   0.49   0.78   0.99   0.37   0.24   0.38   0.84   0.23   0.13   0.86   0.69   0.85   0.14   0.72   0.85   0.88   0.38   0.15   0.73   0.37   0.93   0.36   0.27   0.56   0.79   0.80   0.72   0.91   0.89   0.26   0.46   0.49 
  0.79   0.82   0.99   0.89   0.10   0.74   0.93   0.24   0.75   0.54   0.29   0.32   0.40   0.56   0.50   0.14   0.33   0.72   0.69   0.30   0.53   0.79   0.12   0.45   0.20   0.99   0.28   0.46   0.38   0.10   0.74   0.92   0.83   0.44   0.34   0.12   0.62   0.30   0.79   0.87   0.48   0.89   0.13   0.65   0.21   0.93   0.89   0.87   0.56   0.38 
  0.73   0.24   0.74   0.32   0.80   0.47   0.11   0.32   0.86   0.42   0.86   0.86   0.28   0.85   0.40   0.16   0.13   0.29   0.99   0.66   0.15   0.46   0.42   0.36   0.91   0.80   0.98   0.70   0.44   0.50   0.27   0.28   0.89   0.67   0.50   0.63   0.77   0.69   0.59   0.67   0.33   0.13   0.54   0.57   0.96   0.15   0.57   0.70   0.53   0.86 
  0.79   0.63   0.77   0.60   0.40   0.61   0.41   0.54   0.42   0.59   0.34   0.72   0.22   0.79   0.86   0.48   0.21   0.18   0.56   0.59   0.54   0.69   0.51   0.91   0.92   0.42   0.33   0.70   0.22   0.78   0.44   0.32   0.77   0.86   0.71   0.73   0.45   0.90   0.65   0.66   0.85   0.79   0.21   0.39   0.26   0.91   0.20   0.96   0.43   0.24 
  0.67   0.18   0.72   0.43   0.30   0.98   0.72   0.52   0.97   0.53   0.90   0.37   0.99   0.44   0.69   0.51   0.19   0.63   0.57   0.24   0.24   0.23   0.50   0.27   0.15   0.94   0.92   0.41   0.74   0.38   0.48   0.41   0.29   0.55   0.39   0.78   0.77   0.75   0.40   0.36   0.25   0.73   0.76   0.38   0.72   0.86   0.73   0.15   0.89   0.62 
  0.40   0.17   0.47   0.50   0.34   0.26   0.87   0.65   0.81   0.12   0.45   0.90   0.96   0.17   0.51   0.70   0.59   0.77   0.54   0.51   0.62   0.56   0.39   0.52   0.45   0.71   0.39   0.71   0.81   0.69   0.34   0.22   0.77   0.24   0.13   0.29   0.74   0.20   0.44   0.24   0.64   0.91   0.73   0.35   0.21   0.90   0.93   0.13   0.39   0.29 
  0.33   0.57   0.31   0.95   0.89   0.16   0.99   0.20   0.68   0.51   0.88   0.41   0.59   0.68   0.28   0.93   0.63   0.64   0.77   0.70   0.37   0.91   0.96   0.88   0.88   0.20   0.38   0.49   0.17   0.74   0.96   0.25   0.61   0.62   0.68   0.52   0.69   0.48   0.12   0.46   0.33   0.71   0.94   0.58   0.46   0.64   0.28   0.15   0.23   0.47 
  0.18   0.53   0.33   0.98   0.58   0.76   0.72   0.20   0.32   0.34   0.30   0.65   0.32   0.93   0.93   0.49   0.10   0.41   0.69   0.17   0.77   0.76   0.85   0.50   0.37   0.67   0.82   0.88   0.27   0.17   0.45   0.24   0.45   0.70   0.79   0.31   0.50   0.80   0.42   0.44   0.71   0.38   0.51   0.98   0.29   0.84   0.98   0.21   0.16   0.81 
  0.77   0.11   0.26   0.24   0.38   0.42   0.62   0.32   0.47   0.29   0.34   0.95   0.14   0.76   0.73   0.39   0.45   0.42   0.54   0.85   0.22   0.63   0.86   0.53   0.48   0.44   0.18   0.13   0.54   0.36   0.74   0.87   0.20   0.50   0.93   0.83   0.88   0.22   0.40   0.36   0.80   0.38   0.46   0.76   0.10   0.64   0.35   0.39   0.83   0.14 
  0.63   0.85   0.49   0.54   0.19   0.58   0.91   0.76   0.65   0.47   0.44   0.84   0.69   0.77   0.70   0.18   0.55   0.14   0.85   0.73   0.49   0.47   0.44   0.16   0.87   0.69   0.31   0.65   0.37   0.52   0.20   0.30   0.79   0.33   0.76   0.51   0.59   0.54   0.79   0.26   0.29   0.93   0.37   0.97   0.24   0.90   0.95   0.16   0.72   0.23 
  0.82   0.79   0.55   0.50   0.96   0.65   0.30   0.17   0.75   0.56   0.26   0.31   0.80   0.83   0.27   0.98   0.67   0.20   0.30   0.13   0.48   0.17   0.87   0.80   0.33   0.61   0.21   0.45   0.46   0.59   0.33   0.75   0.38   0.20   0.47   0.99   0.39   0.45   0.48   0.20   0.24   0.27   0.45   0.76   0.34   0.44   0.68   0.33   0.33   0.46 
  0.44   0.20   0.94   0.96   0.48   0.43   0.70   0.88   0.87   0.19   0.74   0.94   0.67   0.97   0.25   0.47   0.27   0.67   0.20   0.17   0.40   0.25   0.29   0.90   0.94   0.37   0.88   0.92   0.20   0.89   0.65   0.23   0.44   0.85   0.18   0.91   0.23   0.81   0.43   0.62   0.58   0.63   0.30   0.52   0.98   0.91   0.15   0.11   0.64   0.34 
  0.82   0.50   0.54   0.94   0.12   0.71   0.89   0.81   0.28   0.69   0.62   0.39   0.76   0.91   0.62   0.74   0.66   0.27   0.94   0.98   0.94   0.80   0.34   0.63   0.17   0.63   0.56   0.53   0.64   0.66   0.16   0.92   0.36   0.53   0.80   0.57   0.67   0.77   0.71   0.25   0.85   0.22   0.42   0.97   0.40   0.61   0.47   0.12   0.50   0.15 
  0.53   0.66   0.83   0.25   0.19   0.75   0.89   0.70   0.42   0.12   0.43   0.53   0.51   0.20   0.51   0.59   0.91   0.81   0.75   0.64   0.69   0.45   0.27   0.46   0.76   0.69   0.86   0.45   0.53   0.40   0.78   0.35   0.72   0.54   0.58   0.37   0.45   0.71   0.89   0.91   0.83   0.44   0.56   0.86   0.15   0.67   0.61   0.51   0.83   0.11 
  0.54   0.19   0.48   0.38   0.27   0.30   0.79   0.94   0.31   0.17   0.63   0.53   0.29   0.39   0.36   0.28   0.51   0.34   0.41   0.14   0.87   0.79   0.69   0.35   0.41   0.22   0.69   0.63   0.73   0.83   0.14   0.60   0.95   0.65   0.92   0.85   0.74   0.31   0.33   0.32   0.48   0.81   0.47   0.57   0.82   0.72   0.18   0.52   0.18   0.10 
  0.83   0.42   0.70   0.94   0.50   0.35   0.70   0.25   0.65   0.72   0.49   0.39   0.73   0.32   0.38   0.25   0.83   0.37   0.24   0.85   0.22   0.62   0.38   0.38   0.38   0.20   0.39   0.40   0.67   0.35   0.20   0.19   0.34   0.19   0.40   0.12   0.19   0.82   0.36   0.34   0.58   0.68   0.44   0.75   0.47   0.29   0.17   0.69   0.97   0.44 
  0.13   0.28   0.94   0.76   0.79   0.96   0.13   0.25   0.90   0.23   0.10   0.46   0.45   0.21   0.62   0.71   0.64   0.47   0.30   0.19   0.76   0.74   0.73   0.64   0.82   0.42   0.79   0.33   0.63   0.12   0.12   0.14   0.54   0.23   0.74   0.27   0.44   0.64   0.24   0.45   0.85   0.67   0.88   0.47   0.88   0.12   0.39   0.38   0.82   0.88 
  0.60   0.90   0.15   0.47   0.72   0.72   0.47   0.30   0.59   0.55   0.93   0.99   0.73   0.75   0.17   0.59   0.85   0.56   0.50   0.50   0.77   0.64   0.49   0.13   0.91   0.85   0.98   0.71   0.85   0.33   0.40   0.64   0.86   0.73   0.79   0.71   0.75   0.85   0.29   0.47   0.24   0.22   0.70   0.53   0.77   0.13   0.65   0.49   0.67   0.67 
  0.70   0.77   0.98   0.65   0.47   0.58   0.28   0.73   0.12   0.81   0.25   0.68   0.95   0.68   0.88   0.88   0.90   0.58   0.83   0.58   0.47   0.66   0.49   0.36   0.60   0.75   0.57   0.12   0.41   0.23   0.39   0.33   0.87   0.21   0.88   0.92   0.40   0.74   0.55   0.97   0.43   0.44   0.52   0.90   0.99   0.57   0.39   0.91   0.95   0.97 
  0.23   0.12   0.96   0.76   0.52   0.25   0.81   0.94   0.75   0.13   0.60   0.82   0.29   0.80   0.66   0.84   0.33   0.77   0.58   0.66   0.33   0.71   0.34   0.93   0.43   0.39   0.79   0.72   0.77   0.83   0.23   0.24   0.24   0.77   0.10   0.18   0.91   0.36   0.22   0.23   0.53   0.37   0.95   0.50   0.43   0.88   0.19   0.70   0.16   0.27 
---
G_right: 50 49
  0.75   0.51   0.77   0.84   0.79   0.67   0.59   0.70   0.46   0.88   0.24   0.83   0.32   0.50   0.82   0.99   0.23   0.63   0.89   0.30   0.50   0.21   0.53   0.80   0.37   0.14   0.94   0.74   0.58   0.53   0.85   0.12   0.98   0.10   0.68   0.79   0.44   0.58   0.90   0.72   0.61   0.69   0.50   0.57   0.55   0.89   0.24   0.58   0.59 
  0.69   0.36   0.16   0.31   0.65   0.21   0.93   0.75   0.29   0.51   0.60   0.60   0.97   0.65   0.62   0.93   0.40   0.83   0.44   0.27   0.70   0.40   0.37   0.95   0.77   0.81   0.63   0.38   0.38   0.73   0.77   0.90   0.70   0.46   0.61   0.93   0.62   0.63   0.92   0.30   0.12   0.51   0.21   0.30   0.34   0.87   0.88   0.67   0.53 
  0.89   0.11   0.27   0.58   0.31   0.44   0.80   0.55   0.62   0.24   0.85   0.78   0.16   0.28   0.55   0.43   0.97   0.19   0.59   0.24   0.77   0.65   0.86   0.13   0.86   0.28   0.98   0.69   0.50   0.97   0.56   0.98   0.29   0.80   0.69   0.79   0.15   0.49   0.58   0.45   0.37   0.13   0.22   0.70   0.81   0.83   0.73   0.30   0.71 
  0.18   0.78   0.98   0.67   0.89   0.57   0.34   0.75   0.70   0.29   0.21   0.66   0.48   0.64   0.70   0.23   0.48   0.25   0.28   0.89   0.23   0.51   0.83   0.63   0.79   0.17   0.59   0.79   0.33   0.10   0.16   0.54   0.38   0.12   0.66   0.79   0.46   0.54   0.15   0.40   0.70   0.86   0.90   0.56   0.25   0.43   0.15   0.57   0.65 
  0.50   0.77   0.47   0.43   0.37   0.89   0.15   0.79   0.41   0.80   0.68   0.64   0.27   0.61   0.37   0.94   0.60   0.34   0.50   0.12   0.43   0.24   0.98   0.60   0.78   0.19   0.74   0.96   0.60   0.79   0.46   0.50   0.71   0.23   0.89   0.87   0.42   0.83   0.48   0.45   0.33   0.28   0.69   0.83   0.23   0.67   0.80   0.78   0.44 
  0.48   0.13   0.66   0.26   0.33   0.80   0.55   0.57   0.37   0.52   0.60   0.21   0.98   0.50   0.27   0.84   0.19   0.63   0.38   0.44   0.71   0.43   0.88   0.33   0.12   0.29   0.90   0.95   0.65   0.96   0.77   0.88   0.78   0.49   0.96   0.72   0.28   0.75   0.63   0.13   0.68   0.80   0.33   0.41   0.77   0.36   0.64   0.54   0.41 
  0.77   0.83   0.70   0.46   0.24   0.82   0.52   0.28   0.27   0.62   0.84   0.79   0.43   0.66   0.13   0.69   0.63   0.98   0.32   0.87   0.95   0.88   0.28   0.97   0.65   0.13   0.74   0.22   0.42   0.93   0.17   0.75   0.68   0.54   0.20   0.13   0.75   0.41   0.22   0.84   0.89   0.97   0.44   0.59   0.53   0.83   0.72   0.47   0.95 
  0.18   0.41   0.58   0.49   0.71   0.84   0.50   0.80   0.48   0.41   0.42   0.47   0.97   0.26   0.82   0.75   0.32   0.83   0.26   0.67   0.70   0.33   0.84   0.76   0.54   0.50   0.73   0.12   0.82   0.40   0.71   0.36   0.21   0.51   0.11   0.35   0.70   0.51   0.66   0.39   0.49   0.63   0.47   0.92   0.76   0.50   0.25   0.62   0.12 
  0.63   0.37   0.69   0.30   0.86   0.22   0.22   0.25   0.58   0.92   0.41   0.39   0.50   0.79   0.55   0.66   0.53   0.68   0.82   0.64   0.30   0.98   0.60   0.15   0.38   0.58   0.95   0.44   0.58   0.95   0.25   0.36   0.97   0.55   0.90   0.25   0.23   0.51   0.67   0.70   0.85   0.71   0.74   0.81   0.42   0.46   0.72   0.76   0.50 
  0.41   0.86   0.53   0.37   0.88   0.42   0.79   0.71   0.66   0.87   0.47   0.73   0.81   0.27   0.29   0.77   0.24   0.95   0.55   0.65   0.82   0.71   0.53   0.80   0.50   0.57   0.13   0.35   0.53   0.85   0.39   0.92   0.82   0.83   0.33   0.66   0.55   0.12   0.58   0.28   0.23   0.15   0.84   0.78   0.36   0.41   0.90   0.76   0.33 
  0.63   0.53   0.35   0.51   0.95   0.96   0.88   0.41   0.78   0.79   0.17   0.89   0.52   0.40   0.74   0.29   0.24   0.35   0.44   0.50   0.82   0.35   0.51   0.42   0.82   0.33   0.48   0.96   0.81   0.94   0.20   0.87   0.62   0.75   0.62   0.99   0.50   0.86   0.52   0.26   0.32   0.21   0.93   0.28   0.97   0.59   0.43   0.88   0.79 
  0.79   0.89   0.11   0.30   0.87   0.98   0.98   0.21   0.43   0.38   0.64   0.37   0.63   0.99   0.59   0.53   0.83   0.64   0.17   0.52   0.67   0.60   0.43   0.46   0.76   0.88   0.69   0.82   0.18   0.13   0.26   0.21   0.62   0.16   0.17   0.59   0.65   0.14   0.72   0.51   0.52   0.25   0.14   0.17   0.21   0.96   0.47   0.50   0.34 
  0.51   0.70   0.78   0.62   0.10   0.98   0.56   0.30   0.30   0.24   0.92   0.20   0.34   0.47   0.85   0.59   0.80   0.25   0.19   0.18   0.48   0.58   0.91   0.54   0.20   0.32   0.91   0.11   0.13   0.63   0.71   0.57   0.76   0.83   0.47   0.52   0.44   0.73   0.63   0.14   0.42   0.75   0.50   0.43   0.96   0.51   0.46   0.50   0.73 
  0.86   0.35   0.16   0.60   0.52   0.94   0.66   0.48   0.58   0.76   0.92   0.17   0.54   0.30   0.90   0.71   0.23   0.79   0.60   0.29   0.84   0.73   0.97   0.34   0.13   0.28   0.65   0.59   0.56   0.91   0.44   0.97   0.97   0.90   0.50   0.85   0.89   0.95   0.72   0.95   0.32   0.30   0.78   0.62   0.41   0.18   0.86   0.93   0.51 
  0.18   0.17   0.17   0.25   0.33   0.84   0.46   0.52   0.57   0.99   0.49   0.19   0.41   0.78   0.25   0.64   0.48   0.34   0.33   0.55   0.99   0.57   0.57   0.46   0.94   0.92   0.11   0.87   0.92   0.28   0.85   0.66   0.85   0.34   0.90   0.77   0.35   0.53   0.23   0.47   0.78   0.30   0.63   0.49   0.57   0.48   0.61   0.46   0.72 
  0.75   0.86   0.16   0.76   0.19   0.66   0.60   0.74   0.51   0.92   0.44   0.77   0.38   0.33   0.20   0.70   0.24   0.21   0.39   0.10   0.62   0.57   0.66   0.51   0.22   0.74   0.42   0.67   0.71   0.42   0.48   0.22   0.67   0.75   0.92   0.57   0.62   0.31   0.77   0.57   0.40   0.37   0.51   0.56   0.77   0.95   0.27   0.54   0.51 
  0.33   0.76   0.44   0.58   0.54   0.50   0.67   0.89   0.14   0.84   0.55   0.45   0.59   0.86   0.20   0.78   0.83   0.15   0.67   0.90   0.94   0.49   0.72   0.61   0.45   0.34   0.36   0.52   0.90   0.81   0.62   0.61   0.67   0.18   0.20   0.19   0.95   0.74   0.30   0.63   0.76   0.51   0.84   0.70   0.18   0.29   0.21   0.60   0.16 
  0.22   0.93   0.33   0.58   0.65   0.86   0.76   0.41   0.72   0.61   0.23   0.93   0.10   0.34   0.53   0.31   0.46   0.97   0.58   0.64   0.33   0.82   0.34   0.92   0.51   0.80   0.16   0.76   0.40   0.94   0.29   0.89   0.45   0.51   0.66   0.26   0.25   0.80   0.38   0.25   0.74   0.23   0.28   0.66   0.18   0.47   0.27   0.38   0.77 
  0.52   0.76   0.67   0.94   0.20   0.49   0.97   0.93   0.27   0.86   0.13   0.33   0.56   0.28   0.67   0.47   0.15   0.59   0.67   0.71   0.64   0.14   0.45   0.90   0.95   0.54   0.75   0.22   0.39   0.91   0.41   0.39   0.25   0.21   0.28   0.12   0.66   0.33   0.58   0.15   0.53   0.81   0.25   0.32   0.18   0.98   0.86   0.42   0.97 
  0.81   0.28   0.21   0.47   0.31   0.62   0.54   0.62   0.91   0.17   0.96   0.22   0.50   0.67   0.53   0.32   0.93   0.56   0.51   0.41   0.46   0.34   0.55   0.38   0.39   0.50   0.11   0.64   0.38   0.89   0.78   0.67   0.65   0.17   0.52   0.22   0.94   0.39   0.82   0.74   0.29   0.62   0.68   0.66   0.36   0.43   0.53   0.11   0.99 
  0.77   0.20   0.79   0.55   0.43   0.38   0.63   0.46   0.88   0.10   0.93   0.26   0.66   0.81   0.54   0.54   0.17   0.44   0.42   0.81   0.32   0.91   0.13   0.29   0.29   0.38   0.11   0.16   0.81   0.63   0.29   0.85   0.10   0.88   0.16   0.31   0.87   0.67   0.77   0.71   0.52   0.97   0.14   0.35   0.84   0.68   0.77   0.79   0.52 
  0.52   0.60   0.60   0.49   0.40   0.48   0.91   0.76   0.78   0.98   0.29   0.29   0.44   0.84   0.69   0.14   0.38   0.50   0.13   0.21   0.13   0.14   0.76   0.32   0.93   0.92   0.59   0.50   0.19   0.98   0.25   0.88   0.17   0.34   0.63   0.55   0.78   0.53   0.34   0.12   0.70   0.29   0.44   0.84   0.55   0.90   0.30   0.20   0.39 
  0.14   0.40   0.84   0.14   0.33   0.76   0.49   0.99   0.59   0.83   0.96   0.75   0.92   0.45   0.61   0.96   0.36   0.69   0.41   0.37   0.68   0.58   0.45   0.88   0.45   0.44   0.82   0.29   0.13   0.49   0.87   0.34   0.41   0.53   0.39   0.29   0.69   0.40   0.99   0.48   0.32   0.96   0.53   0.92   0.18   0.64   0.77   0.19   0.74 
  0.13   0.94   0.58   0.62   0.20   0.46   0.13   0.41   0.85   0.96   0.97   0.19   0.11   0.40   0.95   0.27   0.20   0.44   0.24   0.54   0.84   0.73   0.54   0.66   0.32   0.86   0.38   0.73   0.30   0.24   0.43   0.88   0.57   0.60   0.55   0.12   0.15   0.13   0.68   0.33   0.76   0.62   0.26   0.86   0.17   0.90   0.77   0.43   0.82 
  0.82   0.91   0.97   0.83   0.37   0.29   0.51   0.96   0.97   0.32   0.55   0.19   0.46   0.81   0.54   0.14   0.61   0.32   0.30   0.10   0.64   0.60   0.71   0.93   0.60   0.65   0.88   0.92   0.92   0.41   0.35   0.70   0.88   0.83   0.19   0.28   0.66   0.29   0.98   0.93   0.61   0.27   0.55   0.52   0.15   0.68   0.19   0.70   0.43 
  0.28   0.34   0.93   0.32   0.55   0.58   0.66   0.25   0.86   0.88   0.29   0.57   0.61   0.20   0.61   0.70   0.83   0.30   0.61   0.63   0.75   0.45   0.84   0.27   0.75   0.83   0.27   0.40   0.94   0.79   0.93   0.11   0.11   0.64   0.21   0.71   0.36   0.18   0.74   0.90   0.27   0.88   0.27   0.39   0.71   0.62   0.45   0.33   0.20 
  0.88   0.46   0.28   0.30   0.88   0.66   0.43   0.79   0.22   0.35   0.53   0.98   0.37   0.30   0.81   0.73   0.13   0.56   0.66   0.53   0.87   0.61   0.26   0.62   0.39   0.51   0.91   0.88   0.48   0.74   0.32   0.55   0.64   0.26   0.98   0.17   0.22   0.11   0.29   0.76   0.15   0.83   0.30   0.32   0.55   0.44   0.77   0.51   0.51 
  0.53   0.35   0.50   0.80   0.48   0.38   0.86   0.63   0.22   0.13   0.40   0.98   0.65   0.24   0.56   0.20   0.89   0.58   0.98   0.45   0.78   0.32   0.36   0.62   0.83   0.41   0.80   0.24   0.54   0.15   0.32   0.75   0.45   0.70   0.80   0.78   0.49   0.94   0.79   0.97   0.67   0.43   0.74   0.61   0.25   0.59   0.15   0.78   0.46 
  0.32   0.32   0.27   0.82   0.56   0.92   0.57   0.20   0.26   0.36   0.57   0.64   0.86   0.54   0.24   0.80   0.86   0.52   0.57   0.63   0.32   0.96   0.61   0.40   0.38   0.17   0.45   0.18   0.19   0.83   0.97   0.66   0.80   0.60   0.29   0.43   0.20   0.24   0.88   0.42   0.40   0.28   0.35   0.65   0.40   0.47   0.95   0.13   0.31 
  0.20   0.95   0.37   0.64   0.94   0.40   0.80   0.14   0.88   0.46   0.31   0.43   0.48   0.27   0.89   0.20   0.31   0.35   0.84   0.91   0.89   0.51   0.69   0.68   0.97   0.50   0.77   0.31   0.18   0.29   0.77   0.81   0.15   0.79   0.51   0.35   0.84   0.14   0.35   0.86   0.15   0.18   0.16   0.78   0.86   0.20   0.71   0.82   0.83 
  0.52   0.21   0.79   0.99   0.75   0.26   0.57   0.37   0.74   0.64   0.57   0.35   0.26   0.94   0.10   0.11   0.91   0.44   0.78   0.18   0.99   0.10   0.54   0.17   0.50   0.98   0.15   0.97   0.48   0.44   0.43   0.83   0.61   0.50   0.54   0.79   0.30   0.62   0.77   0.19   0.59   0.69   0.28   0.59   0.22   0.78   0.27   0.78   0.54 
  0.53   0.90   0.73   0.54   0.34   0.35   0.42   0.74   0.26   0.69   0.15   0.32   0.85   0.28   0.36   0.55   0.52   0.71   0.67   0.43   0.82   0.32   0.82   0.67   0.53   0.12   0.87   0.68   0.53   0.42   0.66   0.52   0.69   0.24   0.72   0.27   0.20   0.12   0.41   0.27   0.89   0.30   0.60   0.74   0.69   0.41   0.30   0.69   0.59 
  0.19   0.24   0.54   0.49   0.82   0.76   0.70   0.21   0.62   0.91   0.56   0.85   0.85   0.11   0.34   0.19   0.35   0.47   0.44   0.40   0.15   0.94   0.21   0.20   0.34   0.40   0.52   0.57   0.62   0.74   0.52   0.28   0.23   0.16   0.47   0.24   0.69   0.24   0.85   0.88   0.67   0.78   0.53   0.22   0.25   0.24   0.46   0.38   0.87 
  0.72   0.61   0.17   0.98   0.50   0.51   0.95   0.17   0.67   0.14   0.40   0.52   0.88   0.57   0.42   0.66   0.19   0.51   0.28   0.23   0.11   0.27   0.60   0.68   0.84   0.35   0.18   0.81   0.16   0.53   0.38   0.38   0.47   0.18   0.37   0.29   0.93   0.61   0.13   0.80   0.15   0.21   0.16   0.36   0.65   0.30   0.50   0.20   0.84 
  0.30   0.66   0.52   0.43   0.72   0.36   0.68   0.34   0.73   0.38   0.33   0.97   0.86   0.97   0.83   0.84   0.85   0.22   0.18   0.11   0.84   0.30   0.51   0.79   0.76   0.40   0.29   0.56   0.13   0.50   0.71   0.13   0.43   0.15   0.50   0.16   0.44   0.41   0.69   0.51   0.40   0.39   0.66   0.87   0.51   0.65   0.89   0.69   0.35 
  0.18   0.51   0.20   0.37   0.24   0.41   0.71   0.44   0.16   0.57   0.37   0.88   0.17   0.92   0.49   0.83   0.25   0.94   0.80   0.55   0.72   0.41   0.21   0.96   0.47   0.61   0.97   0.47   0.84   0.70   0.30   0.36   0.76   0.25   0.27   0.24   0.78   0.99   0.52   0.66   0.83   0.59   0.98   0.24   0.42   0.63   0.80   0.34   0.17 
  0.15   0.51   0.73   0.85   0.22   0.44   0.25   0.38   0.39   0.91   0.58   0.27   0.34   0.42   0.44   0.75   0.57   0.16   0.19   0.98   0.29   0.83   0.60   0.29   0.36   0.65   0.44   0.27   0.86   0.37   0.92   0.15   0.98   0.68   0.83   0.24   0.66   0.95   0.13   0.66   0.78   0.69   0.12   0.50   0.24   0.55   0.79   0.49   0.64 
  0.75   0.99   0.27   0.62   0.53   0.97   0.39   0.43   0.28   0.85   0.89   0.94   0.19   0.47   0.72   0.46   0.22   0.48   0.44   0.26   0.31   0.59   0.26   0.90   0.19   0.73   0.57   0.19   0.87   0.90   0.15   0.17   0.24   0.24   0.51   0.72   0.34   0.93   0.22   0.82   0.20   0.30   0.94   0.58   0.82   0.30   0.85   0.14   0.40 
  0.96   0.62   0.29   0.25   0.54   0.31   0.74   0.33   0.32   0.67   0.74   0.45   0.64   0.56   0.61   0.31   0.39   0.53   0.51   0.73   0.21   0.88   0.35   0.93   0.24   0.80   0.19   0.44   0.59   0.18   0.73   0.47   0.68   0.91   0.84   0.71   0.14   0.87   0.52   0.32   0.38   0.54   0.36   0.42   0.65   0.65   0.52   0.43   0.75 
  0.61   0.26   0.12   0.56   0.20   0.71   0.42   0.95   0.21   0.17   0.74   0.68   0.82   0.51   0.92   0.69   0.86   0.11   0.90   0.88   0.74   0.95   0.66   0.76   0.62   0.65   0.42   0.42   0.14   0.64   0.56   0.14   0.84   0.66   0.56   0.85   0.94   0.72   0.84   0.86   0.81   0.47   0.62   0.53   0.20   0.62   0.52   0.41   0.14 
  0.74   0.33   0.87   0.33   0.27   0.91   0.28   0.60   0.35   0.87   0.73   0.59   0.32   0.85   0.91   0.26   0.28   0.54   0.97   0.18   0.38   0.34   0.17   0.61   0.45   0.74   0.13   0.73   0.40   0.55   0.55   0.12   0.72   0.82   0.63   0.46   0.80   0.12   0.42   0.23   0.27   0.85   0.50   0.98   0.55   0.59   0.76   0.17   0.18 
  0.47   0.34   0.50   0.93   0.42   0.18   0.38   0.74   0.44   0.62   0.82   0.27   0.65   0.77   0.87   0.95   0.65   0.15   0.20   0.93   0.31   0.84   0.97   0.19   0.88   0.80   0.92   0.92   0.84   0.89   0.78   0.57   0.40   0.36   0.95   0.94   0.48   0.16   0.56   0.10   0.94   0.87   0.91   0.41   0.64   0.68   0.57   0.68   0.34 
  0.16   0.18   0.18   0.51   0.96   0.11   0.69   0.70   0.46   0.27   0.44   0.61   0.80   0.43   0.23   0.24   0.89   0.21   0.68   0.99   0.12   0.33   0.41   0.50   0.98   0.76   0.76   0.14   0.17   0.22   0.30   0.65   0.66   0.64   0.44   0.21   0.73   0.97   0.65   0.52   0.96   0.25   0.18   0.30   0.93   0.93   0.50   0.85   0.59 
  0.29   0.27   0.37   0.58   0.85   0.23   0.14   0.12   0.45   0.30   0.63   0.60   0.79   0.38   0.84   0.59   0.82   0.42   0.61   0.64   0.68   0.83   0.98   0.90   0.68   0.51   0.35   0.60   0.94   0.27   0.80   0.60   0.73   0.14   0.44   0.97   0.37   0.39   0.31   0.34   0.51   0.98   0.44   0.86   0.38   0.76   0.79   0.39   0.76 
  0.45   0.52   0.98   0.75   0.85   0.44   0.20   0.98   0.12   0.25   0.17   0.65   0.16   0.88   0.95   0.55   0.63   0.22   0.30   0.66   0.63   0.30   0.30   0.53   0.53   0.52   0.37   0.59   0.40   0.45   0.42   0.44   0.60   0.63   0.30   0.84   0.18   0.56   0.86   0.77   0.77   0.68   0.25   0.69   0.84   0.86   0.87   0.78   0.11 
  0.10   0.67   0.11   0.93   0.77   0.69   0.39   0.71   0.38   0.26   0.12   0.88   0.45   0.98   0.60   0.21   0.86   0.11   0.69   0.50   0.90   0.36   0.65   0.33   0.96   0.16   0.19   0.97   0.60   0.17   0.25   0.81   0.77   0.62   0.78   0.24   0.17   0.91   0.40   0.71   0.22   0.73   0.87   0.32   0.20   0.99   0.55   0.93   0.28 
  0.73   0.86   0.37   0.89   0.71   0.30   0.92   0.66   0.35   0.57   0.48   0.44   0.39   0.23   0.88   0.67   0.73   0.70   0.13   0.61   0.88   0.57   0.96   0.86   0.18   0.30   0.55   0.28   0.78   0.19   0.72   0.66   0.93   0.84   0.58   0.52   0.26   0.48   0.86   0.90   0.96   0.79   0.74   0.49   0.57   0.70   0.14   0.50   0.44 
  0.50   0.92   0.13   0.24   0.50   0.21   0.61   0.87   0.30   0.81   0.14   0.23   0.39   0.27   0.96   0.22   0.24   0.76   0.22   0.48   0.95   0.77   0.15   0.33   0.63   0.42   0.59   0.76   0.70   0.95   0.64   0.74   0.59   0.96   0.43   0.48   0.92   0.26   0.12   0.27   0.59   0.62   0.54   0.48   0.58   0.39   0.22   0.41   0.15 
  0.88   0.65   0.39   0.87   0.17   0.92   0.28   0.30   0.23   0.64   0.14   0.42   0.21   0.87   0.46   0.77   0.63   0.84   0.53   0.42   0.40   0.76   0.91   0.11   0.70   0.14   0.30   0.42   0.37   0.12   0.89   0.69   0.13   0.48   0.80   0.44   0.20   0.87   0.72   0.20   0.48   0.94   0.39   0.42   0.21   0.12   0.74   0.25   0.84 
  0.60   0.70   0.29   0.80   0.18   0.69   0.16   0.90   0.60   0.65   0.87   0.65   0.24   0.77   0.38   0.59   0.11   0.88   0.34   0.62   0.11   0.37   0.22   0.71   0.97   0.30   0.37   0.37   0.16   0.93   0.27   0.61   0.39   0.46   0.48   0.42   0.62   0.28   0.95   0.29   0.90   0.53   0.10   0.79   0.73   0.88   0.91   0.10   0.34 
---
G_diag: 49 49
  6.86   6.31   5.65   5.18   9.42   9.33   9.21   3.51   5.62   5.76   3.10   8.32   7.04   7.58   2.48   7.31   4.24   8.43   4.22   9.52   5.10   2.37   7.80   4.15   2.17   3.61   9.13   3.89   4.81   5.76   4.36   3.29   2.96   2.17   6.27   9.75   8.07   5.04   3.92   4.33   9.80   8.61   3.05   7.20   4.61   6.01   8.42   6.42   2.55 
  8.88   6.64   6.75   6.01   7.63   5.10   3.14   3.65   2.23   8.36   8.10   4.33   3.25   3.12   2.75   3.93   4.63   7.81   9.60   4.53   4.94   3.16   3.80   8.51   8.37   3.58   3.45   4.34   4.00   6.27   5.96   7.23   8.75   3.53   3.79   3.69   8.38   4.16   4.17   2.62   6.40   5.52   8.10   9.14   4.20   2.58   5.25   3.64   4.08 
  3.39   6.94   5.42   5.25   5.56   4.62   2.17   8.86   7.92   7.72   5.21   7.11   9.00   3.45   6.17   8.66   3.78   9.86   7.26   2.63   9.11   6.59   9.06   8.13   8.82   4.76   4.32   9.66   8.65   5.51   2.50   7.69   4.41   4.17   5.03   9.81   9.58   2.28   9.03   6.19   6.13   4.81   2.95   4.25   2.32   9.04   5.78   9.82   8.28 
  4.06   6.70   2.64   9.30   4.91   4.11   3.25   6.18   7.02   8.89   5.53   6.15   3.43   5.64   9.19   9.68   4.43   7.11   8.56   5.68   5.72   4.23   6.36   2.93   4.01   4.71   3.93   4.41   3.45   6.24   5.94   9.60   8.89   8.21   8.58   3.35   7.26   4.04   4.12   4.92   5.84   6.82   6.94   8.77   7.07   2.48   6.57   4.37   9.58 
  3.72   3.98   2.58   5.93   5.81   8.39   7.32   3.52   8.07   8.41   5.09   2.63   2.97   8.37   5.15   3.41   5.83   3.61   7.07   7.13   4.58   8.49   2.64   3.84   5.29   4.12   7.98   4.71   8.76   5.33   6.29   7.47   2.43   7.06   8.50   4.85   9.21   4.52   6.79   8.82   7.95   9.58   5.30   5.77   5.36   3.65   2.54   9.33   3.85 
  9.42   9.63   8.17   3.82   8.99   6.07   3.28   2.81   3.17   4.94   6.19   6.83   6.71   8.06   4.84   2.95   7.25   8.49   9.64   2.17   8.42   2.91   8.10   2.32   9.69   9.63   8.47   5.50   7.16   9.01   2.32   6.12   5.49   8.75   5.77   3.51   5.52   9.15   7.09   7.75   7.31   2.92   4.91   8.80   3.50   2.15   6.92   7.26   9.82 
  2.70   4.59   6.03   7.51   5.94   6.39   5.08   4.63   8.74   6.75   8.84   7.19   4.78   8.78   3.91   3.74   3.16   3.66   9.32   9.11   8.36   4.10   7.72   2.60   7.27   4.39   8.91   5.65   5.33   8.05   6.97   5.77   2.50   2.16   8.11   3.99   3.53   6.24   2.96   3.11   3.24   4.08   3.58   2.30   5.55   9.02   4.13   2.31   4.72 
  2.68   7.03   4.86   4.13   3.22   3.69   8.66   8.75   4.43   7.18   5.14   5.58   8.24   9.39   3.45   6.28   6.44   7.96   5.35   7.78   2.42   8.07   5.96   7.45   8.72   6.84   6.32   2.60   5.60   4.98   7.50   9.83   3.84   8.54   3.61   3.27   2.22   9.62   6.99   4.85   2.15   6.90   7.85   3.38   3.98   3.19   9.55   6.97   4.06 
  6.32   8.68   9.71   4.25   7.44   9.18   8.98   2.82   8.60   6.38   3.73   9.63   8.91   7.80   7.79   2.91   7.46   3.54   8.59   6.17   3.91   3.77   5.00   8.97   6.60   3.57   6.33   5.54   2.95   9.74   7.43   7.58   6.52   9.69   8.49   2.48   3.00   6.15   9.24   6.42   4.55   8.68   5.90   2.25   7.35   7.52   7.18   2.97   4.80 
  7.26   9.17   3.72   6.00   2.17   8.45   4.14   6.42   2.87   5.11   3.94   8.84   2.11   8.70   6.60   7.07   7.28   7.50   4.95   3.11   8.11   9.35   4.83   2.71   4.95   4.49   7.17   9.16   8.93   4.78   2.39   3.25   4.58   6.23   6.36   2.42   9.01   2.42   9.01   6.59   6.98   4.69   4.35   9.80   6.18   7.91   4.85   2.13   6.40 
  3.65   6.41   5.95   2.28   3.57   2.31   9.01   6.31   2.39   4.97   5.55   7.50   2.57   9.77   7.29   7.34   7.29   8.44   4.01   3.46   3.44   8.54   2.17   5.46   5.41   6.96   7.00   3.60   5.79   4.77   3.59   8.13   7.48   4.20   6.68   3.90   4.06   5.77   4.23   6.63   5.86   9.87   5.82   6.30   3.86   7.40   7.48   3.18   4.26 
  2.13   6.45   4.27   8.05   5.09   2.26   2.12   3.21   3.83   6.77   4.22   6.58   4.93   8.64   9.07   6.52   8.33   4.02   6.65   6.37   8.99   3.00   2.29   3.45   4.07   4.72   4.46   8.58   9.28   3.55   8.74   9.55   2.75   6.28   5.45   9.82   6.30   6.54   9.62   3.07   5.84   9.10   4.18   3.15   3.29   8.20   4.88   4.91   5.39 
  6.98   8.21   3.55   5.76   4.35   5.67   7.97   3.84   3.85   2.45   5.47   6.59   6.84   6.90   6.37   8.37   7.23   7.47   6.13   9.69   6.33   9.36   9.40   4.25   3.76   5.12   3.02   9.81   3.14   5.38   6.23   7.75   7.23   7.35   4.32   6.33   9.44   2.35   6.63   7.04   6.45   4.10   8.12   4.59   6.78   5.78   4.34   7.56   4.00 
  8.10   3.97   8.27   9.39   8.06   6.29   8.62   8.41   6.93   3.52   8.96   7.94   8.34   2.29   7.23   4.89   8.51   7.53   2.19   2.32   3.77   2.21   2.85   3.75   4.60   9.73   5.29   3.73   6.68   6.39   7.11   2.22   4.39   3.63   9.44   5.05   5.89   9.81   2.67   8.00   2.58   5.70   4.46   3.26   9.49   2.73   4.28   2.87   4.66 
  9.83   4.03   9.06   7.87   5.60   2.75   9.66   2.32   9.32   7.33   3.81   2.83   7.26   4.79   9.78   2.39   8.07   6.23   7.13   5.55   4.14   4.36   3.46   9.17   4.45   7.50   7.08   8.86   2.16   5.40   6.34   9.37   9.61   5.73   8.42   3.33   8.29   3.10   2.83   4.37   6.61   3.84   5.15   8.66   7.97   9.64   9.89   5.64   6.48 
  3.18   9.36   4.52   2.69   2.56   8.46   7.08   6.33   2.74   7.09   8.31   8.90   3.10   8.67   2.33   6.49   8.18   7.94   8.02   6.90   2.46   6.99   4.55   8.75   3.85   9.55   8.45   2.19   7.19   4.28   3.30   7.84   3.32   7.04   9.88   9.59   9.28   5.13   2.95   6.95   7.02   3.10   4.99   5.70   3.96   3.07   6.98   5.06   9.55 
  6.56   2.31   2.33   9.36   5.00   8.33   6.65   3.85   5.61   8.63   6.55   3.30   5.95   3.10   3.21   2.69   6.27   4.37   2.54   7.55   6.79   6.18   4.45   7.22   2.61   3.46   5.68   7.17   6.31   7.00   6.56   9.51   3.03   8.61   7.24   5.62   3.31   9.56   6.61   9.80   5.12   2.46   8.75   4.26   8.85   3.61   4.30   8.52   6.05 
  6.17   5.36   8.50   5.30   7.29   6.26   6.04   3.12   6.02   5.77   7.75   7.26   7.39   3.24   4.93   7.33   6.79   4.27   7.56   6.63   2.97   3.70   6.46   6.54   7.59   4.36   9.25   6.55   2.55   3.27   4.08   3.46   6.03   6.94   7.45   7.02   9.02   4.05   9.75   6.10   3.19   3.35   2.71   8.49   4.09   3.44   3.77   3.79   5.01 
  5.34   3.09   5.06   8.64   3.41   3.81   9.07   6.10   9.19   3.57   3.27   8.60   6.34   6.33   9.59   6.66   6.12   3.07   5.07   6.78   6.40   2.56   7.13   6.40   3.48   3.47   2.18   5.10   8.34   4.44   9.39   5.27   6.36   2.35   3.94   6.89   7.88   8.96   6.99   8.89   5.08   3.72   2.80   3.13   3.17   9.72   5.23   6.14   4.96 
  7.60   8.98   3.94   4.25   7.45   5.16   5.67   3.81   5.39   6.37   4.61   4.94   7.60   9.32   9.86   5.26   8.05   7.34   6.60   5.74   7.36   3.88   2.58   3.50   4.20   6.36   4.38   6.64   3.30   3.20   4.86   9.40   6.99   8.84   9.12   6.42   7.13   4.88   3.82   9.44   5.21   9.31   4.78   6.44   4.47   5.04   5.41   5.78   5.20 
  5.35   5.54   9.46   8.00   9.87   2.81   8.52   7.93   8.04   3.17   3.03   7.41   2.57   3.66   8.44   2.70   5.79   4.45   5.38   2.13   5.61   8.98   8.85   3.98   3.37   9.48   8.64   9.21   9.71   3.83   5.64   5.64   4.93   3.72   5.20   4.67   7.70   2.86   9.87   6.24   6.79   4.18   5.98   3.99   4.60   4.05   9.66   7.14   6.58 
  5.95   5.43   7.95   7.99   4.27   7.17   6.23   5.82   8.58   6.28   3.28   6.51   2.70   4.65   9.06   4.56   7.54   4.17   4.21   6.75   4.15   6.66   3.02   4.69   8.17   2.53   2.65   2.13   4.41   7.31   3.22   4.07   2.73   9.61   3.75   6.80   5.25   8.35   7.06   7.94   4.56   9.74   3.73   4.30   6.61   9.48   2.97   4.39   5.65 
  9.51   5.20   2.18   8.72   3.41   7.75   7.90   3.87   2.55   6.36   7.39   2.25   3.13   5.20   9.70   6.06   2.62   5.98   2.76   4.61   2.14   8.87   9.17   2.23   4.33   9.62   9.30   7.55   7.42   2.76   5.07   4.79   6.82   7.56   7.06   2.79   2.12   2.89   3.07   5.35   3.21   9.58   3.60   6.23   4.82   8.37   8.74   9.85   6.71 
  6.57   4.51   9.26   2.41   7.03   6.31   2.69   3.05   9.29   2.31   8.89   4.87   4.74   5.37   4.24   3.85   6.85   8.90   3.62   2.73   9.15   9.42   6.02   9.35   4.16   5.62   4.32   9.86   7.18   8.00   4.89   7.51   4.42   4.82   4.80   7.19   7.80   2.30   8.89   9.43   9.28   7.50   8.49   6.06   3.66   2.82   6.89   2.43   5.00 
  2.12   8.67   7.26   9.54   4.85   9.27   6.56   2.52   8.94   3.06   6.78   6.41   8.77   5.06   4.37   8.38   5.65   9.19   7.99   3.79   6.94   8.21   2.38   6.40   9.14   6.88   5.28   3.93   4.76   3.63   2.63   4.65   4.42   6.37   7.34   9.23   6.86   5.64   8.06   2.72   7.00   3.60   4.87   4.34   5.06   5.17   7.00   9.49   8.45 
  2.23   9.32   8.40   6.91   6.31   8.97   9.62   5.77   6.58   2.61   9.60   7.92   8.10   8.61   4.94   7.72   4.38   3.96   5.67   9.41   5.50   5.47   5.16   7.95   3.75   5.70   7.81   2.19   3.78   5.49   8.63   7.68   8.51   5.74   7.67   7.14   5.50   4.92   9.05   5.63   3.26   4.47   9.66   7.01   4.34   2.91   2.12   6.89   4.31 
  3.83   2.58   7.16   6.17   8.87   2.41   2.23   4.43   4.31   3.72   8.11   3.26   5.12   6.67   8.20   7.48   4.88   4.90   4.94   5.18   2.47   5.67   9.05   2.32   4.85   4.58   9.33   8.91   9.26   5.90   5.23   5.64   8.31   2.23   8.61   5.04   7.77   8.75   7.74   9.78   7.09   8.59   2.85   8.46   4.90   3.95   3.81   4.89   6.07 
  2.79   7.06   8.58   3.67   6.63   8.00   9.06   7.19   6.47   6.49   6.43   5.89   7.54   5.92   3.96   9.28   2.46   4.94   8.51   8.58   7.62   7.04   7.37   4.94   6.31   2.20   3.17   6.22   3.70   2.87   8.31   8.28   8.13   5.93   9.30   6.09   2.67   3.95   2.25   9.00   4.21   8.64   6.68   4.44   3.50   6.78   8.16   5.76   7.59 
  6.18   6.61   8.41   6.09   2.34   5.11   2.99   5.77   4.40   2.42   3.23   8.74   6.75   6.51   8.02   4.01   2.31   6.97   4.26   4.43   2.57   2.69   7.64   7.12   3.32   8.35   4.50   7.01   5.45   5.17   9.82   4.87   4.68   5.27   2.99   3.24   7.71   5.96   2.26   3.52   7.51   4.18   8.09   9.23   7.64   9.00   9.13   9.83   3.70 
  5.25   7.10   8.21   7.38   6.59   5.37   8.87   5.50   5.64   3.85   8.14   3.40   9.40   6.00   3.62   9.57   7.20   3.09   2.95   9.45   3.70   7.26   3.38   4.24   4.64   5.88   4.50   2.55   8.13   7.81   7.74   3.83   8.08   2.72   6.77   5.13   7.31   9.18   3.45   7.49   3.29   8.98   9.24   5.57   8.96   2.35   8.44   3.57   7.87 
  5.40   8.09   8.74   3.72   6.23   7.73   2.26   3.63   7.52   7.27   4.93   7.33   3.30   4.37   6.54   3.12   6.11   3.98   6.96   9.28   5.33   2.42   8.56   6.08   4.73   9.72   2.11   6.07   9.60   6.05   7.44   9.35   8.04   2.51   6.64   2.71   3.44   6.14   9.45   7.93   6.63   5.84   8.24   2.48   7.61   8.92   4.24   6.54   6.66 
  9.68   6.93   5.79   9.64   5.22   7.81   4.00   4.84   3.52   4.07   4.32   8.80   7.88   3.01   8.43   9.14   9.86   8.07   6.04   7.14   5.59   6.43   3.70   6.68   3.23   7.21   4.79   9.64   6.42   2.39   7.72   7.52   2.94   7.95   9.86   8.52   2.44   9.38   5.92   8.55   2.13   4.90   4.51   6.77   8.98   6.52   5.14   4.26   5.20 
  7.64   3.98   8.26   2.52   5.55   8.87   8.63   6.09   7.94   4.68   7.28   6.59   7.00   6.23   4.78   9.12   6.77   6.66   4.46   4.38   4.16   2.73   7.64   2.35   3.30   8.76   2.65   5.90   5.54   4.31   3.26   4.52   5.54   3.31   8.17   6.97   7.00   2.97   9.28   8.58   9.39   6.06   6.07   3.57   2.63   8.92   7.05   6.53   7.74 
  8.12   2.15   8.24   9.57   5.11   5.38   2.70   2.53   3.00   2.67   2.64   3.39   9.45   8.24   5.78   3.50   7.89   6.94   3.59   3.54   8.77   4.97   8.36   4.68   3.36   6.99   3.36   8.29   3.60   3.86   8.81   3.41   8.38   8.69   4.81   4.77   3.20   8.56   3.64   2.21   2.59   3.67   8.67   4.64   7.74   3.27   6.26   4.81   7.09 
  9.63   9.50   3.20   5.87   4.15   9.36   3.72   4.92   8.05   7.83   3.75   5.09   3.40   6.88   8.32   2.17   2.74   5.19   4.04   9.02   3.29   6.72   7.31   2.35   5.81   8.20   2.17   6.43   5.50   9.86   6.78   9.40   5.56   8.07   3.04   2.82   9.42   2.25   6.32   3.40   5.42   4.46   5.22   3.02   9.45   6.65   4.56   3.46   3.58 
  2.14   7.47   6.89   5.26   6.03   6.65   5.63   5.78   9.81   3.46   6.05   4.99   4.50   5.83   3.22   5.08   5.93   4.05   5.86   8.01   8.62   5.83   2.53   7.46   6.05   7.32   6.37   3.39   3.56   8.75   2.31   5.69   8.42   3.20   5.28   3.75   8.47   6.25   8.46   8.44   5.39   7.02   9.40   5.56   6.50   7.43   8.38   6.45   4.20 
  5.72   4.76   4.21   9.63   5.73   3.37   3.95   9.89   7.81   5.29   4.53   8.13   3.58   7.06   9.63   9.87   6.33   5.01   6.90   5.39   4.23   9.21   7.61   6.24   7.55   6.71   6.14   2.47   7.54   7.38   3.64   6.46   7.77   9.37   5.58   9.55   6.27   3.16   7.18   9.66   4.05   6.93   5.99   5.12   9.20   9.64   4.29   9.47   3.72 
  9.50   9.68   5.71   9.73   8.95   2.29   2.69   8.77   7.83   6.05   2.97   2.77   2.85   6.12   7.02   3.05   5.57   7.52   8.77   5.37   8.20   6.30   6.62   8.29   2.29   2.59   5.90   7.57   7.87   3.26   4.97   6.00   7.92   6.52   5.78   6.22   5.36   7.72   5.17   3.88   2.98   2.19   5.87   9.78   5.86   4.51   5.68   3.04   6.10 
  2.63   6.99   4.41   9.41   3.24   5.37   7.99   7.00   4.91   3.26   8.55   2.46   7.55   4.01   7.05   4.80   3.15   8.06   2.86   2.95   2.67   5.00   2.57   5.73   7.73   4.05   8.00   7.40   2.69   8.02   2.48   7.81   9.46   7.16   9.75   6.39   5.45   2.76   5.46   8.47   3.30   8.94   3.28   2.21   5.66   4.89   3.16   8.40   7.66 
  4.66   5.52   4.18   5.50   2.97   5.44   4.42   8.39   2.63   6.70   9.89   2.82   5.30   5.83   3.29   5.42   9.52   4.39   7.39   8.91   9.22   2.38   8.49   4.47   6.02   6.67   4.89   4.07   9.47   8.50   5.38   5.43   4.67   7.89   9.16   5.19   8.63   5.16   9.58   6.26   4.11   4.96   2.55   7.66   2.42   4.52   5.37   7.03   5.89 
  3.44   5.62   6.09   9.86   7.98   9.32   4.59   3.03   8.18   7.63   5.81   3.48   3.99   8.17   2.17   7.13   2.73   5.92   4.77   3.10   8.75   5.07   8.18   3.45   4.10   9.64   2.44   4.29   5.55   8.96   8.62   7.70   8.75   3.12   7.69   4.30   4.87   7.76   3.83   4.17   4.16   3.81   9.44   4.75   5.92   9.72   9.15   4.73   5.20 
  3.04   9.12   9.60   8.23   2.62   7.82   3.67   4.56   6.87   4.21   5.36   9.13   8.54   7.78   2.54   9.03   2.60   6.13   8.44   6.53   8.39   9.72   8.88   6.83   2.73   9.03   8.81   6.83   6.47   8.43   5.35   5.29   5.61   4.42   6.36   4.98   7.82   3.98   2.68   3.95   2.30   4.58   4.15   7.79   7.91   9.70   5.45   6.81   2.84 
  4.74   2.94   8.19   9.38   2.35   5.53   8.39   7.79   6.19   7.11   6.22   3.49   2.33   8.29   9.48   3.90   9.14   3.39   9.40   8.39   2.73   6.54   7.70   2.74   2.93   9.74   7.07   7.85   4.10   8.70   6.60   3.59   6.81   7.89   9.13   7.93   9.23   4.34   8.29   8.67   2.29   2.52   9.23   2.69   5.56   4.38   9.68   6.06   2.56 
  2.82   7.56   9.39   4.41   8.71   9.76   7.52   7.94   9.29   8.56   3.64   2.49   2.57   7.30   9.64   6.89   9.84   2.63   6.44   9.16   5.47   8.97   3.22   7.79   8.36   5.57   4.32   5.70   7.66   3.72   8.41   6.37   6.46   4.42   9.10   4.30   2.61   6.70   5.39   5.75   3.35   9.43   6.63   7.14   4.27   5.71   9.49   9.51   4.44 
  7.56   8.36   4.59   4.46   4.05   5.50   7.95   3.98   8.17   2.86   7.29   7.13   4.70   7.38   6.25   4.72   8.51   2.63   6.25   7.61   2.86   5.98   7.02   2.98   5.46   8.19   5.48   2.29   2.23   5.57   8.85   4.87   5.21   2.19   7.22   4.78   9.22   7.49   5.99   9.38   6.56   8.24   4.10   3.47   8.72   9.73   8.20   5.51   8.01 
  7.67   5.47   3.76   9.20   3.04   5.43   7.31   2.26   2.82   7.66   4.69   6.55   8.37   9.26   3.59   3.63   2.26   5.45   4.64   8.97   3.62   4.06   2.50   5.93   5.64   4.92   4.86   7.29   5.38   4.51   4.13   5.87   9.65   3.40   7.95   4.67   8.24   2.34   4.70   7.59   7.46   9.73   6.62   6.90   7.52   2.53   6.46   9.27   7.76 
  8.47   6.76   8.94   9.63   7.12   6.60   3.94   2.67   7.62   4.39   9.26   7.42   7.44   9.45   6.54   2.36   6.33   3.90   5.56   3.52   4.54   3.53   5.90   5.48   3.05   9.74   4.84   3.86   7.82   3.00   5.36   3.68   5.68   8.28   8.17   6.25   7.30   8.48   9.49   7.93   3.45   7.46   8.09   2.28   4.17   4.14   4.91   4.03   5.51 
  9.64   6.25   8.45   9.53   5.18   8.02   3.86   9.03   2.53   7.54   7.92   6.39   8.16   8.83   2.79   4.40   8.45   6.11   8.13   5.31   5.88   3.87   7.37   9.69   7.17   5.85   5.57   2.11   3.90   6.55   2.50   4.91   5.68   4.12   3.69   5.83   6.58   7.38   3.87   9.53   2.55   7.12   6.48   3.62   4.98   7.25   5.58   9.75   7.41 
  9.61   3.55   8.69   9.23   7.05   8.13   8.50   3.44   9.78   6.81   5.16   7.84   9.73   9.18   4.27   6.15   8.63   2.86   3.33   4.39   2.53   7.75   9.13   9.19   7.35   2.39   5.29   4.00   8.93   7.75   5.51   6.56   9.40   3.49   2.21   6.18   6.45   4.62   7.20   7.51   3.11   3.53   7.48   7.28   4.63   5.10   4.76   4.93   3.31 
---
