G_down: 49 50
  0.86   0.45   0.88   0.49   0.42   0.11   0.18   0.69   0.94   0.70   0.62   0.46   0.40   0.64   0.42   0.93   0.43   0.90   0.84   0.42   0.70   0.95   0.78   0.80   0.86   0.77   0.87   0.38   0.81   0.63   0.55   0.88   0.94   0.51   0.85   0.74   0.44   0.52   0.96   0.15   0.80   0.58   0.23   0.84   0.58   0.33   0.83   0.25   0.38   0.38 
  0.11   0.86   0.33   0.54   0.53   0.71   0.91   0.26   0.74   0.29   0.63   0.91   0.90   0.37   0.57   0.55   0.38   0.69   0.18   0.87   0.59   0.82   0.93   0.92   0.72   0.25   0.80   0.27   0.57   0.53   0.80   0.38   0.91   0.53   0.81   0.98   0.88   0.97   0.31   0.64   0.42   0.14   0.25   0.42   0.54   0.35   0.34   0.83   0.79   0.63 
  0.19   0.86   0.27   0.84   0.16   0.23   0.75   0.97   0.88   0.67   0.62   0.60   0.63   0.49   0.95   0.19   0.69   0.24   0.81   0.44   0.70   0.75   0.32   0.82   0.57   0.44   0.26   0.37   0.46   0.76   0.55   0.32   0.63   0.53   0.14   0.62   0.36   0.60   0.75   0.80   0.60   0.42   0.48   0.50   0.76   0.78   0.42   0.12   0.98   0.22 
  0.17   0.59   0.71   0.48   0.50   0.45   0.79   0.20   0.95   0.43   0.34   0.12   0.28   0.95   0.30   0.33   0.45   0.75   0.75   0.38   0.85   0.87   0.97   0.97   0.11   0.12   0.87   0.34   0.15   0.88   0.40   0.83   0.86   0.81   0.65   0.46   0.54   0.76   0.35   0.48   0.83   0.45   0.63   0.83   0.81   0.22   0.42   0.59   0.35   0.89 
  0.23   0.57   0.30   0.33   0.34   0.89   0.67   0.15   0.42   0.64   0.55   0.23   0.38   0.18   0.21   0.71   0.94   0.29   0.64   0.66   0.56   0.70   0.81   0.87   0.67   0.39   0.19   0.47   0.95   0.18   0.71   0.62   0.96   0.61   0.15   0.49   0.45   0.24   0.31   0.92   0.58   0.68   0.77   0.72   0.81   0.70   0.26   0.94   0.75   0.38 
  0.78   0.28   0.41   0.96   0.15   0.35   0.41   0.59   0.19   0.18   0.24   0.49   0.51   0.32   0.87   0.69   0.72   0.24   0.68   0.72   0.81   0.72   0.71   0.62   0.80   0.68   0.95   0.36   0.96   0.89   0.52   0.32   0.98   0.77   0.73   0.51   0.85   0.93   0.54   0.79   0.76   0.38   0.40   0.11   0.18   0.92   0.39   0.79   0.73   0.27 
  0.76   0.51   0.15   0.97   0.74   0.91   0.61   0.46   0.66   0.83   0.43   0.93   0.60   0.67   0.92   0.43   0.23   0.88   0.39   0.48   0.86   0.72   0.23   0.82   0.44   0.46   0.71   0.22   0.40   0.24   0.38   0.12   0.46   0.58   0.56   0.31   0.35   0.74   0.90   0.53   0.43   0.95   0.27   0.26   0.31   0.59   0.25   0.52   0.83   0.63 
  0.76   0.70   0.73   0.15   0.79   0.30   0.13   0.94   0.60   0.35   0.31   0.46   0.34   0.96   0.33   0.57   0.85   0.53   0.60   0.48   0.60   0.23   0.92   0.42   0.72   0.98   0.82   0.31   0.51   0.94   0.76   0.32   0.23   0.45   0.79   0.50   0.87   0.94   0.28   0.91   0.62   0.78   0.11   0.76   0.54   0.54   0.53   0.82   0.24   0.86 
  0.81   0.47   0.66   0.62   0.42   0.26   0.40   0.57   0.40   0.93   0.53   0.59   0.36   0.69   0.71   0.33   0.32   0.36   0.18   0.83   0.28   0.30   0.43   0.77   0.74   0.56   0.73   0.35   0.13   0.57   0.15   0.34   0.50   0.32   0.15   0.64   0.46   0.56   0.21   0.38   0.17   0.30   0.70   0.86   0.51   0.29   0.94   0.90   0.47   0.63 
  0.15   0.81   0.62   0.50   0.48   0.60   0.29   0.38   0.34   0.32   0.32   0.55   0.33   0.18   0.53   0.62   0.87   0.31   0.76   0.18   0.72   0.36   0.41   0.87   0.17   0.84   0.96   0.32   0.65   0.84   0.65   0.61   0.70   0.31   0.94   0.33   0.56   0.38   0.44   0.39   0.28   0.68   0.93   0.87   0.97   0.38   0.57   0.69   0.53   0.54 
  0.89   0.11   0.53   0.66   0.21   0.42   0.85   0.29   0.98   0.53   0.18   0.15   0.36   0.78   0.53   0.57   0.48   0.94   0.24   0.71   0.18   0.87   0.71   0.94   0.52   0.41   0.84   0.17   0.11   0.73   0.58   0.73   0.15   0.45   0.85   0.53   0.13   0.24   0.86   0.54   0.25   0.24   0.38   0.36   0.51   0.23   0.50   0.13   0.19   0.70 
  0.80   0.37   0.84   0.41   0.88   0.65   0.63   0.92   0.21   0.79   0.58   0.24   0.58   0.93   0.49   0.25   0.63   0.49   0.35   0.36   0.36   0.13   0.77   0.79   0.51   0.15   0.68   0.65   0.72   0.72   0.63   0.39   0.54   0.58   0.46   0.19   0.58   0.47   0.35   0.79   0.23   0.41   0.64   0.33   0.45   0.66   0.62   0.40   0.71   0.86 
  0.86   0.24   0.83   0.32   0.10   0.67   0.24   0.90   0.59   0.33   0.14   0.92   0.54   0.45   0.56   0.12   0.71   0.89   0.86   0.45   0.64   0.30   0.42   0.27   0.85   0.96   0.72   0.51   0.19   0.45   0.37   0.38   0.86   0.79   0.68   0.22   0.52   0.96   0.36   0.20   0.60   0.94   0.26   0.53   0.46   0.89   0.14   0.47   0.88   0.73 
  0.45   0.91   0.28   0.55   0.12   0.36   0.52   0.29   0.15   0.93   0.97   0.95   0.79   0.58   0.28   0.25   0.94   0.14   0.69   0.16   0.21   0.77   0.34   0.95   0.47   0.10   0.42   0.11   0.30   0.24   0.52   0.57   0.77   0.62   0.56   0.95   0.37   0.78   0.24   0.77   0.64   0.36   0.64   0.73   0.27   0.14   0.30   0.14   0.45   0.93 
  0.73   0.60   0.90   0.46   0.11   0.50   0.39   0.59   0.51   0.41   0.52   0.11   0.13   0.84   0.62   0.75   0.39   0.97   0.45   0.10   0.87   0.39   0.33   0.15   0.66   0.90   0.94   0.53   0.93   0.14   0.41   0.23   0.40   0.22   0.43   0.22   0.98   0.62   0.37   0.71   0.57   0.33   0.74   0.59   0.45   0.30   0.14   0.73   0.71   0.78 
  0.31   0.84   0.42   0.50   0.21   0.83   0.92   0.49   0.26   0.50   0.34   0.36   0.28   0.82   0.44   0.41   0.21   0.41   0.51   0.23   0.57   0.68   0.87   0.16   0.57   0.41   0.10   0.64   0.77   0.34   0.67   0.52   0.44   0.96   0.72   0.23   0.91   0.41   0.57   0.21   0.75   0.80   0.89   0.96   0.11   0.27   0.30   0.96   0.53   0.50 
  0.41   0.73   0.66   0.56   0.12   0.34   0.19   0.11   0.80   0.77   0.39   0.54   0.76   0.31   0.77   0.35   0.97   0.15   0.11   0.66   0.81   0.57   0.13   0.10   0.92   0.86   0.94   0.79   0.82   0.71   0.55   0.44   0.43   0.57   0.11   0.49   0.93   0.32   0.26   0.38   0.59   0.76   0.88   0.27   0.79   0.67   0.46   0.48   0.67   0.99 
  0.40   0.84   0.85   0.78   0.80   0.19   0.12   0.52   0.50   0.82   0.87   0.41   0.36   0.94   0.83   0.45   0.58   0.71   0.60   0.46   0.59   0.64   0.52   0.21   0.41   0.68   0.84   0.31   0.73   0.14   0.41   0.23   0.12   0.17   0.88   0.22   0.21   0.79   0.17   0.35   0.12   0.96   0.26   0.27   0.39   0.56   0.53   0.29   0.42   0.84 
  0.81   0.92   0.26   0.61   0.45   0.72   0.97   0.53   0.93   0.34   0.15   0.47   0.42   0.32   0.82   0.97   0.93   0.37   0.38   0.31   0.36   0.30   0.46   0.99   0.37   0.27   0.90   0.26   0.94   0.13   0.66   0.69   0.73   0.52   0.94   0.70   0.97   0.14   0.26   0.72   0.33   0.12   0.46   0.55   0.46   0.80   0.45   0.29   0.95   0.78 
  0.42   0.80   0.58   0.17   0.12   0.61   0.66   0.70   0.11   0.75   0.18   0.92   0.98   0.37   0.15   0.21   0.24   0.87   0.57   0.13   0.73   0.68   0.58   0.33   0.40   0.53   0.70   0.82   0.15   0.84   0.28   0.84   0.12   0.82   0.71   0.19   0.98   0.84   0.97   0.38   0.13   0.33   0.75   0.36   0.22   0.39   0.31   0.62   0.87   0.32 
  0.18   0.94   0.48   0.66   0.70   0.60   0.72   0.15   0.93   0.36   0.59   0.24   0.27   0.18   0.69   0.38   0.78   0.23   0.46   0.28   0.82   0.52   0.82   0.31   0.87   0.48   0.92   0.25   0.87   0.12   0.86   0.63   0.23   0.11   0.90   0.78   0.65   0.55   0.42   0.43   0.90   0.78   0.66   0.26   0.45   0.17   0.39   0.35   0.77   0.51 
  0.51   0.99   0.73   0.31   0.94   0.83   0.99   0.64   0.51   0.41   0.36   0.94   0.46   0.56   0.74   0.71   0.80   0.85   0.92   0.82   0.30   0.85   0.84   0.84   0.16   0.58   0.19   0.25   0.50   0.13   0.66   0.86   0.45   0.79   0.67   0.19   0.82   0.62   0.26   0.84   0.12   0.82   0.89   0.21   0.18   0.50   0.72   0.11   0.21   0.56 
  0.51   0.26   0.32   0.95   0.20   0.36   0.88   0.86   0.77   0.56   0.26   0.92   0.62   0.27   0.94   0.90   0.83   0.61   0.21   0.83   0.77   0.70   0.35   0.76   0.33   0.40   0.44   0.47   0.66   0.66   0.56   0.35   0.85   0.17   0.93   0.38   0.61   0.11   0.22   0.97   0.90   0.45   0.64   0.88   0.66   0.80   0.49   0.68   0.76   0.19 
  0.51   0.32   0.44   0.13   0.10   0.50   0.81   0.43   0.12   0.31   0.80   0.58   0.55   0.22   0.28   0.93   0.79   0.25   0.57   0.65   0.13   0.24   0.51   0.73   0.45   0.70   0.19   0.18   0.43   0.82   0.70   0.13   0.33   0.84   0.55   0.22   0.88   0.27   0.87   0.20   0.63   0.16   0.94   0.19   0.98   0.75   0.83   0.13   0.24   0.56 
  0.67   0.28   0.61   0.97   0.17   0.92   0.45   0.57   0.33   0.97   0.28   0.85   0.60   0.80   0.11   0.19   0.10   0.84   0.41   0.91   0.75   0.40   0.51   0.86   0.37   0.16   0.80   0.94   0.70   0.83   0.95   0.22   0.91   0.69   0.69   0.16   0.94   0.19   0.59   0.29   0.21   0.35   0.90   0.88   0.49   0.51   0.45   0.83   0.39   0.30 
  0.15   0.35   0.85   0.28   0.27   0.72   0.60   0.90   0.81   0.61   0.64   0.81   0.36   0.84   0.41   0.44   0.74   0.47   0.64   0.43   0.33   0.85   0.61   0.94   0.15   0.10   0.36   0.89   0.53   0.58   0.70   0.98   0.62   0.28   0.36   0.47   0.34   0.87   0.30   0.85   0.62   0.65   0.61   0.58   0.10   0.38   0.68   0.90   0.35   0.22 
  0.68   0.23   0.89   0.35   0.84   0.47   0.90   0.34   0.39   0.44   0.33   0.85   0.67   0.93   0.22   0.33   0.59   0.47   0.19   0.70   0.16   0.22   0.17   0.14   0.39   0.89   0.78   0.98   0.41   0.36   0.19   0.71   0.44   0.74   0.66   0.20   0.54   0.57   0.30   0.69   0.50   0.25   0.67   0.69   0.23   0.51   0.98   0.29   0.46   0.90 
  0.82   0.53   0.69   0.16   0.94   0.11   0.70   0.34   0.47   0.76   0.50   0.57   0.51   0.83   0.11   0.48   0.75   0.58   0.66   0.50   0.28   0.75   0.70   0.24   0.95   0.26   0.80   0.55   0.30   0.73   0.17   0.27   0.19   0.21   0.94   0.98   0.38   0.69   0.48   0.70   0.18   0.74   0.61   0.35   0.42   0.82   0.71   0.39   0.62   0.83 
  0.30   0.11   0.44   0.24   0.90   0.19   0.14   0.56   0.61   0.35   0.64   0.77   0.51   0.16   0.83   0.13   0.18   0.21   0.24   0.12   0.43   0.73   0.92   0.59   0.54   0.34   0.41   0.17   0.56   0.86   0.87   0.30   0.46   0.62   0.86   0.73   0.66   0.70   0.71   0.57   0.59   0.70   0.28   0.95   0.70   0.81   0.87   0.72   0.87   0.41 
  0.45   0.84   0.40   0.61   0.80   0.90   0.16   0.50   0.90   0.25   0.67   0.74   0.16   0.24   0.53   0.97   0.48   0.90   0.34   0.71   0.47   0.18   0.47   0.26   0.78   0.30   0.24   0.89   0.94   0.62   0.20   0.81   0.55   0.78   0.83   0.91   0.77   0.36   0.15   0.28   0.19   0.25   0.58   0.40   0.60   0.45   0.95   0.52   0.72   0.21 
  0.12   0.38   0.96   0.72   0.85   0.99   0.57   0.26   0.11   0.71   0.11   0.89   0.97   0.16   0.92   0.58   0.10   0.38   0.45   0.98   0.14   0.96   0.61   0.98   0.63   0.99   0.64   0.33   0.93   0.20   0.99   0.60   0.60   0.84   0.62   0.13   0.41   0.57   0.44   0.85   0.30   0.82   0.30   0.46   0.15   0.33   0.80   0.46   0.26   0.97 
  0.60   0.20   0.25   0.74   0.45   0.46   0.33   0.94   0.16   0.83   0.62   0.56   0.66   0.63   0.13   0.50   0.31   0.72   0.27   0.59   0.81   0.12   0.59   0.14   0.67   0.99   0.55   0.55   0.42   0.19   0.44   0.82   0.62   0.40   0.48   0.99   0.91   0.72   0.95   0.15   0.38   0.41   0.22   0.58   0.29   0.90   0.58   0.15   0.53   0.10 
  0.49   0.57   0.59   0.55   0.29   0.93   0.23   0.98   0.78   0.97   0.63   0.80   0.94   0.14   0.29   0.41   0.57   0.21   0.93   0.43   0.82   0.96   0.22   0.12   0.34   0.23   0.33   0.95   0.85   0.62   0.10   0.71   0.74   0.47   0.89   0.22   0.29   0.53   0.91   0.35   0.74   0.17   0.85   0.49   0.83   0.32   0.44   0.83   0.93   0.76 
  0.51   0.59   0.62   0.74   0.36   0.50   0.36   0.90   0.58   0.64   0.41   0.53   0.75   0.35   0.60   0.43   0.21   0.67   0.75   0.25   0.23   0.69   0.83   0.40   0.54   0.58   0.93   0.90   0.33   0.97   0.55   0.93   0.39   0.51   0.56   0.37   0.35   0.78   0.98   0.11   0.97   0.51   0.84   0.24   0.62   0.81   0.41   0.57   0.56   0.33 
  0.80   0.25   0.93   0.37   0.66   0.86   0.55   0.20   0.62   0.59   0.78   0.51   0.78   0.14   0.24   0.62   0.87   0.82   0.38   0.62   0.20   0.70   0.84   0.93   0.48   0.42   0.40   0.86   0.67   0.32   0.14   0.52   0.24   0.48   0.29   0.68   0.66   0.16   0.85   0.92   0.64   0.94   0.43   0.76   0.25   0.58   0.24   0.95   0.96   0.18 
  0.68   0.41   0.38   0.43   0.15   0.54   0.86   0.85   0.65   0.59   0.36   0.11   0.57   0.81   0.97   0.24   0.15   0.86   0.75   0.74   0.55   0.83   0.91   0.60   0.91   0.31   0.69   0.29   0.61   0.78   0.33   0.52   0.46   0.46   0.41   0.27   0.78   0.57   0.59   0.43   0.43   0.63   0.38   0.19   0.64   0.61   0.62   0.95   0.14   0.22 
  0.71   0.50   0.76   0.87   0.14   0.66   0.18   0.22   0.29   0.13   0.60   0.32   0.95   0.74   0.14   0.85   0.29   0.29   0.89   0.72   0.80   0.51   0.86   0.27   0.44   0.93   0.63   0.49   0.98   0.72   0.87   0.77   0.41   0.73   0.26   0.52   0.39   0.20   0.13   0.11   0.86   0.72   0.84   0.40   0.81   0.62   0.36   0.97   0.11   0.89 
  0.41   0.42   0.48   0.50   0.70   0.64   0.43   0.34   0.87   0.56   0.90   0.45   0.52   0.92   0.48   0.75   0.94   0.16   0.73   0.82   0.12   0.98   0.18   0.74   0.75   0.27   0.41   0.50   0.70   0.86   0.41   0.20   0.99   0.97   0.51   0.57   0.56   0.12   0.90   0.79   0.95   0.37   0.25   0.48   0.16   0.60   0.46   0.53   0.74   0.25 
  0.24   0.70   0.26   0.18   0.34   0.45   0.87   0.79   0.77   0.16   0.14   0.48   0.22   0.98   0.24   0.12   0.63   0.65   0.83   0.89   0.62   0.52   0.47   0.93   0.83   0.21   0.51   0.41   0.44   0.33   0.53   0.52   0.96   0.58   0.52   0.16   0.44   0.27   0.79   0.24   0.16   0.93   0.10   0.51   0.69   0.64   0.59   0.58   0.48   0.79 
  0.58   0.33   0.75   0.93   0.93   0.72   0.70   0.30   0.18   0.98   0.95   0.35   0.80   0.93   0.71   0.48   0.98   0.70   0.37   0.11   0.25   0.17   0.62   0.23   0.68   0.59   0.60   0.93   0.82   0.45   0.52   0.57   0.45   0.87   0.11   0.54   0.25   0.52   0.53   0.97   0.22   0.82   0.97   0.57   0.88   0.36   0.60   0.49   0.85   0.18 
  0.94   0.72   0.64   0.13   0.93   0.91   0.76   0.95   0.97   0.24   0.13   0.99   0.24   0.42   0.64   0.35   0.14   0.80   0.13   0.70   0.91   0.83   0.25   0.87   0.98   0.83   0.79   0.35   0.97   0.71   0.34   0.71   0.83   0.20   0.21   0.78   0.74   0.26   0.25   0.77   0.22   0.19   0.85   0.26   0.75   0.78   0.22   0.39   0.11   0.40 
  0.62   0.13   0.64   0.30   0.20   0.80   0.52   0.76   0.86   0.77   0.72   0.45   0.13   0.81   0.76   0.67   0.78   0.20   0.49   0.26   0.75   0.68   0.89   0.47   0.97   0.32   0.88   0.90   0.63   0.14   0.47   0.81   0.66   0.89   0.53   0.97   0.36   0.27   0.16   0.58   0.28   0.93   0.81   0.18   0.39   0.94   0.90   0.85   0.89   0.66 
  0.65   0.59   0.36   0.13   0.65   0.28   0.47   0.30   0.94   0.85   0.91   0.20   0.72   0.73   0.90   0.83   0.31   0.50   0.71   0.16   0.47   0.91   0.80   0.82   0.78   0.34   0.75   0.75   0.67   0.42   0.59   0.88   0.68   0.30   0.45   0.70   0.97   0.24   0.77   0.85   0.72   0.70   0.97   0.84   0.24   0.77   0.84   0.94   0.21   0.16 
  0.38   0.26   0.75   0.97   0.65   0.89   0.72   0.35   0.40   0.61   0.48   0.11   0.74   0.24   0.83   0.50   0.71   0.36   0.84   0.21   0.70   0.35   0.91   0.25   0.92   0.58   0.23   0.19   0.80   0.40   0.24   0.13   0.29   0.20   0.21   0.84   0.28   0.76   0.18   0.92   0.56   0.72   0.56   0.67   0.29   0.48   0.46   0.46   0.74   0.77 
  0.44   0.67   0.11   0.63   0.65   0.12   0.70   0.22   0.79   0.29   0.57   0.66   0.61   0.26   0.75   0.85   0.83   0.39   0.26   0.34   0.81   0.61   0.36   0.30   0.28   0.92   0.52   0.29   0.87   0.89   0.86   0.21   0.52   0.31   0.40   0.58   0.50   0.33   0.27   0.25   0.22   0.17   0.52   0.57   0.60   0.54   0.41   0.61   0.78   0.65 
  0.87   0.46   0.40   0.83   0.12   0.22   0.39   0.57   0.18   0.84   0.12   0.75   0.21   0.24   0.65   0.82   0.87   0.12   0.65   0.78   0.55   0.53   0.92   0.89   0.65   0.31   0.97   0.42   0.92   0.52   0.91   0.51   0.46   0.58   0.96   0.19   0.77   0.65   0.29   0.12   0.31   0.22   0.47   0.55   0.85   0.39   0.73   0.28   0.78   0.51 
  0.98   0.81   0.73   0.54   0.87   0.88   0.51   0.32   0.67   0.70   0.37   0.54   0.10   0.62   0.21   0.45   0.90   0.97   0.92   0.98   0.70   0.93   0.49   0.73   0.38   0.46   0.44   0.38   0.60   0.77   0.74   0.21   0.52   0.98   0.23   0.92   0.43   0.11   0.76   0.18   0.64   0.61   0.79   0.45   0.64   0.90   0.20   0.76   0.16   0.14 
  0.50   0.63   0.71   0.96   0.70   0.32   0.49   0.50   0.62   0.14   0.30   0.53   0.41   0.95   0.12   0.87   0.37   0.13   0.68   0.14   0.42   0.27   0.88   0.99   0.65   0.62   0.73   0.57   0.40   0.57   0.43   0.17   0.13   0.14   0.52   0.10   0.54   0.66   0.43   0.87   0.43   0.27   0.19   0.90   0.81   0.21   0.24   0.85   0.78   0.35 
  0.57   0.50   0.68   0.35   0.14   0.48   0.76   0.87   0.18   0.13   0.20   0.53   0.57   0.24   0.57   0.42   0.17   0.52   0.85   0.52   0.43   0.70   0.28   0.72   0.74   0.85   0.77   0.48   0.94   0.39   0.39   0.74   0.12   0.20   0.17   0.96   0.69   0.70   0.18   0.60   0.95   0.66   0.83   0.17   0.41   0.85   0.50   0.88   0.37   0.83 
---
G_right: 50 49
  0.38   0.21   0.53   0.48   0.47   0.57   0.14   0.61   0.24   0.77   0.36   0.55   0.45   0.56   0.65   0.90   0.52   0.55   0.96   0.56   0.30   0.54   0.73   0.64   0.91   0.27   0.43   0.69   0.31   0.82   0.42   0.38   0.52   0.85   0.12   0.60   0.71   0.40   0.11   0.80   0.97   0.25   0.75   0.26   0.12   0.57   0.34   0.93   0.78 
  0.51   0.36   0.64   0.29   0.64   0.62   0.84   0.21   0.50   0.88   0.39   0.52   0.94   0.93   0.43   0.23   0.26   0.10   0.65   0.74   0.29   0.93   0.31   0.99   0.57   0.29   0.24   0.81   0.60   0.26   0.15   0.51   0.43   0.65   0.74   0.93   0.48   0.30   0.25   0.34   0.19   0.90   0.26   0.70   0.23   0.47   0.54   0.94   0.58 
  0.92   0.69   0.17   0.52   0.54   0.80   0.47   0.48   0.88   0.91   0.48   0.95   0.75   0.60   0.20   0.73   0.13   0.78   0.55   0.38   0.33   0.32   0.66   0.58   0.87   0.72   0.95   0.19   0.84   0.66   0.31   0.88   0.59   0.37   0.86   0.63   0.73   0.94   0.79   0.94   0.27   0.21   0.99   0.78   0.68   0.70   0.93   0.95   0.61 
  0.58   0.58   0.45   0.88   0.54   0.71   0.29   0.71   0.84   0.78   0.28   0.42   0.65   0.27   0.75   0.31   0.33   0.62   0.71   0.87   0.17   0.50   0.44   0.93   0.60   0.86   0.33   0.71   0.74   0.63   0.78   0.72   0.64   0.78   0.60   0.94   0.63   0.25   0.87   0.38   0.42   0.34   0.89   0.54   0.71   0.81   0.78   0.63   0.87 
  0.87   0.24   0.48   0.39   0.46   0.16   0.20   0.11   0.74   0.47   0.66   0.68   0.34   0.26   0.76   0.44   0.86   0.16   0.35   0.77   0.44   0.85   0.60   0.82   0.22   0.74   0.59   0.14   0.38   0.64   0.21   0.53   0.73   0.96   0.73   0.49   0.96   0.36   0.35   0.34   0.28   0.38   0.50   0.55   0.61   0.43   0.92   0.27   0.94 
  0.96   0.91   0.33   0.13   0.97   0.48   0.37   0.53   0.22   0.57   0.34   0.18   0.10   0.71   0.98   0.15   0.56   0.26   0.52   0.82   0.26   0.78   0.51   0.68   0.45   0.96   0.81   0.20   0.90   0.29   0.38   0.97   0.69   0.67   0.41   0.32   0.36   0.78   0.17   0.42   0.81   0.71   0.67   0.86   0.94   0.41   0.69   0.21   0.86 
  0.29   0.17   0.37   0.55   0.18   0.81   0.99   0.12   0.90   0.30   0.88   0.31   0.65   0.82   0.39   0.46   0.93   0.83   0.61   0.87   0.56   0.40   0.98   0.61   0.61   0.53   0.97   0.25   0.73   0.64   0.59   0.21   0.46   0.18   0.81   0.30   0.20   0.12   0.57   0.52   0.16   0.30   0.39   0.10   0.55   0.84   0.54   0.65   0.96 
  0.32   0.42   0.51   0.37   0.19   0.50   0.73   0.73   0.81   0.84   0.92   0.41   0.64   0.95   0.42   0.75   0.47   0.44   0.47   0.84   0.95   0.39   0.37   0.18   0.35   0.79   0.49   0.93   0.20   0.36   0.69   0.24   0.89   0.99   0.43   0.62   0.59   0.96   0.91   0.60   0.29   0.49   0.69   0.49   0.98   0.78   0.66   0.97   0.83 
  0.84   0.12   0.61   0.46   0.87   0.82   0.48   0.86   0.86   0.19   0.37   0.91   0.93   0.15   0.97   0.61   0.79   0.24   0.92   0.90   0.29   0.42   0.80   0.94   0.22   0.31   0.23   0.28   0.26   0.16   0.13   0.48   0.20   0.28   0.40   0.25   0.90   0.64   0.16   0.88   0.21   0.56   0.57   0.85   0.81   0.54   0.92   0.73   0.48 
  0.26   0.90   0.91   0.40   0.36   0.42   0.74   0.14   0.52   0.88   0.64   0.29   0.10   0.20   0.97   0.21   0.67   0.63   0.57   0.15   0.85   0.18   0.29   0.71   0.78   0.54   0.67   0.97   0.36   0.92   0.31   0.37   0.65   0.15   0.66   0.25   0.73   0.93   0.56   0.75   0.65   0.72   0.24   0.40   0.88   0.28   0.52   0.95   0.12 
  0.88   0.57   0.24   0.43   0.89   0.90   0.80   0.45   0.65   0.21   0.84   0.50   0.17   0.25   0.69   0.20   0.50   0.30   0.56   0.73   0.22   0.91   0.97   0.29   0.32   0.33   0.92   0.45   0.84   0.17   0.45   0.42   0.90   0.63   0.75   0.28   0.36   0.59   0.88   0.72   0.90   0.22   0.11   0.29   0.25   0.25   0.29   0.14   0.37 
  0.30   0.18   0.23   0.39   0.87   0.19   0.56   0.81   0.17   0.38   0.29   0.59   0.92   0.46   0.85   0.78   0.62   0.78   0.27   0.49   0.59   0.67   0.33   0.23   0.26   0.73   0.19   0.16   0.40   0.73   0.24   0.34   0.62   0.27   0.71   0.19   0.37   0.26   0.94   0.42   0.45   0.42   0.97   0.96   0.93   0.96   0.39   0.73   0.78 
  0.25   0.78   0.47   0.27   0.48   0.92   0.46   0.48   0.24   0.23   0.91   0.42   0.32   0.75   0.82   0.56   0.25   0.36   0.56   0.49   0.19   0.87   0.88   0.58   0.79   0.23   0.70   0.63   0.72   0.30   0.95   0.95   0.34   0.33   0.94   0.49   0.69   0.52   0.25   0.18   0.34   0.56   0.12   0.13   0.13   0.77   0.37   0.34   0.96 
  0.68   0.65   0.82   0.55   0.37   0.35   0.63   0.27   0.68   0.98   0.88   0.92   0.23   0.79   0.55   0.49   0.82   0.53   0.60   0.53   0.53   0.18   0.23   0.71   0.19   0.66   0.52   0.35   0.63   0.35   0.14   0.47   0.14   0.58   0.78   0.77   0.96   0.95   0.26   0.57   0.25   0.13   0.28   0.53   0.71   0.67   0.72   0.80   0.98 
  0.75   0.97   0.55   0.37   0.75   0.34   0.95   0.50   0.31   0.89   0.48   0.68   0.31   0.46   0.36   0.15   0.78   0.88   0.50   0.38   0.59   0.61   0.13   0.73   0.93   0.61   0.83   0.46   0.46   0.83   0.46   0.56   0.20   0.98   0.51   0.54   0.51   0.12   0.51   0.85   0.70   0.60   0.27   0.42   0.84   0.37   0.63   0.86   0.96 
  0.97   0.79   0.89   0.25   0.27   0.51   0.21   0.87   0.15   0.69   0.79   0.77   0.86   0.23   0.47   0.71   0.54   0.34   0.87   0.19   0.68   0.19   0.54   0.71   0.57   0.69   0.27   0.72   0.79   0.52   0.21   0.94   0.21   0.76   0.47   0.96   0.25   0.11   0.36   0.94   0.42   0.79   0.77   0.88   0.84   0.36   0.86   0.74   0.52 
  0.55   0.34   0.61   0.39   0.19   0.68   0.50   0.76   0.21   0.86   0.90   0.91   0.74   0.94   0.57   0.70   0.73   0.46   0.90   0.45   0.49   0.49   0.81   0.32   0.63   0.85   0.12   0.72   0.73   0.34   0.27   0.53   0.65   0.50   0.99   0.10   0.80   0.76   0.13   0.70   0.74   0.81   0.60   0.49   0.91   0.15   0.43   0.39   0.76 
  0.96   0.43   0.87   0.18   0.18   0.56   0.48   0.19   0.18   0.59   0.33   0.65   0.10   0.97   0.78   0.86   0.42   0.43   0.32   0.17   0.95   0.43   0.39   0.62   0.70   0.76   0.27   0.34   0.24   0.73   0.74   0.50   0.77   0.58   0.92   0.75   0.32   0.50   0.84   0.49   0.71   0.24   0.50   0.87   0.50   0.27   0.38   0.48   0.81 
  0.28   0.93   0.72   0.25   0.87   0.53   0.37   0.57   0.57   0.51   0.93   0.33   0.79   0.92   0.86   0.93   0.38   0.68   0.84   0.78   0.68   0.19   0.47   0.24   0.74   0.72   0.15   0.56   0.37   0.86   0.23   0.88   0.69   0.80   0.71   0.11   0.33   0.96   0.77   0.23   0.83   0.68   0.42   0.65   0.66   0.90   0.57   0.18   0.18 
  0.36   0.42   0.10   0.72   0.78   0.97   0.20   0.62   0.68   0.45   0.57   0.57   0.73   0.55   0.95   0.23   0.90   0.29   0.88   0.64   0.56   0.83   0.45   0.98   0.63   0.65   0.63   0.39   0.36   0.20   0.90   0.94   0.42   0.95   0.80   0.25   0.11   0.22   0.44   0.38   0.87   0.33   0.67   0.55   0.43   0.48   0.55   0.52   0.83 
  0.27   0.14   0.82   0.64   0.30   0.82   0.87   0.27   0.48   0.62   0.20   0.86   0.93   0.38   0.16   0.48   0.14   0.25   0.89   0.35   0.24   0.99   0.54   0.34   0.55   0.67   0.96   0.40   0.64   0.43   0.62   0.68   0.27   0.69   0.35   0.92   0.94   0.17   0.28   0.20   0.84   0.33   0.45   0.17   0.81   0.77   0.58   0.23   0.44 
  0.29   0.17   0.79   0.40   0.67   0.66   0.87   0.17   0.20   0.35   0.95   0.69   0.30   0.20   0.65   0.71   0.12   0.56   0.25   0.70   0.76   0.15   0.38   0.44   0.48   0.16   0.20   0.87   0.36   0.64   0.66   0.36   0.51   0.16   0.62   0.66   0.70   0.18   0.40   0.21   0.54   0.11   0.94   0.94   0.56   0.11   0.75   0.26   0.75 
  0.34   0.91   0.81   0.84   0.71   0.18   0.87   0.88   0.93   0.41   0.18   0.95   0.69   0.95   0.14   0.53   0.41   0.89   0.23   0.99   0.81   0.41   0.73   0.37   0.73   0.59   0.41   0.19   0.51   0.23   0.84   0.45   0.47   0.24   0.47   0.28   0.54   0.81   0.15   0.86   0.56   0.71   0.72   0.99   0.61   0.16   0.56   0.74   0.62 
  0.91   0.15   0.23   0.45   0.83   0.31   0.51   0.87   0.94   0.89   0.64   0.48   0.93   0.13   0.42   0.84   0.38   0.37   0.43   0.38   0.91   0.32   0.13   0.49   0.75   0.58   0.23   0.78   0.23   0.44   0.46   0.51   0.50   0.46   0.56   0.20   0.87   0.22   0.26   0.39   0.50   0.54   0.27   0.80   0.71   0.30   0.57   0.79   0.77 
  0.65   0.37   0.59   0.24   0.70   0.69   0.44   0.69   0.20   0.34   0.54   0.93   0.80   0.96   0.93   0.30   0.59   0.60   0.93   0.56   0.54   0.94   0.87   0.52   0.97   0.48   0.29   0.34   0.87   0.34   0.67   0.82   0.49   0.86   0.75   0.49   0.98   0.66   0.43   0.98   0.16   0.13   0.57   0.55   0.38   0.85   0.26   0.15   0.86 
  0.86   0.28   0.29   0.43   0.35   0.30   0.30   0.83   0.37   0.70   0.55   0.36   0.50   0.94   0.96   0.80   0.37   0.36   0.80   0.44   0.61   0.97   0.27   0.21   0.12   0.83   0.96   0.93   0.93   0.33   0.74   0.86   0.57   0.76   0.18   0.98   0.72   0.22   0.36   0.73   0.86   0.46   0.93   0.17   0.21   0.51   0.81   0.76   0.31 
  0.21   0.73   0.58   0.32   0.41   0.80   0.92   0.77   0.81   0.24   0.92   0.49   0.91   0.53   0.77   0.48   0.90   0.74   0.53   0.20   0.43   0.61   0.50   0.79   0.34   0.78   0.26   0.11   0.75   0.55   0.77   0.43   0.37   0.36   0.92   0.24   0.31   0.15   0.64   0.99   0.63   0.80   0.66   0.97   0.69   0.14   0.58   0.69   0.50 
  0.85   0.80   0.80   0.42   0.79   0.15   0.78   0.40   0.50   0.46   0.40   0.70   0.35   0.54   0.95   0.99   0.93   0.21   0.52   0.80   0.43   0.44   0.88   0.91   0.64   0.84   0.18   0.65   0.37   0.33   0.18   0.13   0.24   0.51   0.18   0.62   0.22   0.88   0.81   0.10   0.68   0.19   0.17   0.55   0.62   0.67   0.68   0.86   0.82 
  0.77   0.20   0.21   0.68   0.99   0.77   0.21   0.48   0.26   0.58   0.43   0.44   0.60   0.52   0.70   0.53   0.12   0.19   0.25   0.22   0.27   0.24   0.99   0.30   0.98   0.72   0.86   0.84   0.18   0.61   0.32   0.15   0.55   0.79   0.35   0.32   0.90   0.12   0.47   0.50   0.62   0.89   0.13   0.63   0.53   0.53   0.58   0.48   0.37 
  0.69   0.73   0.78   0.75   0.77   0.13   0.34   0.12   0.23   0.60   0.82   0.72   0.15   0.24   0.41   0.80   0.30   0.44   0.38   0.22   0.22   0.92   0.61   0.55   0.28   0.65   0.75   0.31   0.59   0.36   0.42   0.36   0.46   0.13   0.92   0.23   0.16   0.71   0.15   0.43   0.47   0.68   0.35   0.46   0.47   0.67   0.86   0.64   0.52 
  0.69   0.63   0.45   0.49   0.65   0.62   0.16   0.27   0.63   0.68   0.64   0.34   0.86   0.13   0.32   0.72   0.87   0.44   0.33   0.42   0.49   0.14   0.61   0.85   0.53   0.68   0.31   0.36   0.22   0.14   0.87   0.40   0.22   0.33   0.90   0.63   0.31   0.34   0.33   0.38   0.75   0.40   0.18   0.90   0.85   0.59   0.90   0.46   0.48 
  0.56   0.57   0.90   0.76   0.52   0.31   0.46   0.77   0.23   0.77   0.90   0.62   0.37   0.83   0.15   0.13   0.42   0.39   0.85   0.23   0.38   0.76   0.20   0.20   0.19   0.76   0.23   0.60   0.72   0.44   0.77   0.82   0.15   0.38   0.52   0.40   0.53   0.35   0.71   0.43   0.29   0.77   0.48   0.39   0.60   0.39   0.59   0.10   0.11 
  0.80   0.59   0.67   0.19   0.82   0.72   0.83   0.83   0.79   0.75   0.77   0.10   0.78   0.50   0.82   0.48   0.48   0.50   0.15   0.52   0.18   0.14   0.30   0.72   0.53   0.32   0.90   0.71   0.23   0.63   0.82   0.16   0.14   0.93   0.25   0.79   0.35   0.78   0.62   0.95   0.33   0.68   0.35   0.56   0.91   0.58   0.18   0.21   0.33 
  0.57   0.80   0.72   0.63   0.80   0.80   0.59   0.25   0.44   0.10   0.16   0.52   0.97   0.95   0.21   0.28   0.44   0.46   0.49   0.10   0.94   0.34   0.96   0.74   0.27   0.43   0.48   0.89   0.20   0.27   0.61   0.74   0.76   0.35   0.86   0.53   0.62   0.42   0.98   0.79   0.30   0.23   0.58   0.68   0.53   0.66   0.61   0.54   0.23 
  0.74   0.30   0.82   0.79   0.76   0.14   0.11   0.47   0.35   0.20   0.19   0.69   0.64   0.86   0.22   0.81   0.67   0.84   0.14   0.85   0.99   0.82   0.94   0.85   0.80   0.88   0.97   0.39   0.83   0.64   0.75   0.13   0.75   0.37   0.81   0.81   0.52   0.55   0.43   0.64   0.46   0.28   0.71   0.39   0.11   0.18   0.69   0.59   0.16 
  0.59   0.73   0.27   0.79   0.47   0.80   0.25   0.65   0.41   0.97   0.58   0.48   0.76   0.27   0.85   0.27   0.55   0.57   0.61   0.48   0.38   0.35   0.57   0.21   0.13   0.12   0.34   0.70   0.58   0.58   0.38   0.66   0.44   0.57   0.15   0.28   0.78   0.56   0.74   0.85   0.23   0.99   0.96   0.12   0.25   0.88   0.21   0.56   0.89 
  0.50   0.59   0.15   0.32   0.30   0.41   0.67   0.80   0.41   0.70   0.15   0.49   0.61   0.40   0.64   0.47   0.38   0.27   0.91   0.11   0.79   0.94   0.79   0.28   0.21   0.20   0.85   0.51   0.56   0.71   0.35   0.21   0.54   0.31   0.84   0.73   0.58   0.94   0.95   0.88   0.88   0.93   0.92   0.80   0.87   0.94   0.72   0.80   0.16 
  0.95   0.13   0.49   0.36   0.44   0.78   0.49   0.63   0.44   0.11   0.91   0.39   0.61   0.11   0.40   0.20   0.85   0.45   0.42   0.34   0.14   0.23   0.73   0.49   0.19   0.91   0.64   0.41   0.11   0.40   0.65   0.28   0.57   0.23   0.73   0.67   0.59   0.32   0.48   0.79   0.29   0.93   0.62   0.27   0.21   0.13   0.88   0.15   0.11 
  0.64   0.67   0.18   0.93   0.56   0.13   0.42   0.93   0.15   0.26   0.50   0.12   0.69   0.91   0.26   0.79   0.17   0.54   0.45   0.39   0.43   0.71   0.77   0.40   0.81   0.57   0.31   0.71   0.93   0.79   0.49   0.35   0.48   0.65   0.29   0.33   0.82   0.78   0.58   0.36   0.82   0.88   0.40   0.31   0.57   0.10   0.54   0.88   0.14 
  0.88   0.74   0.87   0.33   0.73   0.79   0.43   0.90   0.69   0.26   0.29   0.32   0.51   0.64   0.93   0.62   0.57   0.59   0.20   0.34   0.44   0.56   0.68   0.12   0.37   0.44   0.75   0.54   0.16   0.28   0.74   0.33   0.81   0.75   0.36   0.37   0.69   0.59   0.95   0.30   0.13   0.22   0.18   0.55   0.11   0.51   0.43   0.69   0.98 
  0.39   0.61   0.63   0.42   0.69   0.66   0.81   0.81   0.45   0.43   0.92   0.13   0.94   0.38   0.74   0.79   0.18   0.37   0.22   0.34   0.84   0.50   0.67   0.60   0.92   0.37   0.85   0.93   0.35   0.72   0.35   0.84   0.36   0.93   0.71   0.60   0.62   0.80   0.97   0.20   0.54   0.87   0.55   0.91   0.15   0.32   0.57   0.84   0.34 
  0.64   0.35   0.82   0.74   0.48   0.85   0.34   0.22   0.11   0.97   0.84   0.49   0.98   0.54   0.75   0.26   0.45   0.92   0.97   0.42   0.27   0.24   0.84   0.52   0.63   0.46   0.75   0.19   0.37   0.13   0.74   0.11   0.40   0.12   0.65   0.83   0.83   0.56   0.70   0.94   0.61   0.17   0.19   0.98   0.47   0.20   0.88   0.55   0.74 
  0.22   0.61   0.33   0.69   0.56   0.54   0.89   0.86   0.92   0.78   0.90   0.67   0.75   0.91   0.25   0.44   0.12   0.90   0.83   0.46   0.71   0.17   0.48   0.86   0.24   0.29   0.89   0.19   0.28   0.41   0.21   0.53   0.77   0.83   0.83   0.11   0.64   0.89   0.27   0.63   0.15   0.57   0.38   0.71   0.15   0.21   0.93   0.84   0.34 
  0.58   0.50   0.56   0.37   0.72   0.77   0.94   0.43   0.74   0.92   0.15   0.82   0.63   0.96   0.93   0.40   0.94   0.36   0.11   0.62   0.73   0.49   0.25   0.35   0.78   0.82   0.66   0.60   0.20   0.10   0.14   0.12   0.16   0.58   0.99   0.95   0.80   0.28   0.46   0.65   0.56   0.30   0.26   0.10   0.21   0.28   0.71   0.80   0.69 
  0.13   0.18   0.64   0.71   0.66   0.69   0.23   0.20   0.77   0.39   0.27   0.80   0.23   0.70   0.44   0.99   0.68   0.36   0.28   0.32   0.75   0.50   0.48   0.26   0.25   0.64   0.84   0.65   0.59   0.71   0.26   0.12   0.14   0.23   0.84   0.56   0.51   0.36   0.41   0.91   0.84   0.33   0.45   0.39   0.31   0.71   0.11   0.85   0.59 
  0.16   0.43   0.92   0.69   0.33   0.88   0.73   0.56   0.51   0.40   0.68   0.13   0.69   0.94   0.95   0.67   0.19   0.85   0.90   0.35   0.15   0.13   0.98   0.77   0.96   0.31   0.80   0.60   0.78   0.17   0.40   0.48   0.30   0.49   0.86   0.34   0.19   0.32   0.95   0.22   0.99   0.14   0.43   0.75   0.69   0.71   0.47   0.22   0.22 
  0.74   0.13   0.92   0.94   0.66   0.33   0.81   0.66   0.23   0.78   0.98   0.28   0.69   0.70   0.76   0.24   0.19   0.20   0.84   0.16   0.66   0.67   0.39   0.57   0.54   0.52   0.38   0.50   0.68   0.59   0.79   0.46   0.63   0.96   0.13   0.27   0.29   0.52   0.18   0.74   0.83   0.11   0.52   0.33   0.22   0.66   0.56   0.96   0.99 
  0.31   0.80   0.59   0.15   0.12   0.68   0.58   0.13   0.31   0.63   0.38   0.86   0.80   0.55   0.29   0.68   0.64   0.90   0.76   0.20   0.54   0.17   0.76   0.25   0.79   0.76   0.65   0.46   0.75   0.69   0.12   0.38   0.70   0.52   0.30   0.71   0.35   0.23   0.83   0.89   0.27   0.48   0.68   0.12   0.89   0.62   0.84   0.59   0.34 
  0.85   0.61   0.70   0.46   0.33   0.81   0.71   0.55   0.94   0.55   0.23   0.60   0.52   0.46   0.92   0.86   0.89   0.30   0.18   0.56   0.21   0.45   0.20   0.44   0.96   0.65   0.46   0.45   0.53   0.31   0.20   0.35   0.18   0.12   0.61   0.59   0.68   0.17   0.19   0.87   0.71   0.62   0.17   0.19   0.47   0.27   0.66   0.58   0.80 
  0.55   0.15   0.46   0.19   0.76   0.96   0.19   0.68   0.83   0.73   0.80   0.61   0.35   0.63   0.31   0.38   0.73   0.72   0.20   0.17   0.82   0.29   0.75   0.39   0.94   0.89   0.31   0.68   0.75   0.17   0.75   0.32   0.90   0.37   0.64   0.82   0.96   0.90   0.47   0.33   0.32   0.56   0.62   0.18   0.68   0.94   0.51   0.74   0.83 
---
G_diag: 49 49
  6.81   2.75   4.05   3.71   2.59   6.08   2.40   3.85   6.06   7.07   8.11   8.34   6.01   5.40   8.45   2.39   6.59   7.84   4.52   2.38   4.51   6.39   4.05   2.20   7.92   6.74   7.88   9.14   7.24   3.02   4.90   7.29   7.11   8.66   4.08   7.56   5.24   4.03   9.36   4.96   8.73   5.44   2.34   8.12   7.60   8.71   5.54   3.00   2.89 
  2.48   3.78   2.14   7.25   4.02   7.86   5.27   4.40   4.13   4.96   3.74   9.81   2.29   5.62   3.68   2.99   5.94   4.47   2.79   6.12   3.41   9.63   7.00   5.38   3.17   5.10   8.68   8.39   3.14   3.95   3.42   9.04   4.48   7.76   5.11   7.71   7.42   3.64   6.05   7.07   5.62   9.30   9.09   3.40   4.74   5.19   5.44   6.72   7.20 
  7.80   4.45   6.07   8.68   5.25   8.03   8.69   2.77   2.78   9.50   8.68   4.55   5.05   6.96   2.49   8.51   6.62   5.65   3.45   6.29   5.45   8.04   6.04   3.16   6.41   7.61   6.23   8.66   5.02   6.50   6.85   5.37   9.25   7.86   7.82   2.68   7.39   9.44   7.85   4.99   3.16   8.91   7.15   6.22   5.11   6.88   4.99   7.98   7.44 
  4.20   3.09   6.99   7.25   2.75   3.82   5.37   8.12   4.17   4.12   8.72   6.58   3.16   5.86   4.99   8.44   5.62   7.88   4.22   6.60   9.55   7.97   6.07   3.53   8.11   8.95   2.14   2.96   2.61   3.74   3.89   7.08   4.57   3.90   4.89   4.58   7.57   8.19   2.20   4.47   8.63   3.84   5.68   3.79   4.87   5.08   4.35   9.87   5.07 
  3.44   8.85   7.56   5.89   8.01   2.88   9.89   9.46   8.10   8.88   5.08   4.38   8.93   9.31   5.84   9.88   3.12   7.16   5.89   6.54   3.32   6.60   4.05   4.39   6.84   9.13   3.74   5.11   4.89   5.90   9.40   7.71   4.74   7.82   8.30   8.58   4.06   3.73   5.83   3.74   8.53   3.60   5.77   4.69   8.37   7.91   8.28   8.76   5.10 
  9.06   9.05   6.63   3.02   3.30   4.74   3.29   2.19   4.11   7.72   4.09   6.00   4.68   4.34   8.04   5.74   5.13   7.87   9.88   3.61   6.33   8.24   7.40   5.99   6.81   9.65   7.96   4.42   2.32   2.15   3.85   4.76   8.46   3.80   5.59   5.49   7.96   3.70   6.16   6.92   8.14   4.51   2.81   5.91   9.82   3.77   7.55   9.07   5.88 
  3.23   4.25   4.47   9.31   9.58   8.32   4.21   3.17   8.99   8.54   7.45   2.19   8.62   4.68   3.60   5.41   4.27   7.19   4.60   4.42   3.54   2.52   5.06   6.00   6.32   3.58   9.18   9.41   7.68   2.63   4.30   2.41   9.37   8.44   3.86   4.73   7.37   3.55   6.96   6.31   8.70   3.79   2.61   9.07   3.68   4.48   5.97   5.51   9.54 
  6.09   9.73   4.65   7.59   6.15   2.14   3.97   7.55   7.09   6.77   5.95   8.00   8.64   5.77   2.77   4.90   4.90   9.49   9.70   3.53   3.92   3.48   7.00   6.46   4.99   6.61   3.02   4.22   9.90   3.41   6.08   8.58   9.75   3.37   5.59   4.63   5.99   7.11   5.88   8.99   9.68   3.54   9.55   5.54   7.05   5.82   2.35   9.34   9.07 
  6.75   5.08   7.71   4.30   6.99   5.74   9.48   5.24   3.94   7.21   5.99   4.19   6.11   4.97   7.97   8.66   4.43   6.04   7.31   3.86   4.41   3.90   6.75   7.86   2.77   6.18   9.84   8.94   8.91   7.17   6.73   4.56   2.77   5.37   6.81   5.23   2.42   7.81   2.60   4.09   6.77   6.40   2.22   9.46   8.92   8.17   6.56   2.10   4.35 
  6.48   2.47   6.78   4.34   3.74   7.88   9.10   2.17   3.39   2.79   6.63   9.06   6.13   3.32   2.83   7.70   3.49   2.21   2.91   8.85   9.75   8.77   4.57   9.05   7.07   6.71   3.91   9.06   3.77   3.09   9.82   4.56   8.99   6.38   8.13   7.73   8.32   7.28   8.78   7.41   2.49   9.67   3.29   6.90   5.11   2.11   5.99   2.92   9.50 
  7.58   3.42   5.00   3.50   6.89   7.00   7.11   7.15   5.77   9.81   3.62   2.63   8.68   6.05   2.23   2.85   2.67   4.14   5.06   4.53   4.42   7.60   6.99   2.55   8.46   8.54   5.45   8.70   8.70   6.64   5.76   5.48   6.02   6.17   4.44   9.72   8.17   4.19   4.34   8.30   3.86   6.05   2.72   5.09   6.10   3.31   2.15   5.98   5.01 
  7.18   2.47   8.42   3.78   3.91   2.74   9.04   6.23   6.04   9.60   5.33   9.29   5.41   6.43   5.40   4.20   8.95   2.18   8.33   7.81   4.87   4.26   6.52   4.87   2.90   2.49   3.59   5.95   3.37   5.26   7.79   7.25   5.37   9.38   2.80   7.12   5.95   4.88   6.38   3.23   9.46   7.32   8.63   5.82   9.16   9.61   3.56   7.35   9.17 
  4.54   7.55   3.63   7.60   3.53   3.07   6.18   3.47   4.54   7.36   3.40   6.23   3.10   4.13   6.84   5.15   6.21   7.77   6.76   3.26   2.62   4.44   9.88   4.95   4.49   5.94   2.42   8.18   9.14   4.66   6.83   5.78   9.66   7.25   6.35   4.32   4.80   3.35   3.78   7.51   9.22   4.28   7.89   4.45   3.61   4.12   2.88   7.65   6.91 
  3.62   5.00   9.17   2.72   4.52   5.54   4.91   8.58   4.48   7.68   4.35   5.74   3.11   8.07   6.66   7.21   8.27   3.75   7.38   9.47   4.83   8.39   9.78   9.32   4.02   5.13   6.10   4.70   4.99   5.60   5.00   6.44   2.21   4.73   7.57   3.76   7.00   3.15   9.17   5.16   7.13   2.81   9.58   5.17   6.15   5.75   3.07   3.69   5.10 
  5.53   3.65   7.58   3.24   3.72   5.05   8.43   5.29   7.26   9.11   2.72   7.14   8.91   6.60   8.13   8.44   9.70   4.80   7.06   8.61   3.30   7.65   5.81   3.01   2.39   5.29   6.81   6.88   6.06   3.92   8.54   9.70   7.64   5.42   9.49   8.21   9.54   9.39   7.30   7.35   6.79   6.38   7.83   5.35   9.06   8.48   2.11   3.42   7.81 
  5.63   7.11   5.40   5.03   4.22   4.38   9.80   6.05   2.96   2.40   3.60   2.37   4.99   3.60   2.73   2.31   4.46   6.10   9.36   2.36   6.77   5.92   4.26   7.62   2.53   4.32   6.94   8.15   6.26   6.60   3.67   3.68   9.24   8.74   5.37   6.77   4.99   3.46   3.35   3.56   8.55   2.26   4.46   9.07   3.44   4.79   3.35   6.63   5.43 
  3.14   9.22   2.67   4.53   9.68   4.57   8.85   4.23   4.86   8.43   4.81   7.87   8.97   8.87   3.24   4.83   6.44   2.41   5.49   4.06   7.22   2.25   6.01   5.18   2.71   7.45   8.84   8.51   8.59   4.45   7.69   6.41   5.50   5.31   9.64   6.24   7.02   9.39   9.84   3.26   4.61   9.07   7.97   9.17   2.88   2.45   6.71   9.18   9.72 
  8.05   4.99   2.43   4.48   9.86   7.45   6.72   5.64   6.70   8.98   7.14   3.49   8.25   3.67   4.57   9.82   6.16   5.21   8.99   4.12   5.81   2.39   4.05   2.69   5.91   8.34   2.47   2.92   4.18   5.47   6.78   6.61   5.95   5.70   4.44   5.12   5.73   4.20   4.44   5.46   5.63   7.75   9.77   3.73   2.28   4.34   3.23   5.31   4.74 
  7.72   5.26   7.41   8.26   9.20   5.83   6.24   4.12   5.20   4.86   6.92   7.91   7.85   6.69   7.10   2.27   8.24   2.39   6.28   5.53   7.12   9.25   9.10   6.65   9.51   8.19   2.30   7.15   8.30   7.52   6.80   5.30   4.17   8.80   6.57   2.55   7.58   7.00   8.09   8.34   3.98   8.99   6.34   3.46   6.67   8.61   9.60   2.75   9.37 
  3.62   2.17   6.51   6.73   2.31   5.86   6.15   6.95   2.79   5.56   2.94   9.22   2.25   4.70   3.61   3.60   8.71   2.16   7.68   2.82   6.58   3.47   2.74   6.30   7.83   6.12   4.87   5.63   5.58   2.80   5.79   3.78   2.80   9.88   2.60   5.09   7.50   8.55   6.28   3.74   2.52   4.61   3.88   9.21   4.68   8.00   8.75   6.52   9.69 
  3.85   9.87   7.17   2.67   8.09   6.39   6.21   7.96   4.74   8.31   6.45   7.32   6.07   2.12   2.75   7.49   4.95   2.24   4.43   9.80   5.08   2.13   4.05   6.04   6.82   5.53   7.74   3.08   4.99   4.79   3.53   5.75   7.23   4.40   2.47   7.00   2.99   4.52   3.81   4.99   4.04   5.33   5.01   7.14   5.46   6.74   5.08   3.52   4.45 
  5.16   7.96   2.35   9.68   3.23   5.09   5.76   9.37   3.93   7.53   4.78   3.58   5.60   6.05   5.88   8.25   7.53   4.12   4.67   2.99   2.42   3.07   3.10   2.51   9.22   8.51   7.09   8.22   9.50   5.26   3.78   8.96   9.54   6.03   7.44   5.44   9.14   3.72   8.90   5.75   6.54   3.91   4.80   2.70   9.65   7.72   5.35   2.18   4.11 
  8.92   3.36   8.28   7.04   7.87   8.34   8.59   9.63   8.75   7.20   4.70   5.13   3.97   7.32   5.08   6.74   4.73   2.83   3.62   4.19   9.04   9.77   9.17   3.92   5.19   9.60   9.83   9.73   4.61   6.99   9.43   2.86   3.03   8.23   4.27   4.67   4.75   3.79   5.44   5.43   6.96   8.22   2.61   7.93   9.39   7.58   9.08   2.46   6.25 
  8.81   4.27   7.03   9.01   3.56   5.29   2.50   5.10   9.54   4.71   2.72   5.72   6.50   6.87   4.04   6.71   3.79   6.05   5.95   6.39   7.41   4.90   8.07   4.42   9.07   6.94   3.70   7.25   4.20   2.71   2.32   9.71   6.25   8.33   8.40   8.77   5.70   2.46   7.46   5.77   5.24   5.43   4.43   3.54   6.34   3.14   7.98   3.68   7.84 
  2.81   6.15   9.24   6.47   8.18   3.63   5.90   3.42   5.31   7.46   3.02   2.57   6.84   6.57   6.85   3.14   3.16   3.59   8.30   2.62   6.35   5.50   6.16   4.67   7.93   7.86   2.30   9.28   6.23   4.42   6.70   4.05   7.44   2.61   6.56   8.74   5.85   4.59   4.93   3.95   3.93   2.35   5.41   8.56   3.06   4.04   3.30   4.41   8.00 
  4.66   2.91   9.66   8.81   5.35   5.87   8.14   7.24   4.01   4.76   7.19   3.65   9.22   5.71   3.01   2.33   6.82   2.49   8.06   9.23   3.44   8.49   7.83   7.97   7.30   6.94   8.64   5.78   2.17   4.95   7.78   5.01   3.08   2.59   8.04   9.87   9.33   2.11   4.84   2.35   5.13   8.61   6.25   7.90   9.33   6.83   7.86   7.32   3.88 
  3.81   3.92   8.86   6.42   6.10   2.51   3.72   9.60   2.40   5.91   4.24   8.21   7.12   9.62   9.80   7.78   5.21   9.44   5.24   5.97   6.51   3.00   9.85   6.23   6.15   4.99   7.30   5.30   3.00   4.44   7.82   2.84   4.76   6.96   5.77   5.44   3.99   8.58   8.10   9.24   2.78   4.39   7.41   8.26   5.98   6.33   4.73   3.87   8.46 
  8.46   4.91   2.44   9.42   8.26   2.42   3.40   3.25   6.71   4.66   6.33   8.18   5.33   6.76   8.99   6.01   7.74   9.10   6.33   5.35   7.38   3.81   5.41   2.97   6.84   7.22   9.79   2.27   2.70   3.16   8.67   3.54   9.82   3.79   8.69   3.50   2.41   3.41   3.80   5.10   2.63   7.90   8.23   2.33   2.97   7.22   4.56   6.82   6.01 
  7.15   3.65   8.44   7.64   9.21   2.94   8.74   8.77   4.63   8.38   4.57   3.56   9.58   6.38   6.76   7.94   9.05   3.46   4.07   5.38   4.30   8.89   5.84   3.44   8.87   7.95   4.52   4.48   4.97   7.60   7.74   9.78   2.88   8.63   4.03   9.71   4.80   5.78   9.75   8.02   4.37   5.20   7.75   7.84   4.65   8.94   8.78   3.37   7.81 
  9.37   8.64   4.12   5.09   6.87   3.01   4.35   3.28   8.96   8.10   6.40   8.21   7.93   8.10   2.49   4.89   5.88   5.96   6.84   2.81   8.03   5.88   4.81   5.50   3.58   4.76   7.17   8.53   7.61   6.13   7.27   6.85   7.71   5.72   9.13   5.21   4.91   2.18   5.80   4.57   7.91   6.16   5.05   4.21   5.86   8.37   5.46   7.41   9.45 
  3.66   5.62   4.70   7.30   9.18   9.78   9.52   5.60   6.74   5.36   7.98   8.99   2.27   9.71   7.56   9.71   3.33   2.52   2.57   2.48   4.87   3.46   9.45   6.59   9.10   2.98   8.71   5.77   8.99   2.71   5.74   8.61   4.88   6.19   8.60   9.46   5.75   8.51   8.93   6.74   3.97   5.07   5.76   6.56   6.59   5.63   5.84   4.32   5.07 
  5.14   4.08   9.33   9.38   6.95   3.24   5.71   8.44   2.74   6.63   4.14   2.22   4.24   3.21   2.30   9.68   6.72   6.34   2.50   7.65   7.10   8.83   8.23   6.70   9.38   7.29   9.64   8.21   6.06   8.73   9.19   3.51   9.64   5.49   2.12   7.59   8.16   7.39   2.98   5.81   6.29   4.78   6.68   9.54   3.71   5.77   2.12   8.74   4.16 
  3.02   2.48   4.82   6.94   8.50   6.70   3.75   8.72   4.44   2.62   8.09   5.24   6.28   5.98   2.70   4.51   4.09   2.24   9.83   5.59   4.07   2.60   7.67   9.34   3.90   3.42   9.86   4.56   2.97   5.45   7.48   4.26   4.11   9.28   8.64   3.49   6.67   3.56   9.36   2.39   3.11   9.08   6.27   3.20   9.26   3.17   8.43   8.59   9.06 
  4.92   3.83   9.37   2.98   8.09   8.20   7.33   4.07   9.23   2.49   5.91   6.02   5.07   4.69   3.83   4.98   2.27   8.86   5.65   2.19   3.64   5.32   7.10   6.21   2.37   2.90   8.18   4.56   3.55   5.37   7.04   5.61   6.87   9.84   7.19   9.67   5.97   3.29   5.09   3.86   9.19   7.70   5.85   3.76   4.39   7.73   7.96   5.82   5.44 
  7.68   2.58   4.94   4.80   8.54   9.20   5.85   7.95   2.28   3.61   8.99   2.15   9.15   3.99   9.73   8.74   2.73   5.12   9.48   4.56   7.11   2.60   9.14   6.42   7.36   6.92   7.42   9.87   4.66   4.09   2.81   3.69   6.56   5.05   7.66   8.34   6.63   2.20   5.35   6.18   4.95   8.57   5.20   3.92   5.91   6.42   8.97   6.27   4.89 
  6.08   4.64   6.07   5.83   7.45   6.17   6.24   7.17   2.47   4.50   4.76   8.40   5.32   4.46   2.60   7.34   4.00   5.58   3.62   5.08   8.22   8.52   9.87   2.60   9.30   9.17   7.47   4.43   8.91   9.71   6.66   8.50   5.49   5.37   3.00   2.14   9.26   6.74   8.53   5.89   4.26   3.96   4.48   4.83   8.89   5.34   4.81   3.36   5.04 
  6.26   4.36   9.71   3.40   4.64   6.50   4.51   4.09   2.24   2.58   7.08   5.94   7.15   8.80   6.41   3.45   3.98   3.81   9.27   3.75   6.73   4.98   4.64   7.08   7.33   2.10   6.74   2.26   2.96   6.97   2.32   3.98   3.55   5.55   8.33   7.30   3.94   8.37   3.62   2.73   5.54   7.26   5.11   4.45   9.83   4.37   9.38   2.86   2.24 
  7.96   8.47   4.83   5.84   8.51   9.45   4.20   2.61   5.77   9.81   5.89   3.62   7.42   2.89   4.59   4.98   5.02   5.61   5.06   3.20   4.12   5.63   6.40   3.95   9.88   2.86   7.66   2.70   7.43   2.19   8.06   8.62   5.35   9.67   2.46   8.04   5.48   4.03   4.34   4.49   3.24   6.78   5.90   5.70   9.48   7.61   4.83   9.24   9.68 
  2.91   2.86   4.10   5.43   5.43   4.25   2.50   2.29   2.11   6.09   8.35   3.58   8.37   6.43   3.95   7.09   8.03   4.77   2.85   4.84   5.79   3.02   4.00   2.24   9.78   3.96   5.03   2.88   9.03   3.07   8.47   4.18   5.40   6.65   7.13   6.69   4.99   4.35   2.94   7.18   3.71   2.19   7.62   8.81   2.41   2.90   3.39   3.05   2.57 
  7.73   6.24   5.76   8.10   4.39   9.77   6.24   5.89   7.76   3.06   8.27   5.55   4.97   2.43   9.08   6.09   2.99   4.24   2.82   7.82   7.85   9.32   6.92   7.76   7.70   3.76   8.46   8.51   5.77   7.72   6.37   3.44   5.66   9.39   4.30   9.20   8.75   2.65   5.66   8.34   7.57   7.93   7.98   7.42   6.09   4.60   7.05   5.59   6.32 
  2.60   8.86   5.68   7.58   8.43   8.57   5.44   9.39   4.61   8.68   6.38   2.63   7.14   4.18   9.37   4.21   6.28   4.48   3.47   5.36   7.90   8.33   5.24   7.58   2.78   2.57   4.14   2.69   4.01   3.16   2.27   5.29   7.51   2.65   4.03   4.20   8.90   6.07   7.07   3.51   4.54   6.58   6.79   4.98   6.98   9.29   7.16   2.40   7.70 
  4.02   5.15   6.61   2.22   7.79   4.51   4.25   4.60   3.56   7.23   7.06   8.47   2.98   7.13   7.47   8.45   7.79   6.19   3.30   8.16   2.19   7.48   5.11   7.71   7.60   8.50   9.78   9.06   6.60   9.50   6.88   3.03   5.07   4.52   8.70   9.83   6.25   7.43   3.79   5.97   5.47   2.74   8.42   7.20   5.10   4.47   7.67   6.67   8.18 
  9.05   3.97   3.50   6.43   2.90   6.16   8.21   3.36   4.44   8.73   2.34   8.07   9.35   4.71   9.48   2.65   9.23   3.37   7.93   8.31   6.91   4.75   2.17   8.49   8.36   5.73   2.82   8.83   2.40   6.08   5.82   2.50   8.63   8.88   6.77   2.79   9.38   2.62   8.06   3.16   8.31   5.38   4.04   9.27   2.45   5.22   4.67   7.46   5.36 
  9.37   8.28   8.37   9.18   4.83   3.76   5.64   2.83   3.64   7.30   5.26   3.80   9.07   5.66   7.15   6.18   9.64   5.29   6.73   5.67   3.40   5.87   4.28   2.37   9.87   9.28   2.84   5.26   8.44   2.87   7.17   3.56   7.59   3.60   5.48   9.82   6.76   5.73   5.70   3.17   7.25   5.10   8.70   9.10   4.71   4.26   9.67   8.03   8.79 
  4.38   6.39   2.28   3.49   5.63   5.02   9.29   2.40   7.71   6.69   5.55   7.18   2.54   6.80   6.74   8.08   3.05   3.83   4.25   5.30   2.51   8.45   2.23   6.39   5.67   7.43   3.58   7.07   8.38   2.81   6.44   8.83   8.54   7.55   6.52   5.42   5.21   2.57   2.24   5.29   6.28   4.55   3.10   7.26   5.24   2.65   9.13   6.27   2.34 
  5.36   2.92   7.33   5.31   7.01   2.51   9.04   4.15   5.94   3.40   3.84   4.34   6.37   4.15   6.96   8.89   6.91   9.35   9.09   4.35   6.73   3.85   3.96   4.78   7.30   8.42   7.97   6.70   8.28   8.87   3.30   6.80   6.97   3.17   7.65   3.42   2.61   2.70   4.53   5.61   9.21   3.23   6.10   2.92   2.58   3.99   2.81   6.47   2.15 
  2.78   9.22   3.26   3.05   7.56   4.87   2.46   2.34   4.21   2.88   7.89   5.52   7.70   6.61   4.42   9.56   9.56   5.83   2.65   7.27   7.89   6.53   7.53   4.57   2.90   2.45   7.33   8.95   9.58   9.28   2.36   5.88   8.22   9.65   5.77   6.86   4.15   2.51   8.40   2.77   6.53   6.43   6.50   2.88   5.45   7.40   6.10   5.90   8.23 
  8.49   9.64   6.95   6.11   4.24   7.96   9.18   6.47   8.31   2.46   7.14   2.25   6.79   6.83   2.76   4.68   7.96   9.00   3.89   8.33   7.70   3.56   3.83   6.00   3.30   7.10   9.60   2.38   4.24   8.01   6.23   9.43   4.85   7.69   8.85   4.60   6.64   8.78   5.73   4.10   6.61   2.83   6.38   3.90   5.86   8.39   8.90   5.61   3.90 
  2.56   8.41   3.83   4.78   2.31   5.09   4.67   2.28   8.93   7.91   5.03   8.03   7.98   2.26   7.99   2.84   3.83   2.59   5.60   5.05   8.16   6.62   3.06   2.36   6.66   8.70   8.99   2.92   4.74   3.66   9.05   7.22   8.73   8.43   9.64   9.22   9.35   7.46   3.83   6.81   3.98   2.34   5.78   2.38   5.79   3.93   8.65   5.77   2.39 
---
