G_down: 49 50
  0.75   0.51   0.39   0.35   0.76   0.96   0.53   0.33   0.26   0.86   0.69   0.39   0.21   0.11   0.94   0.67   0.12   0.28   0.39   0.12   0.64   0.81   0.57   0.92   0.76   0.15   0.99   0.55   0.67   0.86   0.90   0.47   0.80   0.38   0.22   0.18   0.82   0.46   0.53   0.95   0.91   0.41   0.21   0.79   0.21   0.82   0.61   0.44   0.82   0.15 
  0.50   0.23   0.48   0.81   0.75   0.10   0.82   0.37   0.10   0.83   0.69   0.35   0.23   0.11   0.30   0.61   0.10   0.77   0.48   0.50   0.68   0.16   0.77   0.43   0.51   0.67   0.38   0.75   0.40   0.87   0.72   0.69   0.53   0.20   0.51   0.85   0.51   0.29   0.81   0.57   0.87   0.17   0.13   0.25   0.36   0.73   0.23   0.91   0.91   0.11 
  0.56   0.95   0.28   0.90   0.29   0.54   0.84   0.98   0.85   0.22   0.84   0.37   0.67   0.27   0.83   0.20   0.76   0.69   0.61   0.46   0.13   0.54   0.50   0.64   0.41   0.30   0.75   0.31   0.69   0.50   0.44   0.37   0.26   0.89   0.25   0.35   0.49   0.32   0.96   0.50   0.63   0.30   0.10   0.90   0.15   0.35   0.27   0.57   0.20   0.52 
  0.69   0.14   0.11   0.35   0.92   0.88   0.89   0.28   0.69   0.11   0.79   0.13   0.38   0.26   0.86   0.42   0.35   0.52   0.37   0.58   0.11   0.41   0.22   0.54   0.69   0.33   0.10   0.39   0.41   0.45   0.12   0.77   0.36   0.61   0.30   0.93   0.21   0.59   0.77   0.82   0.44   0.76   0.57   0.16   0.43   0.76   0.65   0.24   0.26   0.32 
  0.22   0.11   0.73   0.51   0.93   0.91   0.78   0.89   0.47   0.25   0.22   0.26   0.18   0.80   0.77   0.75   0.81   0.50   0.37   0.33   0.16   0.22   0.44   0.95   0.29   0.28   0.47   0.84   0.85   0.25   0.34   0.16   0.55   0.64   0.86   0.86   0.37   0.17   0.40   0.61   0.86   0.85   0.46   0.28   0.78   0.64   0.82   0.65   0.56   0.54 
  0.73   0.74   0.49   0.41   0.52   0.49   0.64   0.83   0.12   0.39   0.30   0.54   0.64   0.44   0.97   0.67   0.99   0.36   0.84   0.90   0.51   0.13   0.42   0.62   0.38   0.88   0.17   0.78   0.58   0.64   0.11   0.86   0.49   0.54   0.86   0.25   0.78   0.10   0.24   0.67   0.38   0.18   0.34   0.71   0.19   0.45   0.29   0.66   0.83   0.25 
  0.46   0.63   0.91   0.41   0.31   0.90   0.13   0.63   0.18   0.85   0.76   0.43   0.39   0.86   0.58   0.51   0.80   0.41   0.40   0.76   0.88   0.71   0.51   0.92   0.13   0.46   0.73   0.41   0.83   0.16   0.77   0.81   0.80   0.92   0.26   0.68   0.78   0.45   0.20   0.86   0.41   0.84   0.16   0.59   0.38   0.51   0.13   0.77   0.23   0.74 
  0.95   0.42   0.21   0.42   0.62   0.55   0.28   0.50   0.36   0.15   0.90   0.76   0.59   0.90   0.37   0.42   0.68   0.66   0.79   0.59   0.13   0.49   0.60   0.80   0.85   0.96   0.58   0.69   0.72   0.10   0.98   0.48   0.73   0.15   0.55   0.89   0.21   0.68   0.40   0.29   0.96   0.39   0.13   0.99   0.17   0.50   0.92   0.27   0.81   0.43 
  0.90   0.71   0.28   0.70   0.33   0.84   0.43   0.63   0.14   0.92   0.46   0.94   0.46   0.83   0.44   0.54   0.60   0.92   0.25   0.81   0.51   0.36   0.88   0.29   0.24   0.12   0.31   0.58   0.37   0.90   0.56   0.88   0.55   0.41   0.29   0.43   0.81   0.71   0.57   0.27   0.60   0.90   0.40   0.54   0.20   0.69   0.30   0.50   0.48   0.72 
  0.15   0.13   0.20   0.79   0.89   0.38   0.52   0.17   0.70   0.91   0.34   0.91   0.60   0.18   0.15   0.24   0.76   0.19   0.64   0.87   0.33   0.54   0.53   0.33   0.73   0.19   0.34   0.63   0.60   0.52   0.47   0.41   0.30   0.34   0.93   0.34   0.65   0.13   0.83   0.94   0.44   0.43   0.49   0.47   0.67   0.61   0.55   0.80   0.54   0.52 
  0.58   0.43   0.58   0.42   0.52   0.72   0.17   0.39   0.26   0.51   0.76   0.35   0.55   0.10   0.20   0.31   0.40   0.52   0.59   0.45   0.42   0.14   0.29   0.40   0.73   0.94   0.47   0.85   0.36   0.70   0.26   0.64   0.10   0.48   0.57   0.26   0.73   0.59   0.97   0.60   0.40   0.90   0.12   0.61   0.83   0.24   0.22   0.60   0.45   0.45 
  0.28   0.71   0.65   0.22   0.14   0.87   0.29   0.39   0.99   0.94   0.14   0.52   0.34   0.74   0.40   0.59   0.94   0.97   0.27   0.79   0.51   0.86   0.79   0.56   0.66   0.60   0.19   0.25   0.61   0.68   0.84   0.85   0.73   0.23   0.53   0.85   0.47   0.19   0.67   0.46   0.52   0.74   0.78   0.49   0.15   0.35   0.67   0.38   0.27   0.88 
  0.94   0.93   0.96   0.83   0.21   0.18   0.53   0.83   0.34   0.35   0.90   0.57   0.29   0.43   0.16   0.33   0.13   0.51   0.57   0.65   0.39   0.77   0.67   0.53   0.43   0.59   0.73   0.82   0.22   0.53   0.51   0.49   0.73   0.21   0.64   0.15   0.76   0.50   0.99   0.46   0.26   0.17   0.78   0.74   0.37   0.87   0.42   0.70   0.43   0.12 
  0.38   0.61   0.16   0.40   0.41   0.28   0.40   0.82   0.15   0.40   0.68   0.14   0.85   0.78   0.41   0.21   0.14   0.60   0.15   0.53   0.22   0.54   0.25   0.41   0.84   0.51   0.45   0.64   0.59   0.85   0.83   0.41   0.11   0.62   0.49   0.22   0.78   0.95   0.86   0.19   0.63   0.38   0.46   0.56   0.76   0.63   0.49   0.30   0.49   0.91 
  0.50   0.81   0.44   0.67   0.43   0.25   0.62   0.43   0.33   0.56   0.17   0.76   0.39   0.36   0.49   0.65   0.23   0.49   0.71   0.34   0.52   0.85   0.86   0.72   0.19   0.24   0.88   0.51   0.81   0.52   0.26   0.76   0.34   0.80   0.47   0.47   0.41   0.57   0.97   0.91   0.39   0.75   0.42   0.74   0.60   0.77   0.88   0.52   0.67   0.66 
  0.38   0.51   0.12   0.67   0.53   0.52   0.27   0.23   0.16   0.26   0.86   0.11   0.83   0.84   0.53   0.26   0.30   0.87   0.78   0.41   0.38   0.26   0.55   0.61   0.74   0.98   0.16   0.69   0.27   0.31   0.57   0.39   0.16   0.90   0.99   0.34   0.25   0.24   0.40   0.24   0.11   0.27   0.61   0.92   0.32   0.68   0.90   0.32   0.29   0.87 
  0.61   0.66   0.87   0.28   0.98   0.13   0.26   0.28   0.28   0.43   0.56   0.40   0.81   0.11   0.75   0.38   0.82   0.24   0.30   0.82   0.49   0.66   0.41   0.12   0.23   0.46   0.61   0.97   0.41   0.69   0.47   0.87   0.68   0.22   0.27   0.23   0.83   0.84   0.98   0.19   0.29   0.56   0.88   0.61   0.87   0.55   0.37   0.43   0.54   0.57 
  0.62   0.31   0.67   0.76   0.76   0.58   0.69   0.88   0.56   0.75   0.16   0.94   0.56   0.77   0.19   0.23   0.63   0.60   0.67   0.43   0.97   0.22   0.47   0.15   0.77   0.91   0.60   0.27   0.50   0.35   0.42   0.32   0.83   0.81   0.21   0.23   0.96   0.55   0.75   0.52   0.31   0.86   0.49   0.36   0.64   0.92   0.89   0.81   0.78   0.42 
  0.52   0.75   0.72   0.54   0.67   0.34   0.74   0.85   0.76   0.49   0.31   0.23   0.13   0.60   0.63   0.44   0.61   0.20   0.84   0.36   0.77   0.73   0.17   0.57   0.97   0.42   0.88   0.50   0.37   0.13   0.62   0.87   0.55   0.76   0.84   0.36   0.19   0.29   0.28   0.89   0.69   0.87   0.41   0.23   0.66   0.82   0.79   0.97   0.45   0.11 
  0.13   0.49   0.98   0.19   0.26   0.73   0.73   0.23   0.72   0.62   0.13   0.30   0.41   0.19   0.97   0.58   0.27   0.45   0.60   0.16   0.28   0.29   0.22   0.63   0.66   0.63   0.48   0.32   0.25   0.46   0.34   0.33   0.23   0.30   0.84   0.59   0.55   0.26   0.28   0.32   0.84   0.36   0.24   0.36   0.16   0.69   0.53   0.87   0.92   0.79 
  0.80   0.41   0.39   0.48   0.87   0.76   0.14   0.70   0.32   0.52   0.13   0.12   0.86   0.58   0.29   0.44   0.85   0.44   0.39   0.11   0.13   0.59   0.96   0.77   0.15   0.56   0.76   0.70   0.30   0.97   0.50   0.71   0.31   0.73   0.10   0.35   0.23   0.93   0.85   0.94   0.55   0.21   0.46   0.43   0.28   0.64   0.39   0.76   0.77   0.61 
  0.62   0.78   0.36   0.25   0.70   0.93   0.94   0.70   0.75   0.20   0.84   0.57   0.46   0.90   0.88   0.91   0.87   0.84   0.81   0.82   0.14   0.27   0.81   0.32   0.45   0.56   0.35   0.39   0.50   0.59   0.41   0.31   0.28   0.54   0.68   0.92   0.16   0.58   0.91   0.62   0.24   0.64   0.34   0.69   0.86   0.35   0.36   0.91   0.57   0.29 
  0.79   0.47   0.76   0.30   0.21   0.88   0.90   0.86   0.51   0.42   0.91   0.81   0.45   0.83   0.34   0.11   0.28   0.33   0.40   0.25   0.66   0.15   0.71   0.93   0.77   0.36   0.37   0.61   0.30   0.49   0.60   0.35   0.17   0.55   0.62   0.25   0.23   0.41   0.48   0.77   0.84   0.77   0.33   0.44   0.51   0.86   0.28   0.88   0.22   0.73 
  0.84   0.90   0.23   0.30   0.13   0.67   0.48   0.24   0.67   0.44   0.97   0.13   0.25   0.91   0.74   0.68   0.35   0.49   0.88   0.82   0.82   0.52   0.25   0.54   0.64   0.49   0.97   0.14   0.68   0.61   0.50   0.35   0.46   0.52   0.44   0.95   0.93   0.75   0.95   0.18   0.84   0.99   0.34   0.12   0.24   0.60   0.11   0.59   0.27   0.87 
  0.16   0.35   0.22   0.16   0.73   0.54   0.11   0.66   0.54   0.46   0.66   0.88   0.70   0.19   0.35   0.17   0.34   0.70   0.66   0.22   0.41   0.62   0.59   0.50   0.98   0.71   0.54   0.16   0.61   0.18   0.94   0.92   0.83   0.56   0.83   0.26   0.18   0.94   0.87   0.73   0.57   0.78   0.14   0.95   0.90   0.81   0.23   0.68   0.98   0.71 
  0.31   0.67   0.77   0.94   0.62   0.15   0.65   0.66   0.76   0.44   0.39   0.83   0.85   0.54   0.15   0.86   0.75   0.50   0.46   0.93   0.97   0.60   0.49   0.30   0.36   0.41   0.85   0.53   0.52   0.95   0.38   0.89   0.77   0.22   0.68   0.54   0.17   0.72   0.61   0.40   0.76   0.70   0.24   0.22   0.41   0.35   0.62   0.29   0.43   0.36 
  0.50   0.85   0.90   0.82   0.60   0.14   0.91   0.11   0.41   0.58   0.42   0.46   0.63   0.44   0.72   0.71   0.20   0.79   0.10   0.20   0.77   0.40   0.10   0.63   0.51   0.95   0.29   0.61   0.11   0.11   0.52   0.29   0.68   0.87   0.43   0.34   0.95   0.19   0.28   0.85   0.33   0.62   0.10   0.84   0.30   0.44   0.21   0.45   0.46   0.52 
  0.46   0.26   0.63   0.41   0.58   0.74   0.33   0.89   0.74   0.76   0.42   0.36   0.80   0.65   0.93   0.24   0.70   0.83   0.13   0.93   0.22   0.33   0.21   0.32   0.15   0.90   0.40   0.27   0.87   0.75   0.13   0.92   0.51   0.83   0.28   0.26   0.86   0.67   0.13   0.25   0.87   0.63   0.15   0.76   0.58   0.47   0.78   0.59   0.95   0.23 
  0.13   0.56   0.11   0.36   0.61   0.91   0.19   0.94   0.56   0.21   0.67   0.16   0.16   0.48   0.11   0.17   0.67   0.51   0.21   0.34   0.78   0.28   0.71   0.40   0.93   0.31   0.94   0.58   0.42   0.55   0.77   0.23   0.89   0.26   0.97   0.96   0.24   0.82   0.52   0.74   0.54   0.15   0.68   0.35   0.91   0.27   0.88   0.27   0.29   0.54 
  0.27   0.50   0.95   0.13   0.65   0.75   0.18   0.56   0.51   0.34   0.98   0.59   0.76   0.31   0.89   0.68   0.43   0.36   0.11   0.28   0.12   0.33   0.27   0.74   0.52   0.32   0.16   0.80   0.37   0.45   0.11   0.13   0.71   0.26   0.40   0.23   0.66   0.20   0.30   0.51   0.28   0.93   0.77   0.81   0.76   0.17   0.65   0.15   0.37   0.79 
  0.80   0.93   0.78   0.77   0.51   0.39   0.52   0.25   0.74   0.59   0.61   0.70   0.21   0.20   0.85   0.36   0.21   0.14   0.83   0.61   0.14   0.50   0.40   0.95   0.27   0.85   0.76   0.18   0.35   0.68   0.71   0.67   0.49   0.26   0.60   0.36   0.38   0.53   0.90   0.19   0.69   0.83   0.46   0.26   0.45   0.95   0.83   0.27   0.21   0.22 
  0.25   0.92   0.83   0.72   0.11   0.97   0.67   0.76   0.96   0.63   0.83   0.23   0.50   0.83   0.87   0.66   0.28   0.54   0.54   0.86   0.20   0.29   0.45   0.77   0.46   0.87   0.53   0.73   0.54   0.61   0.59   0.73   0.86   0.38   0.57   0.82   0.10   0.76   0.42   0.87   0.71   0.20   0.71   0.82   0.72   0.70   0.78   0.66   0.32   0.29 
  0.85   0.66   0.44   0.33   0.17   0.49   0.59   0.16   0.28   0.66   0.31   0.12   0.14   0.97   0.51   0.54   0.90   0.50   0.65   0.53   0.34   0.59   0.33   0.44   0.51   0.63   0.32   0.92   0.46   0.84   0.47   0.15   0.64   0.34   0.57   0.44   0.22   0.85   0.45   0.63   0.39   0.80   0.66   0.95   0.91   0.78   0.95   0.29   0.94   0.30 
  0.18   0.42   0.96   0.45   0.52   0.76   0.41   0.12   0.51   0.72   0.96   0.20   0.97   0.24   0.63   0.91   0.25   0.31   0.16   0.76   0.18   0.90   0.15   0.97   0.43   0.39   0.80   0.90   0.87   0.27   0.87   0.98   0.75   0.60   0.50   0.14   0.84   0.79   0.95   0.61   0.88   0.90   0.56   0.11   0.73   0.36   0.80   0.82   0.85   0.79 
  0.23   0.34   0.76   0.35   0.24   0.69   0.17   0.89   0.45   0.90   0.96   0.20   0.77   0.51   0.21   0.88   0.55   0.54   0.26   0.78   0.79   0.43   0.56   0.30   0.17   0.34   0.85   0.53   0.13   0.68   0.26   0.41   0.54   0.65   0.96   0.37   0.37   0.72   0.52   0.96   0.52   0.42   0.70   0.38   0.31   0.23   0.48   0.76   0.61   0.19 
  0.63   0.51   0.45   0.58   0.59   0.97   0.61   0.54   0.22   0.91   0.85   0.63   0.72   0.45   0.83   0.61   0.26   0.35   0.93   0.72   0.32   0.98   0.69   0.41   0.63   0.44   0.78   0.47   0.86   0.24   0.90   0.95   0.38   0.88   0.65   0.56   0.74   0.56   0.17   0.29   0.35   0.43   0.18   0.26   0.18   0.42   0.10   0.35   0.92   0.66 
  0.83   0.34   0.40   0.50   0.51   0.41   0.67   0.36   0.82   0.37   0.59   0.53   0.29   0.36   0.53   0.18   0.59   0.70   0.72   0.69   0.23   0.53   0.56   0.72   0.86   0.43   0.69   0.54   0.81   0.84   0.18   0.73   0.92   0.12   0.49   0.88   0.35   0.38   0.56   0.41   0.57   0.97   0.10   0.34   0.58   0.62   0.16   0.41   0.82   0.55 
  0.16   0.58   0.47   0.81   0.71   0.80   0.77   0.25   0.71   0.55   0.62   0.82   0.83   0.56   0.73   0.31   0.12   0.12   0.20   0.91   0.42   0.88   0.30   0.21   0.11   0.65   0.53   0.61   0.73   0.19   0.36   0.16   0.30   0.95   0.69   0.95   0.68   0.21   0.34   0.81   0.59   0.70   0.54   0.91   0.67   0.81   0.29   0.36   0.78   0.89 
  0.96   0.74   0.85   0.17   0.59   0.43   0.63   0.98   0.66   0.12   0.53   0.84   0.82   0.32   0.17   0.74   0.71   0.85   0.36   0.79   0.24   0.12   0.54   0.47   0.13   0.34   0.85   0.21   0.90   0.39   0.51   0.18   0.99   0.68   0.51   0.24   0.48   0.14   0.90   0.51   0.49   0.28   0.49   0.98   0.73   0.16   0.14   0.50   0.13   0.29 
  0.40   0.64   0.44   0.37   0.32   0.45   0.79   0.68   0.52   0.80   0.82   0.10   0.88   0.37   0.95   0.31   0.69   0.41   0.90   0.24   0.86   0.20   0.86   0.98   0.60   0.44   0.61   0.68   0.83   0.13   0.28   0.96   0.71   0.79   0.27   0.54   0.92   0.84   0.69   0.72   0.98   0.31   0.25   0.61   0.39   0.55   0.78   0.10   0.67   0.58 
  0.80   0.21   0.41   0.37   0.48   0.94   0.90   0.44   0.27   0.76   0.12   0.43   0.50   0.34   0.14   0.60   0.44   0.60   0.60   0.21   0.62   0.37   0.37   0.17   0.92   0.98   0.56   0.36   0.65   0.76   0.14   0.13   0.72   0.34   0.25   0.97   0.88   0.66   0.66   0.37   0.20   0.39   0.64   0.30   0.38   0.65   0.63   0.96   0.22   0.15 
  0.67   0.75   0.54   0.94   0.86   0.86   0.54   0.19   0.63   0.44   0.43   0.90   0.38   0.69   0.97   0.58   0.75   0.18   0.20   0.59   0.73   0.79   0.40   0.28   0.94   0.20   0.69   0.38   0.88   0.40   0.47   0.62   0.92   0.63   0.19   0.54   0.40   0.70   0.57   0.38   0.98   0.88   0.30   0.39   0.45   0.98   0.93   0.49   0.87   0.90 
  0.59   0.47   0.53   0.98   0.75   0.60   0.33   0.71   0.27   0.57   0.86   0.84   0.23   0.42   0.93   0.34   0.16   0.70   0.30   0.98   0.91   0.69   0.13   0.28   0.71   0.20   0.30   0.30   0.98   0.12   0.40   0.18   0.74   0.35   0.35   0.17   0.67   0.54   0.19   0.27   0.31   0.95   0.40   0.11   0.36   0.89   0.23   0.82   0.64   0.92 
  0.64   0.28   0.64   0.50   0.45   0.40   0.89   0.31   0.70   0.16   0.69   0.88   0.73   0.92   0.95   0.77   0.62   0.97   0.70   0.80   0.50   0.58   0.19   0.31   0.62   0.81   0.39   0.53   0.87   0.75   0.82   0.34   0.84   0.85   0.45   0.74   0.17   0.30   0.59   0.80   0.86   0.77   0.34   0.24   0.57   0.23   0.83   0.50   0.97   0.85 
  0.45   0.17   0.15   0.97   0.63   0.47   0.30   0.75   0.14   0.32   0.46   0.64   0.86   0.68   0.40   0.74   0.58   0.43   0.53   0.63   0.30   0.88   0.51   0.81   0.48   0.73   0.93   0.47   0.13   0.15   0.36   0.27   0.81   0.49   0.70   0.59   0.17   0.28   0.74   0.66   0.70   0.79   0.60   0.39   0.24   0.42   0.18   0.97   0.39   0.85 
  0.38   0.84   0.34   0.36   0.19   0.72   0.73   0.80   0.53   0.47   0.40   0.46   0.45   0.95   0.85   0.76   0.94   0.38   0.45   0.62   0.47   0.89   0.72   0.96   0.76   0.68   0.21   0.79   0.53   0.59   0.19   0.62   0.68   0.23   0.78   0.34   0.39   0.30   0.57   0.86   0.16   0.44   0.53   0.97   0.16   0.27   0.53   0.32   0.68   0.10 
  0.89   0.23   0.79   0.85   0.44   0.38   0.65   0.25   0.63   0.22   0.60   0.22   0.37   0.82   0.58   0.30   0.94   0.97   0.83   0.35   0.99   0.62   0.34   0.18   0.83   0.36   0.68   0.73   0.43   0.14   0.86   0.18   0.67   0.31   0.93   0.26   0.68   0.75   0.88   0.87   0.60   0.86   0.49   0.27   0.91   0.54   0.86   0.35   0.82   0.89 
  0.37   0.50   0.22   0.87   0.17   0.76   0.35   0.11   0.89   0.24   0.82   0.45   0.41   0.44   0.21   0.24   0.27   0.81   0.73   0.29   0.40   0.44   0.38   0.48   0.48   0.28   0.89   0.87   0.54   0.87   0.24   0.58   0.21   0.50   0.10   0.27   0.75   0.67   0.85   0.93   0.21   0.43   0.81   0.62   0.31   0.72   0.68   0.94   0.93   0.80 
  0.30   0.25   0.12   0.21   0.94   0.14   0.86   0.18   0.65   0.14   0.25   0.60   0.36   0.82   0.32   0.18   0.48   0.69   0.29   0.72   0.57   0.39   0.52   0.49   0.93   0.19   0.91   0.24   0.11   0.46   0.11   0.34   0.55   0.16   0.56   0.65   0.87   0.91   0.61   0.66   0.88   0.70   0.73   0.65   0.90   0.14   0.46   0.10   0.99   0.67 
---
G_right: 50 49
  0.64   0.84   0.37   0.42   0.62   0.44   0.52   0.53   0.72   0.53   0.84   0.17   0.59   0.92   0.41   0.56   0.14   0.64   0.53   0.91   0.79   0.66   0.50   0.34   0.97   0.58   0.33   0.47   0.86   0.26   0.21   0.16   0.11   0.35   0.50   0.54   0.65   0.46   0.60   0.78   0.79   0.58   0.17   0.97   0.10   0.94   0.35   0.63   0.82 
  0.90   0.92   0.27   0.52   0.92   0.86   0.25   0.42   0.62   0.30   0.53   0.86   0.96   0.22   0.14   0.64   0.48   0.59   0.19   0.24   0.90   0.59   0.73   0.77   0.53   0.60   0.13   0.62   0.26   0.98   0.45   0.42   0.36   0.25   0.58   0.56   0.35   0.95   0.16   0.39   0.35   0.20   0.87   0.27   0.74   0.38   0.52   0.60   0.60 
  0.97   0.17   0.48   0.51   0.23   0.39   0.89   0.61   0.33   0.61   0.52   0.67   0.12   0.86   0.96   0.70   0.59   0.97   0.91   0.23   0.26   0.27   0.11   0.66   0.64   0.89   0.52   0.24   0.20   0.83   0.33   0.70   0.71   0.21   0.47   0.34   0.17   0.62   0.30   0.53   0.24   0.64   0.38   0.75   0.19   0.82   0.53   0.67   0.92 
  0.82   0.18   0.84   0.45   0.78   0.44   0.59   0.79   0.74   0.59   0.67   0.70   0.96   0.99   0.55   0.62   0.28   0.12   0.98   0.54   0.73   0.51   0.54   0.21   0.24   0.21   0.64   0.56   0.49   0.91   0.45   0.20   0.32   0.85   0.64   0.69   0.41   0.85   0.29   0.70   0.26   0.48   0.72   0.32   0.37   0.43   0.47   0.34   0.54 
  0.26   0.62   0.49   0.51   0.46   0.35   0.75   0.52   0.72   0.88   0.50   0.32   0.75   0.68   0.12   0.78   0.48   0.76   0.49   0.63   0.76   0.35   0.43   0.19   0.96   0.69   0.81   0.65   0.96   0.25   0.82   0.73   0.98   0.45   0.43   0.60   0.37   0.87   0.16   0.67   0.11   0.80   0.92   0.63   0.94   0.31   0.51   0.87   0.73 
  0.59   0.62   0.32   0.16   0.86   0.81   0.24   0.95   0.84   0.31   0.34   0.15   0.65   0.71   0.66   0.97   0.72   0.84   0.74   0.39   0.54   0.47   0.75   0.64   0.87   0.90   0.65   0.98   0.87   0.59   0.24   0.26   0.35   0.22   0.39   0.16   0.21   0.15   0.79   0.71   0.85   0.13   0.24   0.87   0.85   0.69   0.12   0.11   0.85 
  0.32   0.77   0.84   0.67   0.92   0.34   0.85   0.68   0.94   0.22   0.32   0.56   0.58   0.59   0.88   0.56   0.50   0.12   0.63   0.78   0.71   0.57   0.27   0.52   0.90   0.48   0.22   0.14   0.85   0.78   0.56   0.61   0.73   0.67   0.10   0.90   0.68   0.17   0.25   0.47   0.94   0.91   0.83   0.94   0.84   0.26   0.25   0.32   0.20 
  0.31   0.13   0.41   0.31   0.37   0.11   0.39   0.82   0.22   0.20   0.86   0.29   0.86   0.55   0.73   0.77   0.89   0.41   0.97   0.26   0.28   0.50   0.89   0.55   0.27   0.86   0.20   0.79   0.29   0.64   0.26   0.43   0.60   0.46   0.79   0.89   0.81   0.40   0.71   0.39   0.90   0.70   0.57   0.74   0.44   0.19   0.62   0.81   0.61 
  0.41   0.10   0.27   0.80   0.19   0.14   0.32   0.97   0.71   0.52   0.49   0.31   0.46   0.93   0.52   0.55   0.32   0.55   0.89   0.24   0.76   0.88   0.69   0.65   0.79   0.81   0.26   0.28   0.75   0.25   0.61   0.71   0.20   0.56   0.63   0.46   0.98   0.78   0.81   0.18   0.56   0.16   0.28   0.78   0.28   0.45   0.16   0.23   0.77 
  0.18   0.82   0.87   0.84   0.81   0.14   0.75   0.47   0.11   0.58   0.41   0.89   0.68   0.76   0.62   0.26   0.65   0.66   0.95   0.70   0.30   0.77   0.86   0.11   0.58   0.65   0.56   0.30   0.82   0.25   0.16   0.76   0.29   0.84   0.51   0.55   0.46   0.97   0.88   0.87   0.67   0.43   0.95   0.40   0.21   0.96   0.94   0.27   0.31 
  0.37   0.32   0.67   0.68   0.98   0.42   0.62   0.65   0.95   0.98   0.67   0.81   0.30   0.87   0.78   0.51   0.28   0.28   0.84   0.31   0.73   0.23   0.36   0.25   0.25   0.96   0.76   0.13   0.95   0.24   0.95   0.77   0.20   0.77   0.46   0.37   0.73   0.12   0.52   0.59   0.21   0.53   0.42   0.48   0.83   0.81   0.57   0.38   0.52 
  0.42   0.50   0.35   0.35   0.34   0.96   0.92   0.53   0.74   0.90   0.14   0.77   0.32   0.81   0.42   0.19   0.32   0.27   0.66   0.85   0.36   0.59   0.20   0.81   0.34   0.71   0.98   0.14   0.32   0.27   0.33   0.42   0.32   0.35   0.23   0.90   0.63   0.50   0.16   0.35   0.52   0.59   0.32   0.36   0.97   0.42   0.52   0.71   0.53 
  0.74   0.31   0.36   0.53   0.48   0.76   0.10   0.36   0.54   0.65   0.51   0.77   0.66   0.40   0.83   0.75   0.92   0.73   0.69   0.55   0.20   0.64   0.36   0.43   0.14   0.97   0.14   0.78   0.54   0.26   0.74   0.15   0.59   0.40   0.86   0.43   0.30   0.71   0.39   0.33   0.19   0.36   0.69   0.45   0.58   0.62   0.21   0.88   0.14 
  0.49   0.10   0.19   0.95   0.10   0.55   0.94   0.76   0.20   0.84   0.12   0.43   0.76   0.50   0.15   0.94   0.63   0.77   0.91   0.24   0.91   0.75   0.40   0.43   0.85   0.93   0.65   0.56   0.35   0.91   0.26   0.72   0.88   0.47   0.34   0.69   0.97   0.40   0.15   0.69   0.49   0.77   0.88   0.13   0.69   0.84   0.41   0.82   0.62 
  0.91   0.63   0.52   0.36   0.79   0.65   0.54   0.25   0.96   0.34   0.43   0.17   0.67   0.48   0.42   0.61   0.68   0.83   0.25   0.22   0.93   0.12   0.95   0.19   0.28   0.44   0.72   0.88   0.56   0.37   0.81   0.74   0.51   0.49   0.34   0.88   0.54   0.18   0.49   0.42   0.79   0.77   0.39   0.94   0.84   0.51   0.98   0.44   0.39 
  0.34   0.64   0.23   0.55   0.47   0.63   0.15   0.78   0.45   0.64   0.65   0.81   0.82   0.57   0.65   0.34   0.98   0.59   0.93   0.57   0.99   0.29   0.25   0.36   0.40   0.24   0.65   0.13   0.56   0.50   0.61   0.10   0.25   0.76   0.81   0.94   0.94   0.52   0.98   0.21   0.19   0.32   0.35   0.80   0.11   0.60   0.67   0.56   0.39 
  0.87   0.78   0.85   0.42   0.14   0.56   0.96   0.39   0.40   0.55   0.44   0.36   0.79   0.79   0.54   0.87   0.84   0.28   0.91   0.13   0.60   0.71   0.72   0.26   0.90   0.43   0.81   0.97   0.83   0.78   0.40   0.27   0.63   0.56   0.22   0.27   0.87   0.11   0.82   0.71   0.40   0.72   0.53   0.55   0.77   0.12   0.76   0.24   0.35 
  0.30   0.79   0.37   0.66   0.39   0.18   0.35   0.79   0.66   0.69   0.88   0.76   0.57   0.50   0.85   0.36   0.56   0.28   0.64   0.92   0.94   0.68   0.18   0.51   0.21   0.71   0.15   0.36   0.29   0.84   0.23   0.79   0.31   0.98   0.39   0.48   0.87   0.30   0.61   0.16   0.70   0.39   0.37   0.85   0.93   0.33   0.69   0.63   0.92 
  0.51   0.22   0.11   0.44   0.69   0.54   0.76   0.86   0.96   0.24   0.58   0.19   0.29   0.47   0.99   0.48   0.94   0.56   0.22   0.43   0.81   0.56   0.40   0.58   0.20   0.32   0.84   0.59   0.22   0.15   0.80   0.92   0.69   0.84   0.74   0.68   0.41   0.24   0.45   0.15   0.92   0.54   0.71   0.78   0.31   0.87   0.74   0.11   0.15 
  0.15   0.41   0.15   0.31   0.45   0.12   0.53   0.26   0.29   0.17   0.23   0.59   0.18   0.62   0.15   0.26   0.43   0.60   0.80   0.23   0.64   0.96   0.11   0.89   0.70   0.94   0.91   0.46   0.53   0.28   0.58   0.90   0.42   0.36   0.15   0.88   0.88   0.97   0.20   0.46   0.32   0.86   0.65   0.69   0.39   0.75   0.68   0.31   0.45 
  0.33   0.11   0.98   0.74   0.17   0.18   0.86   0.33   0.10   0.46   0.18   0.12   0.88   0.29   0.31   0.61   0.90   0.43   0.45   0.16   0.48   0.87   0.18   0.86   0.60   0.52   0.22   0.60   0.13   0.18   0.55   0.17   0.42   0.23   0.13   0.37   0.32   0.93   0.35   0.32   0.82   0.29   0.85   0.52   0.56   0.97   0.28   0.11   0.90 
  0.94   0.15   0.91   0.76   0.70   0.90   0.93   0.53   0.11   0.61   0.56   0.51   0.66   0.12   0.48   0.88   0.92   0.43   0.81   0.55   0.56   0.91   0.54   0.44   0.50   0.33   0.87   0.51   0.19   0.67   0.75   0.49   0.71   0.94   0.92   0.41   0.90   0.43   0.30   0.77   0.60   0.63   0.96   0.50   0.94   0.57   0.80   0.68   0.27 
  0.97   0.64   0.29   0.95   0.22   0.45   0.52   0.28   0.26   0.36   0.20   0.80   0.25   0.18   0.33   0.93   0.66   0.63   0.54   0.50   0.43   0.93   0.54   0.58   0.78   0.40   0.16   0.98   0.58   0.85   0.53   0.61   0.74   0.60   0.85   0.48   0.52   0.53   0.70   0.74   0.61   0.14   0.24   0.35   0.66   0.34   0.45   0.39   0.51 
  0.44   0.77   0.10   0.45   0.58   0.10   0.80   0.88   0.94   0.26   0.35   0.88   0.29   0.74   0.52   0.43   0.43   0.38   0.75   0.27   0.67   0.70   0.45   0.67   0.20   0.40   0.35   0.88   0.42   0.81   0.65   0.57   0.78   0.68   0.85   0.86   0.88   0.34   0.55   0.58   0.30   0.43   0.21   0.97   0.25   0.85   0.11   0.75   0.26 
  0.38   0.38   0.47   0.46   0.13   0.17   0.71   0.85   0.27   0.95   0.53   0.38   0.53   0.33   0.44   0.29   0.22   0.51   0.76   0.94   0.83   0.53   0.75   0.83   0.58   0.15   0.81   0.80   0.18   0.53   0.97   0.28   0.33   0.35   0.22   0.14   0.27   0.97   0.60   0.89   0.25   0.75   0.81   0.24   0.54   0.50   0.91   0.72   0.51 
  0.49   0.22   0.25   0.16   0.81   0.90   0.58   0.37   0.95   0.58   0.16   0.74   0.35   0.37   0.32   0.30   0.65   0.56   0.47   0.22   0.26   0.89   0.17   0.30   0.55   0.39   0.63   0.90   0.75   0.60   0.25   0.71   0.21   0.92   0.69   0.18   0.69   0.68   0.77   0.36   0.65   0.17   0.66   0.84   0.12   0.54   0.84   0.82   0.26 
  0.51   0.94   0.33   0.21   0.64   0.71   0.72   0.75   0.82   0.51   0.22   0.78   0.66   0.13   0.51   0.12   0.60   0.55   0.34   0.18   0.40   0.69   0.60   0.98   0.74   0.15   0.45   0.16   0.95   0.12   0.57   0.72   0.11   0.44   0.23   0.90   0.92   0.82   0.59   0.31   0.15   0.73   0.91   0.49   0.21   0.71   0.53   0.79   0.33 
  0.25   0.71   0.62   0.83   0.72   0.51   0.34   0.46   0.35   0.67   0.65   0.42   0.36   0.16   0.10   0.47   0.15   0.40   0.62   0.63   0.32   0.64   0.82   0.50   0.67   0.37   0.69   0.94   0.15   0.51   0.12   0.65   0.85   0.95   0.26   0.11   0.29   0.59   0.69   0.12   0.14   0.46   0.14   0.91   0.71   0.79   0.65   0.39   0.64 
  0.53   0.57   0.30   0.23   0.12   0.32   0.36   0.88   0.86   0.70   0.86   0.28   0.58   0.42   0.22   0.76   0.76   0.72   0.45   0.23   0.53   0.25   0.67   0.49   0.22   0.31   0.94   0.81   0.43   0.54   0.91   0.13   0.89   0.73   0.15   0.39   0.85   0.24   0.83   0.62   0.94   0.89   0.84   0.18   0.52   0.72   0.69   0.18   0.76 
  0.44   0.71   0.64   0.64   0.69   0.87   0.75   0.38   0.69   0.54   0.77   0.23   0.68   0.87   0.60   0.17   0.60   0.95   0.37   0.28   0.16   0.85   0.83   0.38   0.34   0.63   0.15   0.75   0.15   0.55   0.34   0.45   0.35   0.85   0.70   0.72   0.90   0.71   0.49   0.80   0.57   0.18   0.15   0.35   0.37   0.60   0.36   0.59   0.75 
  0.33   0.81   0.42   0.13   0.63   0.55   0.74   0.56   0.60   0.66   0.27   0.31   0.95   0.71   0.71   0.93   0.70   0.15   0.16   0.62   0.61   0.22   0.93   0.36   0.81   0.40   0.31   0.50   0.53   0.59   0.96   0.51   0.97   0.99   0.34   0.61   0.28   0.87   0.67   0.56   0.20   0.57   0.12   0.75   0.90   0.95   0.99   0.78   0.70 
  0.12   0.25   0.41   0.92   0.12   0.39   0.57   0.92   0.55   0.23   0.20   0.87   0.98   0.23   0.71   0.92   0.22   0.25   0.36   0.52   0.93   0.67   0.84   0.21   0.88   0.41   0.44   0.64   0.34   0.43   0.25   0.75   0.55   0.36   0.82   0.87   0.97   0.68   0.59   0.14   0.58   0.64   0.56   0.44   0.25   0.97   0.37   0.55   0.36 
  0.20   0.14   0.53   0.46   0.96   0.26   0.77   0.54   0.30   0.24   0.97   0.80   0.48   0.71   0.39   0.55   0.25   0.37   0.86   0.64   0.21   0.75   0.91   0.32   0.94   0.14   0.31   0.29   0.68   0.22   0.93   0.91   0.61   0.66   0.18   0.46   0.79   0.33   0.33   0.43   0.74   0.94   0.40   0.46   0.29   0.93   0.57   0.27   0.65 
  0.75   0.41   0.77   0.46   0.69   0.43   0.90   0.84   0.21   0.60   0.32   0.23   0.17   0.33   0.31   0.80   0.49   0.89   0.81   0.40   0.31   0.73   0.54   0.64   0.59   0.61   0.46   0.97   0.89   0.69   0.38   0.93   0.98   0.18   0.97   0.48   0.69   0.41   0.49   0.29   0.40   0.58   0.94   0.50   0.48   0.35   0.67   0.29   0.80 
  0.90   0.51   0.65   0.88   0.51   0.65   0.60   0.57   0.85   0.38   0.88   0.25   0.44   0.64   0.81   0.92   0.30   0.19   0.74   0.89   0.60   0.89   0.24   0.56   0.61   0.30   0.63   0.39   0.55   0.16   0.31   0.99   0.64   0.64   0.37   0.36   0.64   0.26   0.49   0.27   0.10   0.60   0.98   0.93   0.84   0.68   0.68   0.12   0.63 
  0.57   0.69   0.78   0.50   0.78   0.94   0.97   0.68   0.24   0.79   0.60   0.76   0.20   0.66   0.60   0.17   0.52   0.58   0.55   0.49   0.53   0.70   0.20   0.26   0.64   0.63   0.37   0.27   0.75   0.47   0.22   0.93   0.27   0.47   0.15   0.83   0.30   0.44   0.68   0.30   0.23   0.41   0.58   0.40   0.75   0.93   0.52   0.98   0.84 
  0.30   0.69   0.40   0.73   0.37   0.56   0.29   0.99   0.45   0.22   0.47   0.96   0.68   0.27   0.25   0.75   0.35   0.88   0.83   0.92   0.26   0.28   0.82   0.57   0.86   0.18   0.68   0.16   0.27   0.87   0.93   0.27   0.80   0.65   0.44   0.52   0.81   0.17   0.25   0.72   0.65   0.58   0.66   0.64   0.60   0.35   0.76   0.42   0.22 
  0.29   0.86   0.88   0.48   0.86   0.53   0.62   0.83   0.41   0.67   0.36   0.92   0.44   0.12   0.93   0.34   0.96   0.51   0.77   0.55   0.39   0.15   0.64   0.98   0.98   0.55   0.38   0.61   0.41   0.21   0.26   0.23   0.81   0.65   0.27   0.63   0.81   0.26   0.40   0.31   0.95   0.52   0.81   0.77   0.16   0.86   0.86   0.16   0.84 
  0.13   0.78   0.19   0.66   0.41   0.38   0.63   0.53   0.97   0.42   0.95   0.49   0.55   0.79   0.75   0.83   0.69   0.87   0.97   0.94   0.62   0.33   0.67   0.89   0.59   0.66   0.45   0.74   0.36   0.91   0.63   0.55   0.13   0.60   0.13   0.79   0.82   0.13   0.90   0.90   0.82   0.58   0.97   0.24   0.29   0.57   0.48   0.42   0.89 
  0.74   0.19   0.79   0.87   0.82   0.36   0.91   0.75   0.69   0.83   0.27   0.48   0.55   0.41   0.30   0.38   0.33   0.47   0.86   0.90   0.83   0.67   0.21   0.77   0.41   0.76   0.58   0.17   0.88   0.27   0.43   0.62   0.45   0.24   0.60   0.60   0.80   0.44   0.49   0.36   0.33   0.77   0.38   0.24   0.96   0.95   0.93   0.58   0.68 
  0.33   0.26   0.31   0.44   0.40   0.90   0.47   0.60   0.65   0.17   0.55   0.13   0.55   0.69   0.85   0.39   0.90   0.68   0.45   0.33   0.42   0.24   0.85   0.77   0.86   0.87   0.12   0.95   0.89   0.45   0.13   0.61   0.89   0.89   0.57   0.41   0.21   0.59   0.14   0.19   0.94   0.76   0.16   0.81   0.64   0.20   0.39   0.81   0.17 
  0.22   0.21   0.73   0.57   0.49   0.80   0.86   0.47   0.69   0.14   0.53   0.11   0.35   0.50   0.79   0.12   0.23   0.39   0.34   0.14   0.64   0.86   0.70   0.88   0.94   0.63   0.68   0.71   0.19   0.97   0.67   0.28   0.38   0.16   0.46   0.91   0.44   0.57   0.30   0.93   0.63   0.56   0.59   0.43   0.50   0.91   0.69   0.53   0.48 
  0.85   0.43   0.59   0.11   0.82   0.72   0.82   0.13   0.80   0.42   0.23   0.77   0.38   0.70   0.52   0.26   0.77   0.84   0.26   0.45   0.59   0.32   0.35   0.53   0.53   0.10   0.65   0.99   0.59   0.56   0.93   0.22   0.54   0.80   0.76   0.82   0.33   0.54   0.34   0.47   0.83   0.77   0.71   0.95   0.91   0.46   0.64   0.69   0.37 
  0.97   0.40   0.25   0.86   0.73   0.66   0.57   0.24   0.82   0.24   0.20   0.52   0.73   0.87   0.47   0.82   0.32   0.96   0.32   0.88   0.53   0.43   0.26   0.51   0.71   0.59   0.63   0.27   0.18   0.81   0.65   0.12   0.75   0.29   0.10   0.21   0.83   0.82   0.49   0.12   0.47   0.71   0.98   0.46   0.77   0.65   0.64   0.66   0.91 
  0.15   0.46   0.24   0.26   0.50   0.61   0.43   0.91   0.80   0.17   0.91   0.60   0.92   0.35   0.23   0.76   0.75   0.29   0.71   0.27   0.94   0.89   0.70   0.15   0.77   0.66   0.36   0.75   0.49   0.25   0.85   0.75   0.13   0.42   0.25   0.60   0.57   0.49   0.89   0.20   0.35   0.86   0.84   0.91   0.17   0.48   0.95   0.80   0.73 
  0.33   0.66   0.14   0.35   0.30   0.66   0.22   0.23   0.85   0.39   0.29   0.68   0.60   0.57   0.92   0.17   0.50   0.26   0.96   0.62   0.95   0.32   0.37   0.43   0.45   0.76   0.96   0.78   0.18   0.25   0.54   0.18   0.85   0.13   0.80   0.51   0.28   0.61   0.31   0.29   0.19   0.32   0.48   0.52   0.60   0.64   0.19   0.62   0.72 
  0.43   0.28   0.80   0.90   0.30   0.97   0.86   0.34   0.80   0.61   0.25   0.40   0.12   0.23   0.70   0.15   0.13   0.26   0.42   0.57   0.24   0.70   0.72   0.29   0.90   0.30   0.61   0.52   0.74   0.85   0.24   0.35   0.78   0.26   0.81   0.23   0.68   0.27   0.15   0.32   0.89   0.50   0.67   0.81   0.60   0.15   0.28   0.51   0.66 
  0.45   0.65   0.65   0.96   0.51   0.89   0.67   0.37   0.53   0.32   0.72   0.97   0.97   0.60   0.70   0.96   0.94   0.76   0.48   0.20   0.69   0.33   0.88   0.56   0.86   0.67   0.17   0.72   0.16   0.40   0.77   0.53   0.63   0.32   0.95   0.41   0.79   0.11   0.63   0.32   0.88   0.45   0.83   0.97   0.10   0.59   0.61   0.70   0.24 
  0.66   0.95   0.29   0.43   0.80   0.29   0.75   0.67   0.39   0.70   0.55   0.95   0.52   0.76   0.90   0.23   0.44   0.63   0.95   0.33   0.24   0.79   0.52   0.50   0.65   0.15   0.26   0.71   0.62   0.63   0.97   0.92   0.61   0.98   0.82   0.23   0.48   0.36   0.25   0.66   0.38   0.57   0.84   0.21   0.34   0.91   0.65   0.85   0.25 
  0.82   0.73   0.66   0.69   0.53   0.70   0.96   0.15   0.82   0.74   0.92   0.68   0.74   0.86   0.31   0.77   0.91   0.39   0.86   0.37   0.71   0.89   0.28   0.98   0.51   0.28   0.94   0.98   0.50   0.67   0.85   0.41   0.53   0.20   0.72   0.66   0.27   0.19   0.61   0.31   0.62   0.35   0.24   0.98   0.33   0.66   0.86   0.89   0.63 
---
G_diag: 49 49
  2.69   6.07   9.77   5.59   5.11   6.78   3.86   7.49   7.62   8.92   8.23   8.46   9.09   4.03   9.26   8.37   5.96   9.37   4.40   9.72   8.66   3.36   5.34   6.95   2.40   6.14   9.79   6.49   7.72   2.68   3.20   9.11   4.47   7.44   9.61   4.83   4.40   6.05   2.17   9.82   2.75   6.98   6.84   8.44   8.03   5.90   2.42   9.28   3.79 
  9.15   3.24   7.83   3.94   9.35   2.77   6.73   2.23   5.12   8.03   5.84   9.43   5.28   4.57   7.35   7.15   9.08   8.25   4.91   5.36   4.39   9.23   7.40   9.64   7.88   6.00   4.36   8.96   3.26   2.96   8.38   3.88   5.77   4.33   3.00   5.98   3.69   8.20   9.31   8.82   7.05   8.57   2.84   5.75   3.68   9.23   6.64   2.96   8.19 
  2.77   3.73   3.16   9.04   8.97   7.12   9.79   4.70   5.02   7.44   2.23   5.62   8.07   4.25   9.71   2.24   7.21   7.97   4.07   9.38   2.62   3.25   5.41   4.62   2.19   4.31   5.51   8.06   7.38   4.35   7.55   7.82   9.62   5.88   8.42   9.63   8.26   4.13   7.77   6.81   5.48   7.90   8.57   5.36   5.71   7.04   9.39   3.24   7.34 
  8.39   9.28   5.67   4.58   7.70   3.83   5.71   9.18   7.95   5.10   7.18   2.57   5.78   9.12   3.80   8.13   9.07   8.66   8.85   4.96   4.51   8.57   8.83   8.34   3.40   7.20   8.71   9.23   6.06   4.78   5.53   2.37   8.73   3.81   8.86   9.04   5.07   2.85   5.15   2.15   4.19   8.42   2.69   4.00   7.28   2.31   4.29   6.52   6.13 
  4.20   2.32   8.87   7.13   6.26   2.71   7.22   5.16   4.48   8.20   7.10   7.13   7.04   6.78   4.02   5.98   6.26   6.04   2.61   8.59   4.23   3.14   6.74   6.77   6.09   3.24   7.74   3.09   5.39   3.95   5.56   7.76   5.56   3.71   6.66   2.30   9.33   8.12   2.34   4.10   7.54   6.35   7.76   4.04   5.79   2.31   7.12   8.91   3.75 
  7.19   8.50   7.33   5.25   9.88   2.99   8.63   2.85   9.75   6.30   2.76   6.27   3.04   4.43   4.14   7.04   6.95   9.04   4.26   4.77   5.77   3.48   4.15   3.37   2.59   2.91   7.87   9.56   5.83   6.17   9.60   2.92   8.45   5.93   4.61   7.04   4.54   3.92   4.58   6.15   4.80   3.90   9.12   4.62   5.63   5.04   6.14   4.82   3.13 
  2.94   5.25   8.76   4.08   9.50   5.22   6.16   5.79   9.81   3.50   7.07   8.44   6.33   2.28   9.41   2.73   4.78   3.47   3.21   6.25   6.03   2.39   5.85   3.96   8.45   8.83   9.21   7.53   6.99   6.75   9.42   5.22   9.06   2.14   7.23   5.34   4.71   6.14   3.27   9.21   9.70   4.58   9.17   4.36   7.88   5.50   9.38   5.39   9.01 
  2.77   4.95   9.55   6.13   6.32   6.34   8.98   9.46   2.34   5.75   7.50   4.01   6.92   6.91   6.03   3.02   4.98   2.92   3.49   3.91   7.94   4.03   2.15   2.41   4.56   3.05   4.62   6.58   5.93   8.32   6.12   7.06   8.15   9.80   4.32   5.61   5.83   3.61   7.03   7.35   5.12   2.35   2.70   8.40   9.32   5.71   4.47   8.91   2.94 
  4.53   4.06   8.13   9.51   3.66   5.39   6.12   3.24   8.40   9.58   3.55   7.04   5.47   7.35   7.41   4.37   7.35   8.57   9.06   4.20   8.77   6.82   8.23   6.80   5.04   2.77   8.06   4.54   6.26   2.85   9.41   6.90   3.34   9.75   8.20   8.64   8.82   8.47   9.48   7.24   6.85   5.56   5.06   9.11   9.19   6.55   9.21   2.50   9.66 
  8.03   8.38   9.50   6.60   2.13   9.50   6.29   5.35   8.93   3.11   9.66   3.76   5.19   6.40   5.49   9.15   2.78   5.07   8.75   5.52   8.04   7.24   2.15   2.99   8.65   9.77   7.66   6.26   4.55   7.55   6.23   4.63   5.73   6.04   5.58   7.47   5.83   6.74   7.37   9.26   4.54   7.96   6.29   9.39   5.64   6.39   8.89   4.52   2.77 
  5.01   7.77   9.10   4.90   5.49   6.39   6.14   9.59   8.73   2.80   3.33   7.11   7.52   9.12   8.78   7.97   6.05   6.21   8.15   8.69   5.76   8.01   3.76   4.09   5.23   2.20   7.06   6.82   4.45   7.46   2.77   3.03   4.29   3.81   6.83   8.85   7.58   2.43   9.27   7.21   5.19   4.99   7.13   7.57   9.74   5.74   4.51   2.15   6.67 
  3.10   8.93   3.71   8.44   2.47   6.67   9.43   6.35   3.51   4.38   8.52   3.81   3.07   7.18   9.40   2.27   4.55   6.18   6.64   4.41   9.75   6.00   7.11   3.92   2.88   6.82   3.56   8.80   9.80   9.33   9.29   3.02   6.33   6.81   5.27   8.58   7.20   4.88   4.04   6.35   5.26   5.04   9.01   3.76   7.54   3.55   7.66   7.46   6.67 
  7.18   7.49   8.20   9.86   8.34   6.54   3.66   5.65   9.44   5.72   7.52   3.35   4.64   8.66   9.57   6.69   2.89   6.43   8.21   5.82   8.91   6.16   6.87   7.69   6.94   2.65   5.73   5.35   6.69   6.67   3.87   7.50   6.04   4.91   2.64   4.59   7.77   7.71   4.76   7.03   7.70   7.83   9.26   6.29   3.74   5.85   9.47   2.86   8.92 
  6.15   6.31   9.22   2.75   8.37   4.67   4.48   8.54   8.61   3.63   2.87   2.10   8.33   5.24   4.80   4.05   6.06   7.12   6.20   3.67   2.89   7.73   5.44   6.47   6.01   4.97   6.51   9.43   4.17   7.04   9.59   6.39   9.85   4.87   6.82   7.35   6.37   3.61   4.01   7.14   3.42   2.52   4.35   3.41   6.88   5.03   4.21   2.36   8.57 
  2.72   5.60   8.08   6.30   8.95   8.77   9.30   2.80   9.33   3.85   6.30   6.84   7.07   8.35   6.42   5.25   2.17   2.50   9.56   4.64   6.93   3.56   5.11   9.48   9.10   8.93   7.13   7.09   2.65   4.77   7.03   3.54   4.41   9.00   5.99   7.74   5.79   5.18   4.33   5.21   3.07   5.61   7.07   7.42   8.39   8.44   2.68   3.77   9.29 
  4.81   8.32   9.23   8.87   6.79   8.90   3.20   4.82   4.05   9.40   9.84   9.54   2.70   6.61   5.81   3.68   3.49   7.71   6.89   8.92   2.84   9.34   8.55   7.28   7.62   5.42   3.36   6.90   6.07   3.88   5.83   7.63   5.08   7.59   2.72   4.64   5.05   7.39   5.34   8.01   6.03   6.95   7.68   9.01   2.77   2.93   7.33   6.04   8.08 
  7.53   7.33   3.43   8.85   6.13   5.22   2.82   6.33   5.33   7.27   3.03   2.83   3.79   4.15   4.09   8.48   7.66   3.61   6.28   7.54   3.16   8.19   5.03   5.67   6.99   6.51   3.16   9.48   5.20   8.88   6.72   7.74   5.71   6.46   3.94   3.12   4.71   2.36   7.07   3.81   7.51   6.93   4.57   3.27   9.05   5.35   2.41   8.89   2.95 
  4.77   9.72   3.79   9.40   7.42   6.09   5.65   2.35   3.68   3.33   9.65   8.83   5.88   9.47   2.63   6.17   6.71   2.53   5.21   6.19   9.27   2.65   2.96   3.43   6.38   9.00   7.10   4.27   3.10   4.69   6.83   4.86   4.80   9.77   6.31   3.05   3.96   7.05   2.54   7.77   8.79   7.03   3.60   9.76   9.75   5.01   5.67   6.06   4.01 
  2.75   5.58   3.74   8.43   4.51   5.87   6.61   5.96   8.63   5.69   6.66   4.77   6.43   5.34   4.96   6.87   6.89   5.86   8.10   6.42   9.59   8.20   4.19   6.70   9.21   3.03   8.13   8.52   6.47   7.65   2.63   9.84   5.67   9.57   9.17   8.59   4.04   3.62   8.69   2.65   3.32   2.80   8.70   6.74   4.76   7.61   2.26   5.42   3.56 
  8.74   6.78   2.58   2.30   9.54   4.42   3.92   8.07   3.09   9.16   2.53   7.18   2.44   9.78   8.10   4.57   4.62   7.79   9.52   7.68   7.75   3.52   4.91   4.25   9.88   7.55   7.86   5.97   8.26   6.05   4.96   2.69   5.96   4.40   4.38   7.42   6.99   7.41   9.11   3.76   3.52   3.23   7.02   6.82   2.68   6.99   6.65   2.84   2.99 
  4.57   2.57   9.73   8.21   3.29   3.63   2.97   4.07   4.85   9.51   6.32   6.92   2.89   6.05   8.07   9.46   5.84   3.27   4.26   8.37   7.88   2.15   9.11   4.36   6.48   5.53   8.84   2.77   8.76   6.07   8.65   6.52   4.10   4.52   3.96   6.09   3.45   8.39   7.76   8.77   3.46   2.42   3.01   4.82   2.45   3.40   6.95   5.31   5.06 
  3.10   6.56   3.73   3.10   2.87   4.06   6.68   9.87   2.32   7.37   7.33   6.68   5.55   9.67   3.05   2.76   2.39   2.79   7.30   2.86   6.70   2.90   6.72   6.77   6.19   5.87   6.22   3.75   4.72   9.03   7.46   5.86   5.86   2.52   6.44   7.55   7.12   8.18   3.21   3.67   4.61   6.77   3.00   2.95   8.28   5.40   2.41   3.23   6.85 
  6.28   3.46   6.39   2.26   6.24   4.05   8.61   6.17   5.94   8.02   8.02   5.37   8.04   7.25   8.00   8.15   3.35   5.67   2.80   2.52   2.77   5.91   2.38   5.23   4.04   7.31   7.52   4.02   6.74   8.27   7.69   8.31   6.60   4.08   2.63   3.68   4.92   2.86   3.40   9.33   7.05   8.29   9.11   3.77   3.57   3.99   8.48   5.96   5.29 
  3.20   7.58   4.09   2.49   8.59   7.02   5.26   4.35   4.16   3.39   2.18   3.21   3.28   4.23   2.16   9.30   7.00   9.33   5.96   2.75   6.74   2.83   8.95   2.65   4.48   4.28   8.23   9.79   3.56   5.72   7.40   7.56   8.12   6.14   3.11   5.98   6.15   3.84   2.54   2.36   3.12   5.81   3.24   8.73   5.01   7.89   2.89   6.68   9.35 
  8.63   5.27   9.56   7.12   6.31   6.14   2.74   5.70   2.16   2.22   3.93   4.27   5.30   9.49   3.13   4.82   9.17   7.43   4.02   5.16   4.17   8.32   6.49   5.39   9.12   8.09   8.17   4.43   9.52   3.94   8.81   8.07   5.76   2.45   7.04   3.19   3.57   9.66   5.52   8.19   6.62   6.27   2.76   9.47   5.50   6.38   9.88   8.79   4.42 
  2.68   8.82   5.92   4.18   9.46   7.17   2.50   7.97   6.31   8.17   9.07   6.97   8.23   4.72   3.53   3.37   5.25   7.49   2.99   7.04   6.98   5.51   9.80   2.72   2.35   3.94   7.31   9.86   2.93   9.20   7.31   2.19   7.07   3.66   8.88   2.36   3.98   3.19   8.74   4.55   7.83   6.98   8.84   6.58   5.22   3.34   4.15   9.29   7.08 
  3.34   5.56   9.62   7.98   2.91   8.31   7.32   8.84   5.82   8.08   2.60   7.69   3.98   6.04   9.65   8.70   7.47   9.85   9.53   5.70   6.84   6.91   4.05   8.66   9.21   6.79   4.19   9.54   4.29   2.60   2.33   6.02   6.13   3.82   9.35   4.92   7.08   2.50   8.80   5.88   6.66   2.26   6.02   6.15   5.36   9.61   5.74   3.19   7.14 
  5.37   9.52   2.84   5.47   7.42   4.54   9.37   2.64   6.71   9.86   5.19   5.77   6.67   9.26   5.93   9.55   3.13   9.37   4.80   4.06   2.80   9.22   7.42   4.46   5.71   8.20   9.12   2.68   7.69   5.50   3.60   8.32   7.68   8.30   3.69   4.59   2.90   8.24   7.71   6.57   5.91   3.11   5.59   8.82   5.56   4.07   8.47   7.18   9.67 
  4.58   5.13   3.55   5.67   4.28   5.33   9.21   4.27   9.28   5.98   6.32   3.62   8.58   5.62   8.53   5.34   8.31   5.70   4.63   9.14   4.61   2.72   6.19   6.46   9.71   8.67   5.53   7.71   4.07   9.51   3.83   8.81   7.33   7.27   8.03   6.16   4.69   8.28   8.23   9.59   7.14   6.67   4.56   3.13   8.57   7.30   6.78   7.05   7.52 
  9.26   2.65   3.18   3.41   4.74   9.12   2.43   8.64   8.07   3.42   6.86   6.86   5.38   8.83   3.12   4.08   7.53   8.48   7.18   6.97   4.79   7.99   6.78   3.28   5.03   2.43   9.12   3.85   3.09   6.87   9.50   6.85   8.67   7.28   8.49   3.17   8.25   8.37   7.75   8.20   4.08   4.66   3.00   8.65   8.44   6.36   2.58   8.48   4.58 
  7.33   9.72   8.18   6.80   9.44   6.52   6.37   8.14   9.84   5.88   8.72   4.97   5.42   2.70   4.49   2.43   4.56   9.24   5.43   9.28   9.53   9.12   4.29   5.62   3.33   5.94   3.68   7.22   2.93   6.31   4.51   9.71   7.50   5.87   4.74   3.34   4.81   2.67   7.48   3.03   3.79   6.18   5.61   3.85   6.53   8.57   9.16   3.83   5.83 
  7.69   7.36   7.15   6.38   8.42   5.67   2.41   3.79   3.17   3.01   2.63   5.78   7.08   3.96   3.50   8.67   8.09   7.48   6.05   8.72   4.93   7.62   3.88   8.79   2.72   8.79   5.45   4.68   2.67   8.95   6.99   6.10   9.42   6.98   6.98   3.79   6.12   4.91   2.30   8.03   4.57   9.17   2.75   9.01   8.51   7.65   4.73   8.78   8.90 
  6.25   6.08   9.30   7.02   5.09   7.30   2.43   8.22   2.67   3.17   5.75   8.88   3.54   3.44   7.04   5.77   7.91   9.25   4.67   4.44   6.80   5.86   8.17   8.24   8.29   5.26   3.67   6.98   6.34   4.03   8.81   4.82   8.78   5.85   9.60   5.79   5.40   5.20   7.44   9.24   8.67   9.71   5.31   6.19   3.97   8.70   4.42   5.64   9.83 
  2.36   6.36   5.64   6.51   7.48   4.70   9.24   4.73   4.31   7.17   9.00   5.33   2.45   3.47   4.43   3.57   9.51   7.23   8.61   2.57   7.93   9.86   3.80   2.59   6.63   7.48   8.66   8.66   9.16   8.89   5.09   4.30   4.75   2.11   9.13   6.04   4.46   7.30   4.27   3.94   2.94   3.44   9.58   2.21   7.84   7.43   2.62   6.94   3.92 
  3.59   4.79   3.71   3.23   4.19   9.07   7.33   6.03   9.35   4.71   8.21   4.48   9.76   6.73   5.30   8.45   7.52   5.08   2.11   4.01   8.07   3.74   4.07   2.92   3.11   3.02   4.46   2.71   9.28   9.89   9.27   6.60   8.63   8.25   3.48   2.81   5.51   9.70   5.10   8.25   9.25   3.59   4.94   2.58   7.40   6.39   5.34   9.33   4.71 
  8.06   3.00   6.73   2.41   9.14   5.97   7.11   3.63   5.76   3.96   4.28   5.91   3.52   3.47   3.81   6.72   9.72   2.70   7.94   8.26   7.98   4.12   2.58   6.72   6.07   4.46   3.67   7.29   7.70   9.09   6.45   9.38   8.84   9.11   9.31   7.82   3.73   2.40   7.36   3.83   9.33   2.55   8.26   7.65   2.50   5.27   7.80   9.80   7.87 
  5.96   2.68   7.28   5.94   2.55   8.77   4.05   5.95   9.72   9.24   3.45   4.93   8.33   6.01   4.61   3.34   2.36   7.25   3.86   6.97   6.08   7.24   6.45   9.21   4.60   2.49   9.53   2.70   2.95   8.70   4.22   3.03   5.83   3.34   9.52   4.97   4.15   4.84   9.41   9.13   3.67   7.72   7.50   8.56   8.62   6.29   4.06   2.45   3.27 
  8.55   5.56   2.44   3.03   2.44   4.81   3.39   6.16   5.36   7.91   2.92   3.10   7.68   6.86   9.44   9.59   2.58   4.11   5.34   4.98   8.43   5.63   5.07   6.92   7.39   6.67   5.45   9.54   5.56   6.39   9.03   9.19   9.18   2.72   2.42   6.16   3.39   7.38   4.86   5.42   4.66   5.99   6.76   3.73   9.83   5.31   7.05   2.84   4.09 
  8.18   4.33   9.22   4.80   9.07   4.56   5.82   2.61   7.64   8.08   2.27   6.46   4.15   3.87   9.31   2.13   6.68   5.72   5.19   7.06   5.38   9.33   8.77   9.61   8.74   6.13   5.21   2.80   5.18   4.80   9.08   7.36   4.35   3.51   7.69   4.94   6.28   9.81   3.48   8.87   3.56   7.55   9.47   3.77   7.75   4.15   3.31   8.30   3.41 
  7.10   4.02   2.35   8.90   6.09   4.24   8.86   9.73   8.43   3.93   2.54   9.84   8.15   6.68   4.49   2.19   7.36   5.25   6.77   2.61   7.19   6.48   4.35   8.31   7.84   7.06   5.48   6.37   6.96   4.77   2.29   9.26   8.53   4.65   9.15   6.89   6.55   2.91   6.58   5.61   9.07   6.63   7.04   9.24   4.47   3.66   4.73   7.49   3.52 
  8.64   5.74   5.18   7.05   3.82   8.29   7.17   6.93   2.58   2.93   9.19   5.28   3.90   9.59   8.97   9.89   2.91   5.81   5.89   9.55   6.85   3.38   6.96   3.05   9.87   5.11   5.09   5.77   9.40   7.16   6.64   8.58   6.69   2.53   4.21   2.44   3.28   5.62   5.66   4.45   8.52   8.53   2.61   6.02   6.21   2.37   6.66   7.93   7.82 
  2.80   5.25   6.11   9.61   6.89   3.21   7.35   8.57   4.95   5.01   5.73   5.87   4.09   2.39   8.86   2.95   3.90   3.33   6.40   2.90   4.56   8.81   7.93   8.39   2.19   5.87   7.15   3.69   9.11   9.87   8.36   5.35   3.10   7.54   3.36   4.67   5.77   5.27   4.22   3.81   8.14   9.71   7.11   9.72   2.49   4.92   5.72   7.86   9.80 
  2.10   5.07   9.87   2.88   6.09   9.33   2.74   5.68   6.55   2.83   6.36   9.19   6.56   5.10   4.11   7.24   2.24   5.97   8.63   5.70   7.63   8.37   4.55   8.00   7.91   3.70   5.40   8.70   4.36   3.42   7.22   6.65   2.82   7.13   4.59   2.36   2.49   7.91   6.53   8.93   4.07   2.91   4.07   3.48   4.17   3.17   9.07   4.16   6.21 
  8.50   8.75   3.16   3.99   5.07   2.91   5.36   2.51   3.00   5.12   4.96   7.55   4.88   4.72   5.91   5.28   9.35   9.15   2.26   7.61   7.93   8.67   8.41   7.72   5.04   5.26   5.65   8.22   9.76   3.21   3.52   7.77   5.15   7.34   7.00   7.47   3.00   3.95   7.91   7.23   4.93   8.14   6.53   8.10   2.83   6.31   7.21   3.80   7.54 
  4.85   9.06   9.41   2.55   6.53   6.05   7.22   3.38   7.94   3.03   5.79   5.93   7.51   3.16   9.77   5.80   5.46   3.08   4.80   4.67   4.58   6.43   8.82   6.24   5.47   3.10   6.87   9.33   6.27   7.02   5.09   9.83   3.17   4.43   6.81   8.08   7.60   6.45   7.28   3.90   9.16   3.09   6.38   4.10   4.34   4.01   6.88   3.02   3.06 
  4.99   7.18   7.79   5.46   4.14   3.80   2.95   8.91   9.86   5.69   3.77   5.94   8.66   8.85   8.43   7.42   6.24   8.87   5.42   4.74   3.16   9.32   4.79   7.13   5.95   7.87   2.69   9.59   4.95   3.45   9.58   8.22   2.69   9.81   5.20   8.00   9.77   8.83   8.24   6.03   3.14   7.60   9.17   9.68   3.85   7.90   2.68   5.45   8.00 
  6.39   7.69   8.88   8.88   5.15   7.61   6.25   9.02   4.90   3.34   4.30   8.83   3.90   4.10   8.28   2.87   2.75   9.84   8.24   9.30   5.61   8.44   3.39   5.72   3.55   7.01   5.67   4.68   5.40   3.14   6.73   3.86   8.71   5.50   8.09   3.18   9.29   8.04   6.45   8.45   2.30   9.01   2.86   7.12   5.03   3.75   5.35   6.37   4.07 
  8.75   4.04   9.32   8.63   9.86   3.66   8.34   4.40   5.87   7.11   7.65   7.33   4.59   4.24   4.43   9.43   3.38   8.52   5.85   6.97   6.52   4.33   8.57   3.64   4.05   4.85   3.79   7.94   7.86   3.25   2.22   9.10   5.18   4.67   5.13   7.04   8.59   9.82   8.84   7.93   2.15   8.32   3.53   8.34   5.47   5.40   6.30   9.07   3.76 
  2.98   2.51   7.52   7.98   8.71   6.91   4.19   7.16   3.82   5.61   9.40   2.69   5.72   8.43   9.82   3.49   4.33   6.61   7.07   3.80   9.15   6.75   8.09   6.91   5.94   7.92   6.17   2.34   6.11   8.69   2.83   9.31   3.54   2.94   8.67   2.97   3.80   2.29   7.49   3.78   2.46   5.58   2.87   2.96   6.07   3.76   2.93   8.25   6.38 
---
