G_down: 49 50
  0.72   0.63   0.88   0.27   0.72   0.18   0.84   0.39   0.40   0.29   0.17   0.79   0.25   0.51   0.55   0.11   0.24   0.15   0.15   0.79   0.77   0.48   0.63   0.98   0.77   0.99   0.92   0.50   0.26   0.27   0.64   0.74   0.65   0.13   0.86   0.34   0.20   0.22   0.26   0.59   0.92   0.83   0.82   0.56   0.53   0.71   0.87   0.96   0.77   0.97 
  0.43   0.90   0.69   0.32   0.75   0.71   0.50   0.30   0.11   0.75   0.72   0.55   0.89   0.79   0.37   0.11   0.27   0.49   0.49   0.64   0.80   0.21   0.15   0.29   0.47   0.91   0.19   0.53   0.28   0.61   0.17   0.69   0.29   0.91   0.81   0.38   0.58   0.95   0.88   0.96   0.53   0.32   0.71   0.46   0.32   0.62   0.18   0.53   0.40   0.64 
  0.75   0.60   0.19   0.51   0.57   0.79   0.45   0.90   0.60   0.71   0.23   0.41   0.37   0.66   0.89   0.21   0.66   0.45   0.73   0.17   0.13   0.64   0.72   0.89   0.87   0.47   0.19   0.85   0.79   0.49   0.20   0.58   0.79   0.35   0.33   0.50   0.68   0.48   0.59   0.85   0.23   0.61   0.91   0.96   0.98   0.46   0.93   0.73   0.84   0.92 
  0.26   0.48   0.68   0.77   0.77   0.96   0.41   0.59   0.17   0.19   0.76   0.58   0.77   0.92   0.16   0.17   0.25   0.38   0.43   0.91   0.46   0.51   0.83   0.37   0.71   0.25   0.68   0.46   0.23   0.64   0.37   0.34   0.66   0.30   0.43   0.83   0.38   0.81   0.77   0.33   0.20   0.35   0.87   0.54   0.15   0.97   0.79   0.80   0.89   0.34 
  0.63   0.50   0.66   0.71   0.93   0.77   0.11   0.11   0.94   0.67   0.68   0.35   0.77   0.84   0.39   0.42   0.66   0.36   0.94   0.51   0.21   0.61   0.96   0.56   0.38   0.77   0.23   0.85   0.84   0.28   0.30   0.25   0.33   0.36   0.40   0.94   0.64   0.11   0.11   0.12   0.76   0.51   0.77   0.12   0.60   0.62   0.20   0.74   0.95   0.67 
  0.85   0.79   0.38   0.14   0.95   0.15   0.67   0.88   0.46   0.79   0.10   0.32   0.87   0.29   0.84   0.24   0.34   0.84   0.68   0.97   0.15   0.73   0.46   0.97   0.95   0.96   0.28   0.13   0.67   0.97   0.19   0.39   0.89   0.76   0.26   0.88   0.38   0.68   0.72   0.58   0.71   0.74   0.95   0.95   0.72   0.90   0.17   0.76   0.13   0.52 
  0.83   0.84   0.41   0.21   0.79   0.34   0.91   0.51   0.84   0.15   0.14   0.29   0.25   0.12   0.11   0.38   0.67   0.47   0.11   0.99   0.31   0.70   0.78   0.98   0.10   0.90   0.76   0.47   0.44   0.46   0.10   0.37   0.45   0.80   0.21   0.71   0.48   0.44   0.33   0.86   0.96   0.16   0.99   0.76   0.39   0.46   0.78   0.33   0.85   0.90 
  0.44   0.35   0.15   0.70   0.98   0.42   0.55   0.41   0.86   0.39   0.40   0.34   0.46   0.91   0.64   0.42   0.83   0.97   0.74   0.99   0.53   0.28   0.24   0.39   0.31   0.40   0.46   0.62   0.29   0.83   0.61   0.56   0.50   0.33   0.82   0.47   0.80   0.97   0.24   0.65   0.60   0.80   0.20   0.35   0.40   0.69   0.81   0.22   0.61   0.78 
  0.86   0.31   0.34   0.72   0.61   0.41   0.38   0.76   0.92   0.51   0.22   0.84   0.59   0.40   0.31   0.42   0.25   0.35   0.11   0.13   0.66   0.25   0.31   0.44   0.17   0.16   0.57   0.23   0.68   0.30   0.41   0.34   0.36   0.19   0.26   0.35   0.76   0.57   0.17   0.74   0.33   0.16   0.88   0.90   0.80   0.90   0.51   0.65   0.49   0.83 
  0.95   0.35   0.88   0.75   0.69   0.30   0.47   0.71   0.39   0.34   0.19   0.16   0.86   0.78   0.28   0.57   0.97   0.72   0.12   0.88   0.62   0.64   0.80   0.35   0.47   0.31   0.63   0.16   0.24   0.35   0.53   0.66   0.86   0.47   0.53   0.54   0.86   0.61   0.62   0.75   0.14   0.35   0.16   0.95   0.25   0.22   0.13   0.60   0.92   0.79 
  0.31   0.62   0.79   0.32   0.22   0.99   0.34   0.13   0.80   0.25   0.23   0.45   0.92   0.61   0.14   0.12   0.19   0.33   0.81   0.72   0.91   0.12   0.71   0.57   0.68   0.95   0.34   0.57   0.46   0.15   0.37   0.92   0.59   0.97   0.11   0.36   0.80   0.47   0.11   0.37   0.27   0.54   0.70   0.50   0.31   0.96   0.31   0.16   0.68   0.19 
  0.56   0.83   0.20   0.68   0.87   0.28   0.51   0.85   0.59   0.36   0.35   0.22   0.54   0.85   0.22   0.31   0.78   0.58   0.23   0.66   0.62   0.45   0.54   0.42   0.64   0.55   0.90   0.43   0.14   0.62   0.15   0.72   0.29   0.61   0.32   0.66   0.53   0.38   0.39   0.81   0.71   0.40   0.52   0.80   0.64   0.39   0.17   0.69   0.23   0.49 
  0.44   0.87   0.38   0.56   0.49   0.17   0.92   0.13   0.87   0.13   0.20   0.37   0.54   0.21   0.49   0.70   0.80   0.13   0.25   0.21   0.23   0.38   0.89   0.30   0.46   0.66   0.90   0.74   0.37   0.77   0.94   0.11   0.54   0.10   0.62   0.98   0.14   0.90   0.47   0.60   0.75   0.55   0.33   0.62   0.27   0.76   0.41   0.52   0.63   0.83 
  0.61   0.57   0.69   0.26   0.24   0.70   0.70   0.34   0.45   0.90   0.49   0.33   0.40   0.27   0.11   0.55   0.58   0.44   0.54   0.56   0.10   0.71   0.71   0.13   0.61   0.43   0.77   0.22   0.83   0.89   0.49   0.55   0.70   0.98   0.58   0.35   0.80   0.48   0.87   0.88   0.78   0.56   0.68   0.46   0.50   0.66   0.71   0.21   0.39   0.12 
  0.90   0.91   0.23   0.42   0.37   0.59   0.41   0.10   0.77   0.23   0.36   0.98   0.51   0.78   0.60   0.46   0.15   0.93   0.55   0.50   0.22   0.85   0.55   0.23   0.23   0.94   0.44   0.68   0.60   0.47   0.41   0.52   0.53   0.83   0.33   0.95   0.79   0.84   0.63   0.14   0.78   0.26   0.14   0.79   0.87   0.52   0.65   0.11   0.23   0.21 
  0.52   0.34   0.76   0.30   0.41   0.45   0.34   0.22   0.87   0.54   0.71   0.83   0.10   0.32   0.55   0.32   0.95   0.14   0.30   0.72   0.14   0.97   0.29   0.43   0.12   0.83   0.79   0.22   0.95   0.30   0.36   0.62   0.73   0.74   0.88   0.24   0.23   0.21   0.55   0.96   0.42   0.91   0.85   0.52   0.92   0.80   0.88   0.92   0.85   0.24 
  0.82   0.13   0.94   0.50   0.62   0.37   0.78   0.28   0.20   0.17   0.12   0.70   0.44   0.45   0.59   0.99   0.45   0.58   0.68   0.97   0.29   0.17   0.19   0.54   0.13   0.71   0.88   0.75   0.40   0.53   0.91   0.43   0.85   0.76   0.51   0.28   0.34   0.57   0.48   0.20   0.95   0.30   0.81   0.42   0.72   0.77   0.78   0.19   0.92   0.52 
  0.47   0.54   0.15   0.63   0.87   0.86   0.35   0.84   0.34   0.26   0.80   0.38   0.47   0.34   0.69   0.11   0.36   0.51   0.19   0.15   0.42   0.26   0.19   0.74   0.42   0.64   0.57   0.45   0.64   0.22   0.87   0.97   0.26   0.20   0.36   0.29   0.39   0.50   0.81   0.59   0.94   0.54   0.75   0.25   0.98   0.37   0.60   0.68   0.14   0.62 
  0.30   0.54   0.96   0.37   0.91   0.33   0.87   0.28   0.73   0.68   0.86   0.78   0.78   0.39   0.90   0.48   0.57   0.38   0.72   0.72   0.84   0.81   0.28   0.30   0.97   0.26   0.10   0.47   0.93   0.92   0.95   0.84   0.45   0.69   0.26   0.25   0.23   0.51   0.60   0.99   0.28   0.73   0.25   0.41   0.87   0.72   0.33   0.99   0.35   0.58 
  0.52   0.79   0.83   0.72   0.65   0.11   0.77   0.95   0.29   0.32   0.30   0.33   0.50   0.79   0.45   0.36   0.19   0.99   0.77   0.69   0.45   0.57   0.31   0.48   0.80   0.13   0.43   0.57   0.73   0.88   0.17   0.73   0.71   0.13   0.47   0.37   0.50   0.25   0.53   0.10   0.37   0.27   0.46   0.89   0.14   0.40   0.43   0.15   0.22   0.59 
  0.32   0.79   0.87   0.53   0.65   0.19   0.84   0.90   0.67   0.30   0.46   0.97   0.40   0.90   0.78   0.32   0.82   0.21   0.26   0.11   0.83   0.40   0.26   0.22   0.96   0.58   0.96   0.86   0.48   0.40   0.43   0.74   0.37   0.25   0.25   0.15   0.25   0.74   0.78   0.64   0.51   0.32   0.17   0.20   0.14   0.63   0.96   0.50   0.91   0.17 
  0.49   0.19   0.20   0.91   0.55   0.76   0.38   0.57   0.14   0.20   0.58   0.99   0.83   0.68   0.24   0.94   0.38   0.40   0.46   0.46   0.93   0.33   0.38   0.51   0.66   0.17   0.53   0.27   0.80   0.88   0.27   0.41   0.24   0.93   0.80   0.93   0.31   0.24   0.41   0.66   0.32   0.49   0.54   0.26   0.76   0.55   0.33   0.74   0.23   0.75 
  0.62   0.63   0.13   0.12   0.98   0.49   0.69   0.91   0.30   0.41   0.58   0.96   0.57   0.57   0.80   0.96   0.83   0.95   0.47   0.49   0.53   0.22   0.83   0.77   0.30   0.96   0.24   0.72   0.19   0.94   0.30   0.31   0.37   0.71   0.36   0.84   0.57   0.80   0.81   0.22   0.19   0.77   0.30   0.79   0.47   0.26   0.52   0.62   0.64   0.32 
  0.37   0.89   0.74   0.43   0.25   0.48   0.63   0.94   0.19   0.91   0.78   0.88   0.80   0.75   0.24   0.51   0.74   0.53   0.39   0.57   0.67   0.92   0.27   0.78   0.94   0.56   0.74   0.95   0.98   0.54   0.27   0.15   0.50   0.91   0.72   0.60   0.27   0.34   0.25   0.32   0.56   0.41   0.80   0.61   0.11   0.18   0.20   0.49   0.34   0.36 
  0.30   0.49   0.31   0.29   0.70   0.78   0.74   0.53   0.50   0.92   0.11   0.23   0.31   0.38   0.22   0.89   0.96   0.70   0.87   0.95   0.79   0.11   0.66   0.50   0.42   0.23   0.56   0.81   0.89   0.83   0.37   0.20   0.23   0.86   0.15   0.60   0.57   0.70   0.15   0.14   0.85   0.71   0.58   0.72   0.43   0.94   0.86   0.64   0.77   0.20 
  0.35   0.21   0.67   0.34   0.68   0.57   0.33   0.27   0.93   0.41   0.80   0.48   0.92   0.95   0.25   0.70   0.18   0.60   0.64   0.27   0.18   0.56   0.32   0.70   0.67   0.83   0.84   0.55   0.77   0.68   0.74   0.89   0.36   0.83   0.60   0.15   0.86   0.90   0.73   0.40   0.75   0.87   0.78   0.28   0.42   0.13   0.45   0.18   0.81   0.51 
  0.63   0.17   0.71   0.16   0.33   0.80   0.86   0.47   0.47   0.66   0.68   0.83   0.30   0.20   0.77   0.82   0.11   0.14   0.65   0.85   0.15   0.88   0.50   0.42   0.63   0.16   0.23   0.99   0.84   0.88   0.50   0.41   0.57   0.89   0.22   0.67   0.28   0.44   0.59   0.62   0.58   0.45   0.63   0.17   0.42   0.36   0.97   0.41   0.11   0.27 
  0.37   0.80   0.19   0.51   0.47   0.42   0.93   0.83   0.98   0.12   0.27   0.54   0.91   0.46   0.70   0.52   0.74   0.28   0.66   0.16   0.58   0.15   0.55   0.46   0.13   0.71   0.31   0.93   0.50   0.13   0.62   0.59   0.25   0.61   0.78   0.37   0.19   0.42   0.45   0.19   0.30   0.22   0.72   0.23   0.78   0.96   0.50   0.39   0.43   0.51 
  0.87   0.72   0.54   0.19   0.50   0.89   0.48   0.63   0.91   0.90   0.38   0.17   0.45   0.34   0.35   0.94   0.47   0.19   0.37   0.92   0.41   0.79   0.73   0.19   0.86   0.49   0.77   0.70   0.38   0.59   0.19   0.65   0.85   0.16   0.43   0.47   0.10   0.37   0.21   0.45   0.42   0.11   0.91   0.31   0.55   0.21   0.19   0.88   0.56   0.50 
  0.30   0.66   0.88   0.24   0.39   0.89   0.13   0.71   0.33   0.70   0.61   0.78   0.67   0.26   0.52   0.79   0.75   0.69   0.29   0.31   0.79   0.53   0.92   0.25   0.49   0.51   0.82   0.68   0.93   0.96   0.27   0.98   0.19   0.31   0.21   0.79   0.25   0.34   0.61   0.60   0.53   0.95   0.70   0.39   0.23   0.92   0.83   0.80   0.83   0.87 
  0.66   0.74   0.14   0.30   0.47   0.30   0.88   0.13   0.61   0.58   0.74   0.72   0.46   0.73   0.98   0.91   0.28   0.43   0.49   0.91   0.20   0.15   0.34   0.65   0.24   0.29   0.96   0.19   0.39   0.80   0.17   0.72   0.56   0.16   0.98   0.42   0.20   0.20   0.52   0.15   0.67   0.40   0.69   0.84   0.12   0.16   0.67   0.74   0.84   0.39 
  0.41   0.61   0.32   0.96   0.26   0.90   0.43   0.92   0.96   0.57   0.76   0.15   0.75   0.89   0.52   0.37   0.61   0.76   0.43   0.54   0.67   0.43   0.93   0.74   0.81   0.21   0.73   0.60   0.93   0.20   0.60   0.49   0.83   0.53   0.61   0.48   0.42   0.34   0.76   0.10   0.97   0.95   0.99   0.10   0.80   0.77   0.58   0.65   0.49   0.74 
  0.67   0.37   0.28   0.40   0.93   0.25   0.36   0.40   0.52   0.47   0.67   0.84   0.89   0.23   0.86   0.13   0.73   0.94   0.80   0.68   0.60   0.28   0.48   0.20   0.17   0.35   0.48   0.96   0.97   0.83   0.31   0.62   0.95   0.95   0.81   0.77   0.35   0.26   0.66   0.84   0.27   0.70   0.17   0.60   0.24   0.81   0.61   0.88   0.68   0.12 
  0.93   0.20   0.60   0.91   0.31   0.67   0.21   0.18   0.68   0.72   0.94   0.36   0.53   0.69   0.19   0.89   0.30   0.26   0.86   0.57   0.80   0.95   0.67   0.44   0.17   0.29   0.52   0.36   0.61   0.99   0.27   0.25   0.50   0.63   0.22   0.92   0.17   0.98   0.12   0.41   0.17   0.70   0.88   0.82   0.82   0.36   0.15   0.70   0.87   0.31 
  0.15   0.61   0.33   0.89   0.59   0.91   0.20   0.97   0.79   0.69   0.64   0.34   0.39   0.88   0.46   0.18   0.83   0.56   0.45   0.68   0.51   0.41   0.17   0.94   0.59   0.93   0.44   0.38   0.43   0.76   0.25   0.49   0.73   0.50   0.76   0.38   0.45   0.13   0.95   0.22   0.55   0.67   0.72   0.30   0.73   0.49   0.24   0.57   0.49   0.20 
  0.43   0.48   0.65   0.71   0.71   0.27   0.24   0.94   0.93   0.10   0.75   0.48   0.19   0.26   0.35   0.55   0.84   0.28   0.77   0.56   0.78   0.33   0.40   0.12   0.36   0.54   0.41   0.94   0.84   0.48   0.46   0.61   0.25   0.98   0.73   0.90   0.60   0.79   0.74   0.44   0.85   0.13   0.76   0.68   0.13   0.80   0.97   0.20   0.42   0.48 
  0.90   0.22   0.96   0.70   0.44   0.10   0.87   0.80   0.97   0.53   0.60   0.34   0.45   0.24   0.18   0.36   0.25   0.44   0.12   0.52   0.21   0.24   0.29   0.36   0.96   0.29   0.27   0.70   0.52   0.40   0.70   0.20   0.48   0.13   0.81   0.18   0.65   0.71   0.70   0.22   0.98   0.42   0.48   0.65   0.25   0.23   0.56   0.48   0.98   0.69 
  0.96   0.28   0.47   0.41   0.53   0.77   0.64   0.94   0.42   0.84   0.85   0.79   0.27   0.62   0.50   0.67   0.66   0.23   0.76   0.24   0.48   0.24   0.42   0.16   0.76   0.48   0.53   0.56   0.30   0.68   0.80   0.36   0.42   0.41   0.78   0.91   0.49   0.84   0.41   0.81   0.26   0.75   0.86   0.83   0.46   0.19   0.49   0.51   0.89   0.66 
  0.28   0.54   0.35   0.65   0.84   0.23   0.57   0.86   0.51   0.11   0.68   0.81   0.35   0.53   0.77   0.23   0.38   0.43   0.17   0.70   0.47   0.98   0.72   0.43   0.41   0.38   0.77   0.38   0.63   0.32   0.45   0.12   0.88   0.72   0.83   0.39   0.92   0.62   0.11   0.41   0.67   0.45   0.98   0.54   0.22   0.16   0.21   0.12   0.73   0.49 
  0.76   0.26   0.89   0.81   0.52   0.79   0.58   0.34   0.33   0.66   0.33   0.48   0.42   0.83   0.86   0.10   0.34   0.64   0.70   0.75   0.89   0.93   0.65   0.68   0.28   0.57   0.67   0.19   0.45   0.81   0.46   0.40   0.81   0.41   0.37   0.92   0.78   0.85   0.39   0.81   0.87   0.33   0.11   0.93   0.80   0.61   0.34   0.89   0.45   0.96 
  0.48   0.98   0.10   0.93   0.58   0.26   0.87   0.85   0.13   0.31   0.63   0.25   0.18   0.41   0.87   0.84   0.41   0.39   0.24   0.48   0.51   0.22   0.90   0.52   0.46   0.84   0.24   0.31   0.13   0.16   0.97   0.28   0.97   0.35   0.96   0.91   0.35   0.34   0.54   0.45   0.45   0.69   0.31   0.39   0.59   0.92   0.21   0.93   0.40   0.40 
  0.90   0.62   0.50   0.17   0.19   0.60   0.90   0.68   0.28   0.25   0.23   0.13   0.80   0.61   0.68   0.32   0.10   0.81   0.11   0.39   0.66   0.48   0.46   0.48   0.32   0.91   0.37   0.65   0.22   0.32   0.23   0.29   0.98   0.16   0.69   0.46   0.81   0.71   0.24   0.62   0.88   0.18   0.69   0.89   0.44   0.68   0.72   0.68   0.22   0.25 
  0.23   0.26   0.60   0.45   0.13   0.90   0.72   0.51   0.19   0.88   0.82   0.28   0.54   0.51   0.40   0.76   0.30   0.10   0.20   0.89   0.50   0.47   0.65   0.76   0.99   0.96   0.93   0.60   0.85   0.73   0.60   0.19   0.24   0.63   0.11   0.46   0.49   0.50   0.46   0.38   0.88   0.44   0.73   0.28   0.74   0.69   0.17   0.45   0.21   0.78 
  0.76   0.63   0.46   0.21   0.33   0.32   0.94   0.37   0.45   0.94   0.60   0.10   0.41   0.24   0.13   0.19   0.95   0.72   0.35   0.52   0.63   0.79   0.86   0.16   0.83   0.55   0.60   0.46   0.53   0.71   0.51   0.15   0.32   0.93   0.93   0.90   0.82   0.12   0.14   0.48   0.61   0.51   0.47   0.82   0.73   0.16   0.98   0.41   0.59   0.23 
  0.55   0.76   0.13   0.48   0.26   0.15   0.35   0.74   0.68   0.46   0.47   0.47   0.51   0.80   0.23   0.21   0.64   0.36   0.38   0.96   0.46   0.89   0.33   0.46   0.65   0.59   0.56   0.57   0.72   0.60   0.24   0.81   0.67   0.76   0.82   0.18   0.73   0.63   0.19   0.86   0.12   0.98   0.58   0.93   0.72   0.66   0.88   0.31   0.97   0.86 
  0.22   0.83   0.60   0.68   0.69   0.45   0.48   0.76   0.30   0.53   0.83   0.72   0.37   0.64   0.19   0.23   0.64   0.51   0.50   0.40   0.25   0.92   0.11   0.28   0.46   0.76   0.33   0.98   0.64   0.27   0.34   0.23   0.33   0.22   0.87   0.35   0.84   0.70   0.84   0.89   0.28   0.40   0.74   0.48   0.92   0.86   0.43   0.63   0.76   0.47 
  0.92   0.51   0.18   0.90   0.70   0.93   0.77   0.17   0.72   0.35   0.55   0.99   0.29   0.39   0.49   0.11   0.24   0.98   0.58   0.47   0.99   0.58   0.57   0.76   0.55   0.63   0.39   0.59   0.89   0.32   0.80   0.74   0.76   0.17   0.92   0.77   0.48   0.82   0.24   0.88   0.15   0.22   0.12   0.21   0.52   0.31   0.80   0.26   0.40   0.79 
  0.45   0.91   0.28   0.21   0.39   0.98   0.88   0.84   0.69   0.43   0.67   0.42   0.69   0.51   0.81   0.91   0.32   0.44   0.73   0.40   0.62   0.36   0.33   0.83   0.78   0.15   0.30   0.49   0.64   0.43   0.27   0.48   0.71   0.35   0.86   0.33   0.69   0.77   0.31   0.48   0.63   0.40   0.77   0.59   0.36   0.33   0.72   0.76   0.70   0.53 
  0.71   0.39   0.62   0.10   0.26   0.82   0.12   0.84   0.85   0.74   0.44   0.46   0.98   0.71   0.54   0.50   0.81   0.41   0.81   0.60   0.19   0.53   0.29   0.47   0.24   0.63   0.17   0.28   0.39   0.11   0.32   0.43   0.62   0.57   0.66   0.54   0.66   0.68   0.59   0.45   0.79   0.60   0.81   0.32   0.86   0.44   0.24   0.15   0.97   0.97 
---
G_right: 50 49
  0.13   0.77   0.41   0.48   0.61   0.40   0.13   0.79   0.71   0.14   0.26   0.45   0.53   0.78   0.96   0.11   0.92   0.35   0.27   0.86   0.89   0.28   0.88   0.34   0.69   0.79   0.22   0.20   0.56   0.85   0.80   0.60   0.58   0.32   0.26   0.83   0.68   0.21   0.61   0.88   0.79   0.96   0.19   0.21   0.93   0.33   0.88   0.65   0.49 
  0.98   0.39   0.62   0.32   0.63   0.57   0.62   0.78   0.19   0.64   0.22   0.54   0.33   0.11   0.94   0.84   0.87   0.70   0.69   0.13   0.91   0.78   0.84   0.66   0.91   0.90   0.37   0.37   0.29   0.79   0.97   0.91   0.50   0.71   0.48   0.47   0.60   0.21   0.14   0.73   0.13   0.43   0.92   0.61   0.75   0.37   0.23   0.91   0.40 
  0.86   0.49   0.69   0.61   0.77   0.80   0.20   0.15   0.14   0.56   0.11   0.18   0.61   0.97   0.24   0.98   0.92   0.78   0.40   0.97   0.35   0.18   0.49   0.41   0.25   0.73   0.52   0.44   0.97   0.98   0.34   0.91   0.39   0.92   0.61   0.93   0.82   0.42   0.35   0.61   0.30   0.97   0.19   0.41   0.70   0.13   0.49   0.29   0.56 
  0.68   0.96   0.25   0.85   0.75   0.30   0.45   0.40   0.35   0.28   0.78   0.18   0.49   0.12   0.21   0.71   0.74   0.48   0.81   0.89   0.53   0.66   0.99   0.91   0.52   0.74   0.18   0.57   0.85   0.53   0.13   0.35   0.84   0.35   0.10   0.74   0.85   0.65   0.95   0.63   0.88   0.40   0.97   0.65   0.42   0.39   0.47   0.22   0.75 
  0.42   0.79   0.79   0.69   0.30   0.34   0.34   0.76   0.22   0.59   0.45   0.66   0.50   0.36   0.25   0.76   0.13   0.84   0.51   0.15   0.81   0.75   0.51   0.97   0.70   0.57   0.81   0.60   0.32   0.72   0.16   0.82   0.65   0.33   0.21   0.56   0.66   0.93   0.61   0.50   0.49   0.46   0.89   0.55   0.26   0.14   0.78   0.88   0.37 
  0.14   0.16   0.61   0.72   0.20   0.59   0.89   0.40   0.78   0.84   0.44   0.11   0.12   0.89   0.49   0.52   0.16   0.76   0.25   0.72   0.54   0.59   0.39   0.66   0.61   0.97   0.49   0.14   0.62   0.29   0.94   0.58   0.71   0.61   0.98   0.87   0.65   0.27   0.40   0.34   0.14   0.41   0.21   0.78   0.31   0.85   0.50   0.93   0.65 
  0.58   0.58   0.75   0.26   0.70   0.50   0.42   0.49   0.76   0.35   0.54   0.31   0.16   0.69   0.98   0.21   0.34   0.62   0.44   0.64   0.85   0.10   0.39   0.32   0.38   0.85   0.73   0.33   0.14   0.44   0.81   0.88   0.74   0.41   0.36   0.79   0.33   0.70   0.86   0.91   0.75   0.53   0.90   0.31   0.53   0.89   0.58   0.92   0.39 
  0.29   0.17   0.54   0.70   0.75   0.49   0.92   0.76   0.83   0.78   0.75   0.77   0.22   0.55   0.93   0.10   0.91   0.40   0.86   0.58   0.64   0.82   0.55   0.18   0.59   0.58   0.81   0.37   0.36   0.53   0.10   0.12   0.51   0.68   0.15   0.32   0.89   0.88   0.54   0.51   0.51   0.88   0.33   0.11   0.66   0.12   0.33   0.57   0.63 
  0.13   0.46   0.41   0.43   0.18   0.16   0.70   0.40   0.21   0.51   0.97   0.52   0.41   0.39   0.69   0.98   0.91   0.80   0.97   0.95   0.69   0.22   0.25   0.57   0.36   0.82   0.93   0.91   0.12   0.21   0.54   0.39   0.24   0.95   0.64   0.40   0.61   0.31   0.57   0.21   0.33   0.20   0.78   0.14   0.94   0.47   0.17   0.16   0.89 
  0.12   0.18   0.94   0.74   0.31   0.34   0.33   0.96   0.16   0.13   0.47   0.82   0.79   0.33   0.83   0.49   0.33   0.59   0.75   0.79   0.48   0.77   0.56   0.83   0.36   0.93   0.59   0.60   0.53   0.33   0.73   0.97   0.51   0.95   0.62   0.63   0.47   0.10   0.28   0.30   0.85   0.21   0.76   0.58   0.29   0.88   0.71   0.58   0.28 
  0.51   0.33   0.46   0.57   0.89   0.47   0.63   0.75   0.96   0.62   0.15   0.10   0.40   0.68   0.59   0.99   0.38   0.26   0.64   0.91   0.88   0.97   0.39   0.11   0.67   0.53   0.98   0.34   0.35   0.48   0.97   0.83   0.50   0.57   0.32   0.66   0.48   0.28   0.55   0.70   0.56   0.48   0.33   0.56   0.62   0.90   0.55   0.38   0.34 
  0.16   0.63   0.49   0.12   0.13   0.66   0.67   0.84   0.88   0.42   0.31   0.74   0.77   0.31   0.70   0.16   0.32   0.51   0.81   0.52   0.78   0.38   0.85   0.98   0.87   0.73   0.71   0.37   0.58   0.61   0.29   0.13   0.69   0.72   0.55   0.93   0.75   0.97   0.55   0.58   0.79   0.63   0.19   0.21   0.83   0.61   0.20   0.46   0.17 
  0.19   0.47   0.22   0.92   0.65   0.94   0.89   0.13   0.19   0.93   0.60   0.94   0.86   0.67   0.69   0.25   0.33   0.43   0.32   0.39   0.61   0.93   0.59   0.54   0.87   0.62   0.64   0.37   0.45   0.70   0.77   0.60   0.69   0.16   0.81   0.22   0.88   0.56   0.45   0.13   0.37   0.58   0.93   0.21   0.24   0.67   0.18   0.98   0.57 
  0.42   0.37   0.88   0.48   0.61   0.77   0.78   0.90   0.44   0.83   0.87   0.69   0.70   0.53   0.29   0.61   0.45   0.77   0.56   0.54   0.86   0.61   0.85   0.28   0.39   0.75   0.75   0.78   0.17   0.13   0.72   0.89   0.57   0.40   0.13   0.88   0.79   0.96   0.18   0.34   0.48   0.48   0.22   0.56   0.18   0.18   0.52   0.44   0.67 
  0.26   0.33   0.78   0.84   0.61   0.56   0.18   0.72   0.57   0.92   0.17   0.79   0.32   0.14   0.46   0.74   0.62   0.23   0.62   0.37   0.99   0.19   0.96   0.67   0.98   0.85   0.61   0.15   0.68   0.71   0.64   0.34   0.98   0.46   0.66   0.71   0.57   0.37   0.29   0.78   0.40   0.11   0.11   0.41   0.78   0.39   0.50   0.37   0.38 
  0.30   0.10   0.54   0.43   0.35   0.64   0.62   0.27   0.85   0.93   0.43   0.17   0.64   0.45   0.36   0.95   0.95   0.96   0.42   0.37   0.65   0.98   0.24   0.95   0.48   0.91   0.97   0.31   0.29   0.38   0.91   0.40   0.23   0.60   0.47   0.66   0.15   0.48   0.28   0.13   0.58   0.74   0.69   0.20   0.11   0.62   0.34   0.99   0.85 
  0.59   0.90   0.12   0.52   0.55   0.26   0.78   0.67   0.28   0.79   0.58   0.16   0.29   0.47   0.31   0.23   0.47   0.53   0.92   0.48   0.23   0.30   0.52   0.45   0.51   0.80   0.20   0.71   0.64   0.72   0.49   0.67   0.49   0.91   0.53   0.74   0.87   0.70   0.54   0.26   0.20   0.87   0.44   0.19   0.35   0.62   0.24   0.33   0.75 
  0.32   0.92   0.43   0.27   0.60   0.39   0.57   0.68   0.61   0.13   0.60   0.91   0.60   0.44   0.12   0.95   0.77   0.33   0.16   0.61   0.47   0.75   0.83   0.62   0.70   0.10   0.54   0.98   0.92   0.16   0.53   0.94   0.64   0.95   0.16   0.36   0.67   0.84   0.60   0.65   0.38   0.51   0.35   0.54   0.94   0.44   0.82   0.74   0.36 
  0.47   0.25   0.97   0.53   0.23   0.14   0.52   0.68   0.79   0.60   0.22   0.59   0.94   0.31   0.15   0.41   0.56   0.12   0.96   0.74   0.86   0.36   0.88   0.82   0.78   0.72   0.93   0.80   0.47   0.24   0.63   0.68   0.79   0.47   0.44   0.87   0.82   0.45   0.36   0.17   0.14   0.88   0.12   0.51   0.49   0.23   0.19   0.41   0.21 
  0.86   0.78   0.40   0.90   0.12   0.19   0.90   0.63   0.76   0.20   0.63   0.41   0.33   0.89   0.87   0.31   0.88   0.78   0.55   0.44   0.36   0.35   0.58   0.81   0.82   0.48   0.89   0.87   0.36   0.29   0.41   0.22   0.55   0.46   0.79   0.40   0.12   0.52   0.44   0.60   0.92   0.51   0.79   0.83   0.90   0.70   0.87   0.46   0.27 
  0.80   0.16   0.76   0.63   0.90   0.89   0.25   0.23   0.97   0.69   0.48   0.36   0.56   0.37   0.74   0.40   0.38   0.46   0.39   0.68   0.27   0.97   0.53   0.65   0.28   0.45   0.97   0.51   0.10   0.65   0.60   0.99   0.74   0.74   0.78   0.67   0.58   0.72   0.21   0.45   0.24   0.25   0.52   0.47   0.74   0.99   0.67   0.29   0.89 
  0.83   0.87   0.67   0.56   0.12   0.96   0.77   0.36   0.30   0.92   0.19   0.71   0.38   0.83   0.71   0.42   0.43   0.28   0.86   0.45   0.19   0.25   0.38   0.36   0.76   0.96   0.86   0.25   0.97   0.68   0.38   0.80   0.64   0.43   0.74   0.69   0.14   0.99   0.37   0.82   0.35   0.34   0.45   0.41   0.88   0.88   0.36   0.15   0.12 
  0.66   0.36   0.77   0.13   0.57   0.13   0.88   0.78   0.12   0.69   0.23   0.15   0.93   0.98   0.21   0.79   0.45   0.53   0.21   0.14   0.90   0.30   0.29   0.75   0.95   0.31   0.92   0.98   0.90   0.17   0.53   0.69   0.88   0.58   0.98   0.35   0.80   0.44   0.78   0.52   0.87   0.88   0.50   0.36   0.75   0.31   0.87   0.18   0.21 
  0.10   0.44   0.73   0.32   0.62   0.39   0.19   0.47   0.20   0.58   0.33   0.53   0.11   0.89   0.38   0.12   0.60   0.92   0.35   0.82   0.13   0.37   0.85   0.19   0.21   0.85   0.81   0.72   0.26   0.38   0.62   0.40   0.90   0.77   0.89   0.13   0.21   0.37   0.61   0.68   0.54   0.80   0.89   0.92   0.34   0.79   0.26   0.74   0.60 
  0.61   0.61   0.32   0.68   0.69   0.29   0.15   0.61   0.33   0.58   0.74   0.16   0.38   0.91   0.14   0.85   0.94   0.96   0.66   0.29   0.41   0.66   0.18   0.49   0.17   0.62   0.81   0.79   0.48   0.42   0.92   0.54   0.90   0.45   0.11   0.84   0.42   0.26   0.19   0.32   0.92   0.95   0.14   0.26   0.11   0.66   0.14   0.53   0.28 
  0.63   0.73   0.44   0.40   0.11   0.98   0.87   0.20   0.92   0.31   0.31   0.14   0.73   0.93   0.10   0.36   0.15   0.88   0.68   0.11   0.43   0.64   0.23   0.20   0.16   0.16   0.33   0.30   0.97   0.75   0.80   0.56   0.71   0.48   0.48   0.90   0.59   0.10   0.54   0.47   0.37   0.23   0.81   0.63   0.31   0.73   0.67   0.96   0.81 
  0.80   0.73   0.30   0.28   0.64   0.95   0.63   0.95   0.66   0.14   0.40   0.45   0.16   0.76   0.36   0.59   0.34   0.18   0.33   0.28   0.58   0.11   0.62   0.13   0.42   0.30   0.97   0.86   0.96   0.19   0.78   0.44   0.93   0.71   0.84   0.18   0.38   0.76   0.76   0.39   0.25   0.67   0.90   0.49   0.49   0.53   0.92   0.12   0.63 
  0.60   0.80   0.18   0.45   0.84   0.84   0.46   0.22   0.63   0.35   0.59   0.41   0.67   0.71   0.63   0.24   0.84   0.26   0.50   0.85   0.30   0.79   0.96   0.22   0.57   0.85   0.26   0.39   0.85   0.35   0.44   0.33   0.49   0.24   0.89   0.48   0.36   0.73   0.53   0.82   0.71   0.96   0.22   0.43   0.37   0.65   0.57   0.20   0.65 
  0.43   0.75   0.45   0.94   0.32   0.84   0.72   0.46   0.82   0.98   0.93   0.25   0.96   0.32   0.15   0.12   0.36   0.95   0.50   0.21   0.32   0.77   0.90   0.81   0.16   0.81   0.80   0.13   0.88   0.91   0.32   0.22   0.39   0.71   0.43   0.24   0.81   0.39   0.29   0.84   0.11   0.20   0.51   0.33   0.80   0.71   0.18   0.55   0.94 
  0.12   0.16   0.29   0.18   0.59   0.71   0.26   0.89   0.39   0.21   0.79   0.77   0.46   0.40   0.11   0.46   0.43   0.51   0.76   0.50   0.65   0.78   0.75   0.95   0.75   0.13   0.92   0.14   0.28   0.14   0.52   0.34   0.66   0.20   0.64   0.97   0.59   0.98   0.51   0.69   0.49   0.72   0.39   0.79   0.38   0.92   0.22   0.12   0.53 
  0.49   0.62   0.37   0.15   0.80   0.41   0.47   0.20   0.31   0.38   0.96   0.62   0.36   0.55   0.70   0.73   0.60   0.16   0.40   0.81   0.19   0.20   0.51   0.67   0.44   0.84   0.85   0.95   0.26   0.49   0.79   0.83   0.27   0.29   0.47   0.14   0.36   0.82   0.25   0.39   0.96   0.23   0.90   0.45   0.50   0.12   0.14   0.86   0.30 
  0.88   0.63   0.38   0.27   0.83   0.75   0.63   0.90   0.14   0.14   0.84   0.89   0.97   0.91   0.60   0.22   0.85   0.12   0.24   0.81   0.12   0.13   0.31   0.92   0.67   0.44   0.43   0.66   0.68   0.45   0.88   0.96   0.47   0.33   0.18   0.13   0.45   0.56   0.88   0.12   0.69   0.63   0.41   0.69   0.61   0.54   0.21   0.90   0.14 
  0.46   0.97   0.67   0.29   0.54   0.99   0.71   0.62   0.89   0.18   0.48   0.27   0.94   0.59   0.36   0.97   0.91   0.71   0.44   0.52   0.83   0.76   0.51   0.91   0.46   0.23   0.28   0.57   0.27   0.85   0.47   0.23   0.74   0.26   0.90   0.96   0.81   0.63   0.68   0.61   0.78   0.43   0.74   0.19   0.45   0.27   0.24   0.14   0.80 
  0.63   0.75   0.73   0.63   0.35   0.54   0.11   0.60   0.24   0.59   0.22   0.16   0.83   0.26   0.16   0.67   0.46   0.66   0.60   0.40   0.41   0.34   0.50   0.53   0.84   0.72   0.48   0.13   0.71   0.91   0.67   0.55   0.11   0.36   0.84   0.12   0.29   0.71   0.77   0.49   0.48   0.90   0.26   0.32   0.90   0.33   0.52   0.75   0.10 
  0.94   0.77   0.86   0.42   0.62   0.37   0.32   0.82   0.65   0.15   0.27   0.97   0.23   0.17   0.24   0.55   0.73   0.65   0.21   0.26   0.85   0.59   0.22   0.14   0.86   0.79   0.42   0.79   0.12   0.82   0.29   0.19   0.95   0.31   0.44   0.50   0.51   0.57   0.20   0.59   0.45   0.37   0.20   0.52   0.37   0.33   0.64   0.81   0.35 
  0.84   0.21   0.58   0.90   0.23   0.60   0.83   0.33   0.33   0.96   0.73   0.76   0.41   0.43   0.43   0.86   0.20   0.85   0.72   0.95   0.67   0.60   0.48   0.31   0.15   0.61   0.77   0.11   0.27   0.48   0.89   0.43   0.98   0.69   0.17   0.41   0.76   0.45   0.19   0.75   0.55   0.87   0.36   0.32   0.13   0.39   0.16   0.22   0.37 
  0.19   0.55   0.78   0.63   0.89   0.65   0.40   0.90   0.57   0.23   0.67   0.22   0.31   0.20   0.31   0.19   0.21   0.50   0.77   0.29   0.96   0.41   0.52   0.94   0.88   0.33   0.72   0.24   0.29   0.63   0.69   0.85   0.92   0.85   0.95   0.51   0.55   0.28   0.84   0.49   0.76   0.30   0.41   0.76   0.40   0.71   0.55   0.68   0.98 
  0.24   0.80   0.96   0.40   0.62   0.34   0.75   0.82   0.80   0.46   0.32   0.35   0.23   0.48   0.45   0.91   0.61   0.65   0.70   0.22   0.78   0.43   0.70   0.24   0.94   0.16   0.50   0.59   0.27   0.55   0.34   0.80   0.69   0.82   0.38   0.59   0.15   0.91   0.84   0.86   0.21   0.27   0.57   0.85   0.28   0.41   0.58   0.72   0.80 
  0.45   0.69   0.63   0.68   0.36   0.78   0.86   0.18   0.14   0.51   0.14   0.26   0.82   0.93   0.62   0.44   0.65   0.10   0.86   0.97   0.27   0.37   0.19   0.21   0.64   0.21   0.70   0.10   0.98   0.23   0.90   0.44   0.61   0.80   0.96   0.76   0.58   0.32   0.46   0.60   0.77   0.89   0.60   0.47   0.33   0.70   0.89   0.53   0.48 
  0.11   0.77   0.25   0.91   0.39   0.39   0.44   0.50   0.50   0.92   0.23   0.67   0.83   0.51   0.83   0.58   0.97   0.82   0.51   0.31   0.54   0.37   0.44   0.39   0.72   0.52   0.38   0.49   0.24   0.17   0.40   0.43   0.43   0.62   0.24   0.58   0.59   0.80   0.71   0.27   0.87   0.63   0.49   0.67   0.25   0.16   0.83   0.82   0.20 
  0.67   0.42   0.76   0.82   0.82   0.60   0.26   0.55   0.95   0.73   0.68   0.28   0.87   0.23   0.87   0.77   0.82   0.20   0.91   0.41   0.83   0.31   0.17   0.59   0.22   0.93   0.95   0.11   0.95   0.56   0.95   0.12   0.94   0.34   0.93   0.64   0.13   0.36   0.94   0.25   0.49   0.45   0.73   0.37   0.20   0.99   0.18   0.34   0.49 
  0.91   0.90   0.67   0.75   0.95   0.23   0.94   0.58   0.34   0.25   0.64   0.28   0.78   0.65   0.39   0.47   0.62   0.66   0.55   0.22   0.64   0.72   0.68   0.52   0.16   0.80   0.47   0.76   0.33   0.59   0.67   0.41   0.43   0.44   0.58   0.54   0.82   0.66   0.50   0.56   0.87   0.53   0.39   0.37   0.16   0.64   0.58   0.79   0.81 
  0.28   0.97   0.54   0.79   0.49   0.25   0.93   0.66   0.30   0.12   0.88   0.55   0.47   0.26   0.52   0.27   0.10   0.11   0.30   0.16   0.33   0.81   0.40   0.50   0.49   0.58   0.11   0.60   0.13   0.97   0.16   0.60   0.24   0.51   0.52   0.76   0.50   0.39   0.60   0.13   0.22   0.59   0.43   0.60   0.66   0.48   0.52   0.44   0.96 
  0.33   0.84   0.57   0.19   0.78   0.70   0.34   0.19   0.14   0.78   0.42   0.69   0.56   0.64   0.78   0.44   0.31   0.75   0.34   0.63   0.67   0.45   0.33   0.73   0.75   0.88   0.23   0.17   0.40   0.85   0.83   0.93   0.76   0.35   0.15   0.51   0.88   0.24   0.35   0.91   0.66   0.52   0.68   0.53   0.97   0.49   0.35   0.88   0.84 
  0.63   0.31   0.49   0.85   0.40   0.59   0.29   0.11   0.43   0.79   0.24   0.21   0.49   0.92   0.53   0.88   0.98   0.81   0.88   0.19   0.30   0.29   0.97   0.58   0.19   0.21   0.22   0.18   0.64   0.75   0.38   0.66   0.82   0.16   0.53   0.83   0.32   0.18   0.60   0.70   0.78   0.53   0.71   0.57   0.50   0.41   0.82   0.97   0.45 
  0.63   0.83   0.12   0.30   0.90   0.17   0.64   0.14   0.63   0.32   0.13   0.66   0.71   0.32   0.29   0.77   0.12   0.73   0.75   0.26   0.95   0.27   0.13   0.42   0.74   0.93   0.75   0.13   0.74   0.19   0.68   0.98   0.80   0.55   0.96   0.79   0.63   0.83   0.53   0.51   0.75   0.54   0.82   0.62   0.14   0.18   0.85   0.51   0.38 
  0.69   0.52   0.81   0.39   0.56   0.47   0.21   0.10   0.89   0.38   0.12   0.31   0.11   0.87   0.85   0.43   0.40   0.99   0.69   0.28   0.22   0.66   0.98   0.91   0.73   0.49   0.72   0.66   0.89   0.29   0.30   0.33   0.84   0.84   0.14   0.94   0.33   0.93   0.23   0.17   0.42   0.13   0.54   0.85   0.90   0.64   0.86   0.38   0.53 
  0.52   0.48   0.38   0.20   0.90   0.54   0.71   0.81   0.27   0.87   0.63   0.74   0.28   0.32   0.54   0.60   0.13   0.87   0.90   0.67   0.37   0.63   0.80   0.67   0.99   0.81   0.36   0.78   0.34   0.50   0.50   0.40   0.30   0.87   0.17   0.82   0.59   0.16   0.36   0.10   0.67   0.51   0.55   0.83   0.40   0.79   0.85   0.47   0.28 
  0.32   0.67   0.77   0.85   0.61   0.96   0.93   0.27   0.21   0.45   0.98   0.33   0.13   0.63   0.92   0.94   0.42   0.67   0.81   0.34   0.37   0.49   0.55   0.27   0.46   0.20   0.53   0.50   0.49   0.85   0.64   0.50   0.36   0.16   0.14   0.17   0.90   0.93   0.68   0.45   0.69   0.88   0.28   0.69   0.40   0.19   0.64   0.84   0.75 
  0.48   0.31   0.29   0.97   0.47   0.60   0.49   0.98   0.71   0.19   0.95   0.26   0.21   0.17   0.67   0.71   0.93   0.33   0.21   0.92   0.84   0.77   0.55   0.42   0.44   0.72   0.80   0.96   0.76   0.73   0.23   0.65   0.65   0.22   0.28   0.66   0.79   0.18   0.38   0.78   0.84   0.60   0.44   0.67   0.72   0.12   0.14   0.64   0.68 
---
G_diag: 49 49
  7.93   5.49   8.34   5.56   4.90   2.90   6.99   8.91   8.75   3.88   9.33   8.00   6.07   4.54   8.15   6.97   6.93   3.72   7.75   7.68   7.56   9.51   2.82   8.13   7.63   6.48   8.78   7.65   2.16   3.36   5.07   7.62   3.28   9.00   9.42   4.49   3.16   2.60   7.69   9.49   9.17   7.95   5.80   7.32   4.35   4.18   9.56   8.25   6.16 
  2.44   6.35   4.16   8.58   9.13   6.83   5.76   2.66   3.25   3.70   7.97   8.64   9.41   5.72   9.83   3.34   6.77   9.36   7.53   9.17   9.64   7.27   7.71   8.75   2.81   7.32   7.22   4.50   7.12   4.14   5.88   8.74   3.92   4.58   2.33   7.63   2.57   9.84   2.48   6.16   5.36   2.52   9.17   2.46   8.61   7.79   4.66   7.00   3.72 
  4.38   5.54   3.77   5.28   7.49   6.35   7.38   5.09   5.66   8.31   4.03   4.77   4.54   9.57   5.60   7.80   9.27   6.44   6.11   3.95   6.71   2.60   9.59   6.14   9.41   4.67   5.36   6.88   5.84   3.15   3.70   2.79   2.21   4.72   2.70   4.57   7.47   5.90   5.95   2.39   3.63   7.34   8.91   4.34   3.19   5.63   5.59   2.47   4.81 
  4.69   4.85   3.73   9.40   6.67   8.22   5.18   9.29   7.45   4.52   6.28   3.97   2.36   5.45   5.66   5.00   8.54   5.51   7.42   2.16   3.97   4.06   4.29   9.32   5.66   7.18   3.66   7.69   7.56   6.37   7.58   3.59   4.86   8.42   5.50   5.06   7.46   9.59   4.74   2.80   4.77   8.35   5.62   4.45   3.57   8.02   6.51   6.58   5.01 
  6.97   3.51   9.19   8.89   6.57   6.57   3.96   2.96   2.83   7.49   6.21   5.88   8.97   4.03   8.46   5.90   7.55   7.43   8.59   3.04   5.50   4.95   9.00   6.79   5.70   4.71   9.32   3.89   7.13   5.83   3.69   7.39   5.80   3.78   9.81   4.71   3.89   9.56   9.26   5.35   5.28   3.83   5.41   3.43   5.55   6.44   7.86   9.11   9.90 
  8.92   9.14   5.59   7.24   6.62   7.76   6.88   6.46   5.57   9.23   3.90   5.59   5.29   6.46   6.67   8.77   6.45   4.87   6.47   2.61   2.85   5.07   9.56   3.42   9.45   7.75   4.51   6.22   2.77   6.32   6.37   9.60   7.69   8.28   7.12   3.58   4.21   8.05   3.20   8.64   6.90   8.23   5.35   4.96   9.07   6.28   9.82   6.26   8.90 
  6.88   5.19   6.00   6.68   4.52   2.59   9.90   2.71   7.71   8.94   7.21   2.42   4.27   3.45   4.07   8.11   9.11   5.85   8.84   5.66   3.65   8.03   6.89   2.12   5.70   7.85   2.45   3.92   7.75   6.87   7.56   7.38   4.66   2.58   5.03   2.99   5.66   2.56   2.39   4.89   7.93   7.08   2.63   3.07   3.66   4.30   2.60   3.75   3.66 
  5.89   9.47   4.18   5.65   6.37   8.78   9.79   4.46   8.82   7.45   4.22   5.42   8.10   7.14   9.44   8.90   3.97   5.34   9.67   3.81   4.52   5.86   7.02   7.38   2.45   9.89   4.50   9.10   8.92   8.62   8.82   2.11   6.47   6.34   6.74   4.43   5.81   9.41   4.57   7.62   5.50   4.16   6.54   3.40   8.34   2.81   6.40   6.94   5.17 
  7.25   3.65   4.02   3.99   9.16   7.36   9.62   5.07   3.05   3.18   6.53   7.91   5.53   2.19   5.07   8.61   7.19   2.90   8.50   7.41   3.72   7.35   9.05   4.42   4.34   3.75   9.01   5.43   8.44   4.43   4.75   6.15   9.53   8.89   2.88   5.12   9.79   3.67   7.37   7.95   4.51   5.60   9.47   5.85   5.67   8.90   5.05   2.92   8.33 
  5.80   5.57   2.90   5.46   6.91   7.20   5.94   7.80   7.77   4.15   2.93   5.42   4.96   8.57   4.70   7.71   5.86   9.21   8.64   2.50   6.40   5.79   3.56   7.21   3.82   2.90   7.43   9.10   5.48   2.99   3.23   5.07   2.74   7.49   4.84   2.99   4.87   9.54   8.12   4.30   4.82   5.92   5.50   8.38   9.13   8.85   3.12   9.33   9.77 
  3.87   8.36   3.62   3.28   3.29   7.47   6.01   8.14   8.64   3.64   5.81   8.24   2.59   3.36   5.90   3.04   3.83   7.18   9.09   9.68   3.67   8.23   4.07   7.72   6.66   6.36   6.86   2.26   7.79   5.11   9.14   8.64   6.32   5.65   7.80   6.92   3.72   9.74   8.36   3.91   8.42   7.80   8.86   7.90   6.80   7.14   6.09   6.37   7.27 
  2.73   8.55   5.20   3.89   5.64   8.64   8.33   6.47   9.22   3.76   9.33   6.91   5.82   5.77   9.60   3.35   2.82   2.57   7.40   6.98   5.76   7.34   2.12   5.84   6.75   3.38   2.40   3.50   7.69   5.72   9.29   8.14   4.93   7.10   9.54   3.11   7.01   4.95   2.20   5.09   6.62   7.57   5.66   9.51   4.66   9.04   9.21   9.77   6.65 
  5.03   3.14   6.26   6.29   9.39   9.58   8.01   5.80   5.83   3.59   9.59   8.26   8.90   6.02   2.52   9.08   3.88   3.08   2.37   9.42   5.82   9.68   4.92   4.66   3.46   3.86   6.93   9.75   4.22   4.81   5.52   3.43   6.29   8.29   9.80   2.97   7.66   7.47   5.03   9.10   7.80   2.18   4.74   4.35   7.24   8.38   8.74   3.00   8.68 
  8.66   8.86   5.87   5.21   7.30   9.47   3.63   3.83   8.56   8.46   2.97   6.67   7.16   8.56   4.96   7.87   8.88   8.21   8.55   5.24   2.53   5.63   7.95   6.84   6.88   7.41   6.78   9.32   7.13   3.12   2.22   5.20   8.87   3.01   3.39   6.40   4.14   6.34   5.52   5.36   9.10   6.32   8.79   9.71   2.13   6.59   6.87   8.37   3.67 
  4.72   6.17   2.20   4.67   2.41   5.15   9.53   5.43   6.38   4.25   3.51   9.42   6.08   2.25   7.08   8.77   5.69   7.48   8.56   5.43   7.12   7.73   8.31   6.34   2.22   2.13   3.62   2.64   2.98   4.30   6.05   7.73   8.36   5.90   8.70   5.39   3.59   9.31   9.82   2.51   4.51   6.25   9.56   9.15   3.55   6.51   8.62   2.57   3.16 
  3.77   9.26   6.93   8.10   3.44   6.59   8.59   6.99   2.95   7.09   3.36   7.33   8.23   8.74   3.90   7.04   4.70   6.96   6.88   6.96   6.04   2.44   8.91   5.42   5.79   2.89   3.36   9.17   9.76   6.66   2.13   8.45   2.21   5.35   2.91   7.52   2.67   7.54   7.83   8.89   6.72   4.04   5.91   7.98   3.08   6.94   2.13   9.89   3.45 
  8.50   6.62   3.23   3.95   6.99   4.94   6.62   9.41   6.99   7.72   3.22   8.67   9.17   5.35   6.66   6.65   8.56   3.35   7.44   8.37   9.67   2.58   9.56   6.11   8.47   6.85   6.36   5.25   3.59   7.58   2.91   5.76   6.83   8.00   7.98   2.51   7.76   6.36   7.92   7.25   8.65   2.85   3.49   4.05   3.49   5.59   5.70   2.80   8.13 
  5.60   4.14   6.82   3.73   4.31   2.25   5.28   4.47   8.80   8.98   3.34   7.96   5.64   4.36   8.15   6.42   8.21   4.51   7.27   7.91   5.02   5.68   7.91   3.38   7.16   5.49   6.51   2.25   6.22   3.87   2.81   3.99   2.14   3.14   5.24   5.90   8.32   6.75   3.95   7.21   7.82   7.75   2.79   6.10   4.71   7.83   4.58   2.85   6.04 
  4.95   5.69   7.92   3.87   9.53   2.87   8.41   2.38   9.68   2.18   3.84   2.12   7.45   9.24   8.57   6.45   7.05   8.34   9.02   8.12   8.17   8.08   6.89   3.79   5.87   4.75   7.34   3.66   7.54   6.03   5.86   6.91   3.99   3.42   7.00   9.11   8.45   6.64   7.03   8.95   2.37   6.02   5.83   8.42   8.58   5.17   8.51   6.03   6.82 
  7.37   7.38   4.97   2.10   8.73   5.01   4.72   7.97   3.83   2.98   6.82   4.95   2.51   7.71   6.95   3.08   6.30   7.47   8.51   3.14   3.79   7.38   4.80   3.25   7.81   2.45   3.61   4.87   3.86   3.40   8.72   7.79   7.65   5.39   9.20   5.93   2.13   6.43   4.11   6.12   6.33   9.52   4.08   2.28   7.42   4.63   2.85   6.85   6.42 
  4.70   2.38   5.68   3.65   7.33   2.98   3.94   9.36   3.14   5.39   2.98   2.38   4.96   8.25   9.02   4.08   5.40   9.28   3.99   8.38   3.62   5.21   4.72   6.96   7.74   6.88   4.25   6.89   7.08   6.95   3.02   8.24   9.30   8.95   7.25   3.06   4.61   2.40   5.46   3.46   7.23   3.04   3.91   5.04   9.32   8.67   8.44   3.52   7.01 
  8.68   6.95   7.85   6.93   5.83   4.81   3.36   3.57   4.65   8.21   8.21   3.29   2.52   3.47   3.53   3.39   7.96   2.94   8.01   3.32   8.08   4.58   2.53   4.45   6.11   2.57   8.22   6.58   5.81   3.98   7.43   6.23   2.18   3.98   3.43   9.27   5.54   9.46   8.91   9.47   4.57   7.42   7.76   8.12   3.79   8.22   6.76   8.85   5.93 
  7.58   4.81   3.89   9.01   7.05   8.47   7.28   8.78   5.36   2.86   6.80   6.11   6.63   8.23   7.13   9.84   4.61   7.57   4.80   7.62   8.29   4.90   7.08   8.26   9.25   3.66   3.06   8.67   7.48   6.35   8.46   9.50   7.20   2.94   5.34   3.75   2.14   3.79   9.80   2.36   5.29   2.15   8.64   6.82   4.98   8.83   6.54   6.23   9.27 
  7.82   4.69   5.53   5.96   5.28   4.69   5.54   8.91   6.74   5.73   8.94   7.11   5.00   7.43   6.83   4.39   3.80   5.82   3.76   3.25   9.88   4.78   6.30   7.49   7.56   9.13   6.03   9.36   8.18   2.76   8.32   4.34   7.28   3.45   6.05   7.65   7.87   3.76   7.70   3.93   3.22   2.99   5.05   7.49   6.88   4.70   2.97   8.65   2.67 
  5.75   3.51   4.73   9.48   2.92   4.69   4.81   3.26   8.86   8.76   8.07   5.64   4.31   6.89   4.67   9.39   2.54   8.11   3.42   4.18   9.37   3.80   9.26   4.02   4.79   3.88   4.99   9.79   6.29   5.34   6.31   4.49   8.39   5.27   5.29   6.50   3.15   6.53   7.95   2.24   6.18   3.30   6.78   6.92   3.10   6.77   7.15   2.24   5.18 
  9.64   8.78   5.85   6.44   6.01   7.54   2.75   9.57   6.96   6.83   8.97   8.94   9.06   2.52   4.22   9.24   4.16   4.60   4.42   9.86   8.78   3.17   8.80   5.35   5.51   7.31   6.76   8.60   3.06   7.53   6.87   8.95   6.85   2.96   2.97   7.11   9.53   5.35   8.58   6.29   3.95   7.33   5.29   6.71   7.19   5.64   9.42   9.35   2.13 
  6.62   5.20   4.91   7.45   6.40   4.15   7.74   3.29   8.91   8.61   7.26   4.96   8.44   2.17   6.61   2.87   8.51   4.57   6.94   8.64   5.08   5.66   9.57   3.25   8.22   5.20   7.01   6.80   7.48   3.67   2.56   5.84   7.01   7.12   6.21   6.85   9.73   2.85   9.74   4.60   5.55   8.49   6.29   9.80   8.43   7.80   4.48   5.23   3.20 
  8.67   3.22   8.60   6.27   5.31   7.34   9.37   6.86   3.37   4.17   2.12   9.63   5.18   3.71   5.43   7.57   2.49   9.46   5.39   5.29   5.38   9.30   3.34   8.47   5.80   7.18   4.04   3.25   6.23   4.38   3.68   7.33   3.84   8.03   6.12   5.61   9.09   5.79   8.48   6.58   2.28   7.30   3.67   8.44   7.22   7.98   2.46   5.92   2.46 
  6.58   8.17   5.04   7.36   3.59   7.47   9.40   9.09   4.01   4.56   3.06   9.73   2.27   7.08   2.87   7.58   7.43   8.35   3.51   4.56   2.20   8.18   5.51   5.92   7.38   8.83   6.79   6.09   7.44   4.97   4.60   7.42   8.33   8.18   7.78   3.49   8.54   2.21   2.56   9.80   4.05   9.68   6.34   8.56   9.32   9.22   8.46   6.42   3.29 
  7.18   7.95   2.58   6.74   4.24   9.66   8.70   8.05   8.71   4.69   7.17   8.11   9.21   9.21   6.50   6.01   4.01   5.57   3.02   4.92   7.08   8.68   7.64   8.62   8.56   9.74   2.17   6.59   4.22   3.98   2.79   6.46   6.00   9.00   8.34   2.29   7.83   2.11   5.47   3.79   4.74   8.82   7.47   2.71   9.75   8.54   2.50   5.07   6.41 
  8.82   3.78   6.25   8.22   5.74   5.22   7.52   2.68   2.61   9.40   4.85   7.85   5.66   5.43   8.77   3.33   9.77   3.96   6.18   8.05   3.08   4.92   8.49   4.67   8.31   2.31   7.63   8.44   3.23   6.14   6.34   8.24   9.62   5.72   7.63   8.74   2.90   3.42   5.71   7.09   5.49   2.24   6.44   4.14   7.17   3.83   2.28   3.74   2.33 
  4.49   8.19   6.38   4.90   9.04   2.49   4.09   3.06   6.24   8.36   4.89   6.82   4.68   2.27   4.65   5.80   9.10   6.65   5.30   2.20   6.24   4.29   7.99   2.55   8.69   4.56   4.01   6.83   7.35   8.47   2.54   8.48   3.03   7.83   9.52   4.48   7.19   2.23   2.94   5.65   7.27   5.74   9.35   5.02   8.48   3.82   3.55   2.75   7.58 
  6.80   9.20   5.75   8.69   9.43   2.15   5.85   5.87   5.20   3.00   4.88   5.71   4.11   6.73   9.61   5.73   6.21   5.22   5.73   3.77   2.48   8.12   7.73   8.27   9.76   3.33   7.05   3.95   7.51   4.88   6.89   4.98   4.06   9.78   4.61   9.20   2.90   9.07   4.87   5.20   7.86   8.81   5.78   7.84   6.59   2.24   3.36   5.57   6.19 
  7.83   2.58   5.03   4.99   8.94   5.77   9.61   2.51   6.29   5.05   7.86   5.97   8.53   5.18   7.30   6.72   4.80   7.17   6.25   8.43   9.57   6.88   5.05   7.53   3.84   9.40   8.10   7.20   7.62   9.39   6.64   4.60   4.46   2.98   4.29   2.20   6.17   4.21   8.36   9.09   7.33   3.25   3.06   3.84   9.53   6.16   5.67   4.39   3.98 
  4.50   7.67   5.17   7.02   4.77   3.67   7.67   6.63   4.22   3.47   4.42   6.41   9.50   2.85   8.46   3.27   4.44   4.17   3.70   7.11   8.88   2.20   8.31   7.45   4.71   4.81   8.25   4.05   8.53   7.20   4.54   8.13   9.24   2.18   5.25   9.41   7.44   4.51   9.46   5.00   8.59   3.86   9.22   9.20   8.70   2.29   9.87   7.08   2.77 
  7.82   4.88   5.21   8.53   4.87   5.55   5.36   7.85   7.20   3.38   6.45   5.20   7.05   2.50   2.38   5.19   4.34   5.18   8.89   9.79   3.99   6.09   7.65   2.57   2.71   7.76   8.26   5.96   5.89   2.31   8.04   8.83   3.75   6.47   9.15   6.91   2.31   7.09   6.26   3.99   2.13   9.44   3.87   4.56   7.87   4.46   8.39   4.61   5.01 
  3.25   3.49   3.95   3.86   9.70   9.36   2.23   9.67   2.56   6.80   4.36   6.01   5.70   8.81   9.68   2.64   9.62   4.08   3.79   5.87   4.69   3.19   5.82   5.42   5.90   5.89   5.96   2.77   4.69   8.59   4.91   8.49   5.59   8.93   9.56   4.39   7.07   4.94   4.00   6.68   8.67   9.51   6.48   4.35   3.31   9.30   6.20   6.05   6.44 
  4.90   9.48   3.36   5.66   6.11   9.67   3.99   5.76   6.76   3.78   6.00   5.49   5.18   4.54   6.51   9.46   7.61   3.59   9.09   8.90   7.27   7.94   4.91   4.25   5.71   3.44   8.63   8.43   2.85   6.45   4.04   5.86   4.48   9.42   7.89   2.23   3.72   3.09   9.03   6.77   3.28   3.32   6.02   2.38   9.64   8.60   3.18   2.71   5.97 
  4.88   8.95   8.36   3.41   6.01   8.52   2.39   6.47   5.90   5.92   4.80   2.54   4.50   9.23   2.25   4.19   3.27   7.01   2.64   6.24   7.87   7.66   3.46   5.46   6.60   4.84   7.10   9.23   7.75   6.12   6.48   7.52   6.76   7.99   4.12   6.89   8.44   8.75   6.57   5.82   3.36   4.57   3.14   4.05   3.21   8.92   5.87   2.21   4.45 
  5.53   2.85   6.59   7.03   5.32   6.81   9.32   7.03   6.67   7.51   2.73   9.78   5.57   8.90   7.32   5.82   8.19   4.27   6.19   7.64   3.94   5.63   2.84   6.83   3.79   4.32   7.22   3.71   5.20   9.06   4.41   3.90   7.20   3.10   3.09   6.33   8.84   4.86   6.98   3.75   9.07   2.20   2.75   6.92   4.82   2.25   6.48   7.15   8.20 
  4.37   8.99   6.72   2.62   5.58   6.52   4.10   6.67   6.99   6.74   8.76   6.58   3.88   3.70   9.06   8.34   6.23   9.65   8.75   7.14   9.66   5.37   9.60   5.40   3.41   2.73   4.17   5.35   6.68   9.06   8.30   3.03   2.39   2.90   5.20   4.87   3.98   7.79   7.79   6.51   7.38   3.78   9.75   8.05   7.71   6.62   9.58   3.28   7.77 
  3.46   3.93   5.75   6.91   9.66   3.73   3.65   5.02   6.50   8.69   3.81   7.58   7.08   6.56   6.97   7.40   3.79   5.02   4.95   5.45   8.28   3.31   2.20   6.87   7.42   8.17   7.39   3.35   8.85   6.53   9.76   5.48   3.48   4.06   2.90   6.20   7.15   7.72   6.93   6.41   7.49   2.64   6.67   5.78   4.31   2.91   4.82   7.75   7.14 
  4.26   4.01   6.37   8.87   6.34   5.77   8.47   3.21   5.59   5.93   2.89   6.62   8.87   8.19   2.96   8.31   7.83   5.85   8.19   7.60   7.55   4.08   9.40   6.83   7.14   5.74   8.52   4.41   7.11   3.63   4.80   8.35   7.14   9.34   9.16   4.42   7.24   2.45   9.73   9.35   4.20   4.17   5.81   3.05   8.74   3.53   3.24   3.65   5.60 
  2.27   9.46   5.48   2.22   2.35   7.47   5.69   3.88   7.17   9.82   3.73   5.82   8.75   9.50   2.83   5.21   4.31   9.38   4.67   7.69   3.55   2.12   9.35   9.14   6.87   5.32   6.82   6.15   2.15   5.08   9.69   9.37   3.85   6.48   9.81   7.78   5.81   4.18   2.92   4.24   7.43   9.12   5.87   8.71   6.78   6.20   8.10   9.66   8.30 
  8.74   8.04   6.20   9.70   3.36   8.39   6.86   8.71   2.28   4.62   8.84   6.12   4.59   3.35   4.68   4.93   5.00   4.31   2.19   9.39   3.66   3.62   6.12   9.78   9.85   4.51   9.64   6.05   6.47   9.75   4.11   2.70   3.18   7.02   6.52   5.61   4.59   8.73   4.94   6.37   8.93   2.99   5.17   3.07   8.96   6.34   7.48   7.72   7.47 
  8.27   7.14   3.30   8.53   4.84   6.29   4.19   4.23   8.92   4.48   6.37   4.87   3.57   5.18   4.80   4.25   2.43   3.88   3.97   2.41   7.59   7.41   4.70   6.36   6.53   9.05   7.93   9.50   8.58   5.45   3.24   9.12   6.65   3.04   4.00   3.76   8.53   8.30   4.15   4.07   3.31   3.89   8.29   5.24   4.48   7.84   7.27   7.67   6.59 
  8.56   6.68   6.09   6.60   3.52   5.62   6.96   9.01   2.91   4.43   5.92   8.89   3.89   3.11   3.31   7.84   8.88   8.49   3.62   5.65   9.03   7.74   3.27   3.30   5.83   7.92   9.44   8.71   8.77   6.70   8.15   9.68   9.58   3.01   7.12   8.42   4.72   7.67   8.17   6.93   7.64   6.99   3.52   7.32   8.68   4.65   7.42   9.21   6.02 
  4.47   3.00   8.15   4.75   9.04   4.28   5.14   9.15   8.11   5.93   8.01   4.64   3.32   2.97   6.78   7.84   5.82   4.39   4.70   3.33   5.30   6.69   6.67   8.76   4.18   2.71   9.33   9.72   8.05   7.02   8.92   9.18   7.60   4.94   6.75   5.43   7.91   6.94   8.12   2.90   2.56   9.31   8.04   5.63   2.66   7.45   2.36   4.34   9.73 
  6.23   4.24   4.21   2.40   5.52   2.58   9.00   3.33   8.75   9.07   9.37   3.26   7.40   3.60   4.36   6.59   2.29   8.86   8.27   4.76   6.97   4.78   6.07   5.25   3.84   8.10   7.11   8.15   4.63   7.95   7.15   6.36   6.07   7.84   2.52   8.36   4.78   5.19   5.33   8.49   7.40   2.85   6.34   4.08   8.44   3.24   2.56   8.40   2.77 
---
