G_down: 49 50
  0.79   0.64   0.39   0.70   0.55   0.20   0.64   0.84   0.69   0.26   0.69   0.72   0.67   0.15   0.70   0.70   0.25   0.99   0.52   0.78   0.78   0.80   0.69   0.79   0.98   0.90   0.23   0.68   0.45   0.20   0.72   0.34   0.86   0.76   0.84   0.16   0.54   0.83   0.61   0.29   0.86   0.53   0.34   0.68   0.28   0.66   0.94   0.72   0.84   0.37 
  0.43   0.56   0.71   0.25   0.16   0.43   0.24   0.60   0.32   0.46   0.27   0.73   0.73   0.15   0.80   0.66   0.49   0.54   0.39   0.83   0.92   0.22   0.73   0.76   0.61   0.43   0.76   0.60   0.11   0.79   0.95   0.93   0.49   0.38   0.27   0.50   0.64   0.15   0.37   0.45   0.12   0.50   0.39   0.59   0.39   0.70   0.41   0.87   0.62   0.40 
  0.38   0.16   0.96   0.32   0.78   0.92   0.75   0.46   0.75   0.69   0.76   0.81   0.56   0.59   0.97   0.38   0.41   0.48   0.60   0.42   0.91   0.90   0.63   0.88   0.10   0.95   0.56   0.38   0.39   0.36   0.85   0.55   0.44   0.66   0.71   0.42   0.41   0.15   0.32   0.86   0.21   0.17   0.60   0.46   0.73   0.43   0.74   0.52   0.45   0.47 
  0.99   0.80   0.80   0.67   0.34   0.55   0.34   0.24   0.15   0.60   0.59   0.58   0.94   0.32   0.77   0.77   0.22   0.89   0.39   0.84   0.30   0.13   0.88   0.68   0.50   0.30   0.88   0.73   0.80   0.43   0.62   0.84   0.93   0.20   0.45   0.84   0.73   0.12   0.87   0.48   0.22   0.16   0.19   0.50   0.59   0.69   0.50   0.42   0.28   0.40 
  0.66   0.97   0.15   0.88   0.59   0.29   0.38   0.70   0.27   0.28   0.95   0.57   0.28   0.41   0.51   0.96   0.11   0.50   0.45   0.37   0.41   0.58   0.98   0.96   0.85   0.66   0.65   0.94   0.77   0.87   0.39   0.18   0.48   0.40   0.84   0.32   0.39   0.78   0.96   0.24   0.29   0.52   0.50   0.69   0.23   0.74   0.96   0.63   0.59   0.91 
  0.94   0.37   0.10   0.19   0.85   0.58   0.99   0.77   0.72   0.45   0.99   0.73   0.49   0.86   0.18   0.44   0.35   0.91   0.48   0.51   0.28   0.14   0.85   0.26   0.68   0.23   0.66   0.24   0.70   0.77   0.64   0.20   0.34   0.12   0.47   0.86   0.64   0.45   0.45   0.27   0.90   0.88   0.64   0.66   0.63   0.71   0.20   0.61   0.61   0.78 
  0.92   0.38   0.37   0.19   0.62   0.94   0.10   0.19   0.75   0.55   0.90   0.22   0.18   0.59   0.36   0.12   0.70   0.61   0.76   0.42   0.57   0.42   0.29   0.94   0.76   0.74   0.19   0.21   0.57   0.45   0.42   0.58   0.71   0.31   0.76   0.60   0.58   0.30   0.33   0.96   0.57   0.60   0.31   0.35   0.48   0.52   0.59   0.91   0.24   0.43 
  0.41   0.62   0.73   0.27   0.72   0.16   0.83   0.71   0.81   0.69   0.82   0.83   0.61   0.57   0.38   0.61   0.26   0.77   0.52   0.78   0.18   0.17   0.31   0.27   0.93   0.96   0.17   0.94   0.54   0.31   0.86   0.76   0.24   0.81   0.36   0.21   0.44   0.51   0.50   0.14   0.24   0.98   0.50   0.48   0.36   0.35   0.90   0.41   0.79   0.47 
  0.39   0.97   0.44   0.45   0.59   0.63   0.90   0.12   0.42   0.51   0.27   0.88   0.80   0.31   0.37   0.59   0.67   0.33   0.71   0.50   0.32   0.63   0.18   0.78   0.50   0.40   0.11   0.81   0.67   0.46   0.99   0.14   0.90   0.50   0.87   0.35   0.57   0.79   0.97   0.30   0.60   0.70   0.90   0.36   0.51   0.28   0.61   0.61   0.92   0.79 
  0.87   0.42   0.50   0.58   0.20   0.12   0.99   0.95   0.35   0.11   0.46   0.87   0.13   0.82   0.12   0.32   0.50   0.61   0.42   0.76   0.82   0.40   0.42   0.53   0.69   0.43   0.46   0.58   0.31   0.30   0.73   0.10   0.87   0.51   0.60   0.50   0.93   0.28   0.10   0.91   0.26   0.10   0.26   0.26   0.84   0.51   0.87   0.85   0.31   0.39 
  0.90   0.37   0.37   0.49   0.97   0.30   0.52   0.40   0.15   0.83   0.46   0.30   0.92   0.31   0.19   0.65   0.94   0.96   0.27   0.36   0.73   0.17   0.74   0.40   0.29   0.24   0.34   0.34   0.88   0.38   0.78   0.16   0.82   0.64   0.48   0.13   0.67   0.88   0.75   0.33   0.81   0.16   0.21   0.31   0.67   0.33   0.27   0.51   0.13   0.88 
  0.20   0.66   0.70   0.83   0.66   0.65   0.62   0.25   0.75   0.59   0.31   0.84   0.82   0.48   0.47   0.43   0.25   0.11   0.91   0.13   0.33   0.27   0.65   0.59   0.99   0.80   0.73   0.52   0.80   0.76   0.11   0.51   0.91   0.59   0.86   0.74   0.53   0.72   0.30   0.66   0.11   0.14   0.34   0.80   0.26   0.97   0.61   0.41   0.37   0.58 
  0.57   0.88   0.90   0.34   0.69   0.28   0.57   0.34   0.52   0.18   0.65   0.31   0.23   0.21   0.77   0.97   0.34   0.45   0.88   0.37   0.96   0.46   0.57   0.54   0.56   0.65   0.18   0.52   0.71   0.82   0.10   0.24   0.95   0.50   0.33   0.58   0.29   0.76   0.32   0.24   0.25   0.26   0.57   0.26   0.10   0.87   0.93   0.71   0.54   0.87 
  0.95   0.16   0.60   0.17   0.88   0.14   0.98   0.98   0.49   0.61   0.41   0.95   0.67   0.67   0.13   0.71   0.73   0.77   0.75   0.34   0.33   0.45   0.34   0.42   0.86   0.83   0.36   0.11   0.33   0.85   0.52   0.45   0.34   0.36   0.49   0.82   0.47   0.78   0.33   0.34   0.81   0.96   0.11   0.48   0.61   0.98   0.18   0.91   0.46   0.60 
  0.93   0.72   0.61   0.81   0.82   0.55   0.69   0.11   0.53   0.92   0.23   0.61   0.50   0.29   0.94   0.44   0.57   0.79   0.96   0.87   0.70   0.32   0.65   0.80   0.62   0.69   0.76   0.42   0.17   0.60   0.88   0.11   0.44   0.50   0.71   0.11   0.55   0.46   0.82   0.94   0.92   0.15   0.96   0.58   0.96   0.52   0.60   0.45   0.49   0.98 
  0.44   0.72   0.20   0.33   0.70   0.71   0.45   0.71   0.29   0.73   0.68   0.95   0.14   0.68   0.89   0.92   0.78   0.45   0.22   0.13   0.26   0.15   0.32   0.35   0.67   0.24   0.29   0.82   0.33   0.33   0.47   0.73   0.85   0.38   0.66   0.83   0.88   0.29   0.79   0.42   0.43   0.65   0.81   0.51   0.41   0.52   0.51   0.45   0.23   0.79 
  0.15   0.68   0.86   0.69   0.42   0.24   0.94   0.54   0.88   0.46   0.44   0.89   0.46   0.70   0.87   0.66   0.93   0.47   0.22   0.91   0.24   0.62   0.27   0.60   0.24   0.12   0.55   0.72   0.73   0.13   0.27   0.60   0.44   0.30   0.82   0.43   0.23   0.14   0.89   0.36   0.26   0.61   0.59   0.60   0.76   0.77   0.32   0.49   0.24   0.54 
  0.85   0.56   0.35   0.66   0.98   0.72   0.41   0.51   0.73   0.35   0.29   0.37   0.47   0.12   0.73   0.88   0.86   0.79   0.18   0.55   0.14   0.87   0.34   0.50   0.73   0.52   0.69   0.29   0.96   0.52   0.97   0.74   0.26   0.67   0.43   0.22   0.60   0.84   0.29   0.10   0.26   0.40   0.54   0.76   0.75   0.82   0.83   0.21   0.36   0.21 
  0.78   0.33   0.13   0.77   0.52   0.32   0.83   0.73   0.20   0.59   0.17   0.27   0.15   0.34   0.43   0.93   0.47   0.45   0.21   0.64   0.58   0.39   0.78   0.53   0.70   0.19   0.76   0.19   0.48   0.43   0.75   0.86   0.77   0.38   0.80   0.32   0.50   0.16   0.23   0.14   0.41   0.27   0.71   0.29   0.13   0.85   0.75   0.70   0.79   0.89 
  0.47   0.29   0.74   0.92   0.86   0.88   0.95   0.81   0.73   0.55   0.13   0.68   0.78   0.16   0.67   0.63   0.74   0.90   0.48   0.46   0.14   0.92   0.41   0.65   0.62   0.86   0.81   0.93   0.72   0.78   0.23   0.89   0.79   0.66   0.70   0.69   0.44   0.32   0.92   0.34   0.30   0.96   0.52   0.89   0.22   0.61   0.32   0.36   0.76   0.98 
  0.36   0.44   0.34   0.65   0.79   0.86   0.59   0.13   0.76   0.21   0.28   0.15   0.94   0.41   0.76   0.30   0.73   0.61   0.33   0.44   0.83   0.98   0.16   0.80   0.35   0.66   0.11   0.90   0.47   0.16   0.22   0.13   0.11   0.75   0.48   0.66   0.18   0.70   0.91   0.85   0.70   0.20   0.80   0.37   0.82   0.98   0.71   0.99   0.27   0.81 
  0.90   0.71   0.73   0.37   0.76   0.92   0.98   0.26   0.23   0.44   0.33   0.19   0.74   0.34   0.89   0.65   0.66   0.97   0.18   0.54   0.65   0.88   0.41   0.45   0.38   0.75   0.54   0.38   0.96   0.35   0.38   0.33   0.18   0.89   0.16   0.44   0.73   0.88   0.50   0.60   0.71   0.90   0.24   0.47   0.45   0.83   0.89   0.37   0.97   0.55 
  0.88   0.25   0.22   0.14   0.14   0.13   0.28   0.63   0.18   0.69   0.27   0.60   0.85   0.11   0.40   0.63   0.91   0.66   0.47   0.35   0.41   0.89   0.84   0.48   0.15   0.44   0.22   0.18   0.36   0.44   0.60   0.70   0.43   0.15   0.32   0.74   0.34   0.17   0.35   0.48   0.15   0.74   0.73   0.19   0.84   0.13   0.70   0.64   0.57   0.80 
  0.52   0.32   0.80   0.61   0.95   0.93   0.25   0.97   0.82   0.29   0.29   0.43   0.60   0.22   0.79   0.66   0.33   0.81   0.47   0.92   0.84   0.98   0.78   0.76   0.27   0.47   0.15   0.37   0.11   0.24   0.70   0.13   0.76   0.84   0.57   0.59   0.92   0.58   0.31   0.38   0.81   0.39   0.68   0.51   0.30   0.67   0.81   0.84   0.82   0.35 
  0.93   0.53   0.71   0.40   0.69   0.25   0.19   0.66   0.89   0.62   0.86   0.23   0.93   0.62   0.71   0.74   0.87   0.80   0.63   0.26   0.26   0.43   0.22   0.74   0.72   0.78   0.31   0.41   0.99   0.95   0.24   0.28   0.20   0.11   0.36   0.15   0.18   0.57   0.15   0.42   0.91   0.75   0.58   0.84   0.11   0.48   0.45   0.76   0.29   0.84 
  0.98   0.68   0.68   0.28   0.47   0.56   0.97   0.56   0.86   0.58   0.34   0.71   0.44   0.13   0.32   0.73   0.93   0.59   0.86   0.69   0.31   0.45   0.39   0.27   0.46   0.29   0.66   0.56   0.25   0.58   0.93   0.78   0.17   0.26   0.51   0.20   0.34   0.77   0.40   0.31   0.46   0.46   0.67   0.58   0.66   0.88   0.47   0.70   0.70   0.71 
  0.79   0.89   0.73   0.46   0.74   0.39   0.92   0.18   0.56   0.58   0.25   0.60   0.62   0.98   0.23   0.55   0.90   0.69   0.62   0.39   0.29   0.72   0.56   0.88   0.38   0.81   0.22   0.39   0.81   0.75   0.16   0.82   0.17   0.28   0.56   0.55   0.68   0.94   0.94   0.76   0.95   0.66   0.86   0.79   0.71   0.62   0.61   0.18   0.63   0.64 
  0.50   0.33   0.88   0.30   0.39   0.48   0.80   0.30   0.57   0.13   0.93   0.16   0.40   0.89   0.30   0.56   0.48   0.82   0.79   0.81   0.95   0.68   0.70   0.57   0.97   0.92   0.36   0.56   0.56   0.31   0.53   0.80   0.63   0.99   0.89   0.16   0.51   0.44   0.95   0.26   0.66   0.52   0.33   0.88   0.61   0.87   0.93   0.99   0.65   0.87 
  0.32   0.16   0.86   0.84   0.80   0.23   0.26   0.94   0.75   0.14   0.18   0.25   0.85   0.64   0.51   0.32   0.49   0.53   0.77   0.73   0.12   0.73   0.53   0.68   0.94   0.73   0.19   0.70   0.19   0.40   0.12   0.23   0.92   0.72   0.13   0.62   0.42   0.17   0.76   0.50   0.29   0.21   0.34   0.37   0.64   0.68   0.69   0.34   0.39   0.49 
  0.92   0.16   0.24   0.56   0.73   0.80   0.96   0.30   0.29   0.38   0.62   0.47   0.69   0.12   0.17   0.81   0.86   0.23   0.98   0.90   0.33   0.67   0.33   0.93   0.11   0.35   0.95   0.86   0.50   0.84   0.15   0.68   0.97   0.79   0.55   0.58   0.10   0.26   0.96   0.26   0.68   0.23   0.64   0.24   0.53   0.57   0.34   0.79   0.26   0.32 
  0.77   0.44   0.85   0.51   0.25   0.35   0.40   0.21   0.65   0.20   0.85   0.17   0.15   0.46   0.26   0.25   0.93   0.33   0.96   0.62   0.78   0.29   0.51   0.19   0.77   0.82   0.26   0.56   0.79   0.48   0.37   0.41   0.95   0.88   0.83   0.98   0.81   0.89   0.50   0.61   0.14   0.79   0.23   0.64   0.61   0.38   0.61   0.40   0.35   0.67 
  0.85   0.90   0.72   0.22   0.88   0.39   0.36   0.87   0.95   0.52   0.22   0.30   0.93   0.63   0.76   0.51   0.37   0.84   0.21   0.71   0.44   0.86   0.67   0.88   0.74   0.50   0.53   0.22   0.21   0.60   0.73   0.86   0.57   0.28   0.17   0.32   0.78   0.49   0.33   0.54   0.32   0.54   0.46   0.27   0.81   0.91   0.81   0.50   0.29   0.56 
  0.49   0.64   0.37   0.78   0.55   0.31   0.15   0.76   0.43   0.49   0.60   0.66   0.36   0.21   0.17   0.60   0.18   0.78   0.89   0.54   0.71   0.31   0.60   0.39   0.73   0.31   0.91   0.93   0.84   0.92   0.99   0.28   0.16   0.56   0.28   0.72   0.73   0.98   0.72   0.36   0.73   0.57   0.60   0.98   0.75   0.73   0.90   0.40   0.78   0.54 
  0.68   0.29   0.51   0.64   0.65   0.30   0.17   0.50   0.67   0.18   0.58   0.88   0.20   0.84   0.84   0.30   0.24   0.16   0.46   0.20   0.65   0.39   0.54   0.58   0.58   0.24   0.77   0.63   0.30   0.47   0.35   0.61   0.54   0.48   0.26   0.84   0.56   0.65   0.13   0.62   0.42   0.79   0.52   0.83   0.99   0.73   0.25   0.99   0.91   0.97 
  0.26   0.91   0.61   0.98   0.26   0.65   0.41   0.43   0.33   0.19   0.58   0.54   0.68   0.69   0.40   0.56   0.59   0.19   0.28   0.19   0.28   0.26   0.38   0.56   0.64   0.60   0.60   0.22   0.86   0.66   0.95   0.81   0.50   0.18   0.36   0.39   0.16   0.66   0.41   0.80   0.13   0.43   0.54   0.63   0.53   0.20   0.60   0.37   0.86   0.44 
  0.77   0.83   0.26   0.27   0.85   0.31   0.50   0.51   0.79   0.65   0.89   0.97   0.63   0.82   0.61   0.70   0.67   0.31   0.87   0.72   0.63   0.60   0.51   0.77   0.73   0.12   0.90   0.71   0.38   0.16   0.11   0.26   0.91   0.86   0.23   0.38   0.34   0.44   0.71   0.31   0.88   0.40   0.66   0.60   0.76   0.17   0.74   0.92   0.89   0.55 
  0.24   0.75   0.33   0.88   0.68   0.57   0.11   0.70   0.80   0.82   0.18   0.64   0.60   0.16   0.18   0.62   0.45   0.41   0.85   0.79   0.53   0.87   0.51   0.96   0.85   0.52   0.15   0.17   0.56   0.42   0.85   0.44   0.36   0.16   0.82   0.13   0.78   0.40   0.89   0.77   0.82   0.44   0.28   0.35   0.39   0.69   0.93   0.18   0.53   0.24 
  0.64   0.92   0.44   0.56   0.26   0.98   0.50   0.24   0.62   0.56   0.83   0.60   0.64   0.87   0.75   0.54   0.76   0.11   0.45   0.17   0.86   0.81   0.49   0.55   0.91   0.76   0.70   0.97   0.53   0.56   0.65   0.66   0.55   0.52   0.48   0.43   0.69   0.59   0.94   0.44   0.78   0.70   0.17   0.53   0.52   0.31   0.45   0.91   0.16   0.52 
  0.32   0.34   0.26   0.57   0.65   0.25   0.67   0.40   0.97   0.61   0.70   0.28   0.79   0.37   0.31   0.93   0.38   0.63   0.15   0.16   0.62   0.93   0.49   0.42   0.77   0.96   0.62   0.96   0.16   0.89   0.53   0.16   0.31   0.20   0.61   0.82   0.87   0.22   0.92   0.45   0.30   0.93   0.25   0.75   0.98   0.27   0.22   0.80   0.23   0.26 
  0.65   0.45   0.38   0.72   0.80   0.89   0.61   0.55   0.17   0.90   0.64   0.82   0.43   0.12   0.85   0.51   0.98   0.35   0.12   0.28   0.75   0.64   0.81   0.22   0.23   0.59   0.97   0.56   0.98   0.21   0.85   0.28   0.84   0.43   0.37   0.52   0.40   0.66   0.87   0.87   0.91   0.40   0.83   0.15   0.18   0.31   0.87   0.25   0.52   0.22 
  0.77   0.51   0.12   0.39   0.28   0.57   0.67   0.10   0.39   0.33   0.80   0.25   0.91   0.95   0.46   0.25   0.28   0.13   0.73   0.23   0.29   0.44   0.38   0.76   0.67   0.92   0.17   0.39   0.17   0.72   0.63   0.82   0.75   0.54   0.59   0.90   0.49   0.77   0.28   0.42   0.47   0.92   0.66   0.57   0.44   0.67   0.47   0.91   0.18   0.79 
  0.94   0.41   0.85   0.12   0.64   0.64   0.73   0.65   0.85   0.73   0.50   0.58   0.84   0.51   0.66   0.85   0.11   0.81   0.32   0.16   0.29   0.50   0.93   0.26   0.28   0.16   0.44   0.57   0.11   0.76   0.51   0.22   0.49   0.11   0.57   0.17   0.13   0.31   0.90   0.49   0.78   0.71   0.41   0.76   0.64   0.70   0.26   0.75   0.39   0.28 
  0.72   0.88   0.64   0.38   0.44   0.13   0.95   0.76   0.62   0.52   0.77   0.84   0.57   0.26   0.12   0.34   0.74   0.61   0.39   0.92   0.26   0.51   0.61   0.95   0.23   0.75   0.37   0.28   0.36   0.61   0.33   0.75   0.33   0.20   0.10   0.34   0.54   0.81   0.75   0.45   0.97   0.46   0.60   0.68   0.51   0.90   0.91   0.22   0.62   0.67 
  0.79   0.92   0.43   0.85   0.96   0.99   0.16   0.62   0.80   0.45   0.55   0.74   0.44   0.45   0.89   0.64   0.62   0.65   0.25   0.52   0.85   0.61   0.95   0.56   0.19   0.34   0.53   0.29   0.16   0.65   0.17   0.89   0.49   0.46   0.15   0.27   0.20   0.19   0.41   0.95   0.69   0.18   0.79   0.21   0.14   0.92   0.30   0.69   0.53   0.13 
  0.91   0.19   0.31   0.82   0.91   0.67   0.46   0.23   0.28   0.27   0.36   0.81   0.93   0.67   0.36   0.58   0.12   0.82   0.72   0.30   0.70   0.62   0.16   0.98   0.38   0.34   0.53   0.96   0.18   0.40   0.11   0.92   0.55   0.89   0.98   0.97   0.19   0.63   0.76   0.58   0.30   0.41   0.52   0.65   0.44   0.47   0.20   0.73   0.57   0.24 
  0.61   0.44   0.98   0.42   0.43   0.29   0.27   0.32   0.19   0.80   0.76   0.17   0.81   0.10   0.15   0.86   0.92   0.18   0.46   0.27   0.87   0.70   0.34   0.49   0.98   0.93   0.15   0.83   0.73   0.86   0.33   0.92   0.45   0.93   0.31   0.36   0.75   0.37   0.42   0.18   0.29   0.38   0.73   0.37   0.79   0.20   0.93   0.11   0.16   0.18 
  0.62   0.53   0.45   0.54   0.96   0.16   0.66   0.28   0.23   0.56   0.16   0.44   0.52   0.42   0.59   0.64   0.39   0.63   0.85   0.38   0.49   0.32   0.41   0.70   0.16   0.48   0.17   0.31   0.57   0.77   0.51   0.75   0.31   0.88   0.13   0.92   0.86   0.29   0.56   0.80   0.92   0.25   0.56   0.15   0.90   0.41   0.44   0.37   0.21   0.21 
  0.29   0.27   0.58   0.25   0.78   0.29   0.11   0.14   0.13   0.43   0.64   0.93   0.85   0.36   0.80   0.79   0.73   0.62   0.96   0.15   0.59   0.19   0.82   0.57   0.52   0.29   0.61   0.91   0.44   0.83   0.89   0.59   0.48   0.84   0.86   0.81   0.84   0.98   0.18   0.54   0.74   0.60   0.78   0.67   0.44   0.18   0.66   0.66   0.72   0.44 
  0.69   0.11   0.19   0.42   0.14   0.31   0.49   0.19   0.56   0.80   0.39   0.64   0.60   0.60   0.66   0.35   0.47   0.97   0.80   0.35   0.53   0.55   0.96   0.87   0.30   0.49   0.48   0.96   0.25   0.97   0.72   0.58   0.65   0.24   0.97   0.76   0.44   0.28   0.44   0.14   0.66   0.11   0.79   0.40   0.99   0.72   0.53   0.31   0.56   0.78 
---
G_right: 50 49
  0.50   0.78   0.20   0.98   0.67   0.85   0.45   0.20   0.91   0.76   0.57   0.77   0.17   0.48   0.73   0.21   0.63   0.85   0.70   0.98   0.38   0.98   0.67   0.32   0.40   0.85   0.12   0.98   0.61   0.70   0.83   0.33   0.92   0.78   0.32   0.46   0.88   0.32   0.84   0.58   0.16   0.89   0.15   0.21   0.13   0.22   0.75   0.66   0.15 
  0.90   0.51   0.81   0.66   0.15   0.17   0.46   0.19   0.22   0.14   0.66   0.66   0.37   0.68   0.49   0.90   0.80   0.35   0.84   0.97   0.81   0.53   0.66   0.12   0.80   0.29   0.74   0.30   0.67   0.45   0.46   0.90   0.49   0.71   0.79   0.66   0.97   0.76   0.12   0.38   0.23   0.81   0.62   0.68   0.93   0.54   0.44   0.63   0.14 
  0.25   0.62   0.93   0.58   0.61   0.11   0.81   0.71   0.12   0.98   0.16   0.91   0.21   0.14   0.31   0.90   0.21   0.68   0.29   0.51   0.84   0.58   0.58   0.37   0.38   0.70   0.85   0.61   0.93   0.26   0.93   0.42   0.17   0.11   0.89   0.86   0.95   0.28   0.42   0.66   0.12   0.29   0.83   0.41   0.73   0.64   0.80   0.43   0.40 
  0.32   0.43   0.42   0.28   0.94   0.80   0.20   0.11   0.30   0.20   0.26   0.72   0.82   0.56   0.86   0.88   0.77   0.67   0.58   0.16   0.48   0.70   0.86   0.27   0.92   0.97   0.72   0.65   0.27   0.58   0.52   0.38   0.44   0.89   0.22   0.41   0.43   0.65   0.19   0.55   0.12   0.38   0.72   0.69   0.75   0.64   0.13   0.18   0.59 
  0.96   0.64   0.51   0.30   0.51   0.65   0.66   0.58   0.15   0.21   0.70   0.52   0.24   0.40   0.70   0.21   0.49   0.98   0.94   0.50   0.73   0.15   0.72   0.36   0.37   0.70   0.95   0.65   0.44   0.50   0.73   0.94   0.58   0.77   0.77   0.38   0.82   0.51   0.47   0.88   0.49   0.62   0.63   0.33   0.70   0.24   0.19   0.25   0.88 
  0.71   0.64   0.75   0.84   0.69   0.18   0.71   0.60   0.86   0.57   0.32   0.20   0.59   0.40   0.94   0.50   0.58   0.60   0.21   0.96   0.94   0.55   0.55   0.74   0.67   0.42   0.75   0.68   0.55   0.76   0.69   0.32   0.40   0.29   0.85   0.39   0.67   0.47   0.45   0.40   0.94   0.79   0.46   0.17   0.17   0.76   0.55   0.61   0.86 
  0.60   0.90   0.68   0.54   0.58   0.19   0.46   0.82   0.84   0.85   0.77   0.66   0.42   0.70   0.87   0.27   0.56   0.11   0.74   0.46   0.91   0.89   0.14   0.11   0.48   0.60   0.82   0.36   0.15   0.82   0.45   0.64   0.66   0.56   0.56   0.78   0.25   0.95   0.94   0.45   0.97   0.29   0.66   0.84   0.31   0.24   0.34   0.50   0.26 
  0.97   0.88   0.97   0.87   0.18   0.28   0.78   0.25   0.53   0.39   0.24   0.75   0.56   0.46   0.38   0.85   0.23   0.20   0.39   0.20   0.30   0.84   0.43   0.55   0.31   0.23   0.74   0.33   0.32   0.32   0.67   0.11   0.88   0.13   0.99   0.64   0.58   0.88   0.68   0.89   0.36   0.74   0.56   0.15   0.49   0.72   0.48   0.47   0.58 
  0.37   0.44   0.18   0.16   0.11   0.45   0.92   0.39   0.40   0.46   0.64   0.30   0.82   0.18   0.78   0.36   0.74   0.20   0.82   0.52   0.38   0.76   0.32   0.73   0.98   0.30   0.72   0.20   0.41   0.12   0.94   0.53   0.63   0.89   0.85   0.82   0.73   0.78   0.97   0.46   0.77   0.82   0.41   0.79   0.79   0.97   0.11   0.39   0.67 
  0.48   0.37   0.86   0.22   0.71   0.94   0.80   0.91   0.37   0.24   0.46   0.17   0.37   0.29   0.48   0.86   0.12   0.70   0.76   0.63   0.45   0.35   0.34   0.30   0.56   0.32   0.68   0.26   0.14   0.95   0.64   0.49   0.71   0.14   0.88   0.41   0.59   0.88   0.57   0.15   0.47   0.58   0.98   0.30   0.25   0.92   0.75   0.61   0.83 
  0.62   0.15   0.99   0.38   0.39   0.69   0.76   0.89   0.97   0.30   0.19   0.71   0.64   0.28   0.27   0.26   0.11   0.40   0.91   0.51   0.11   0.21   0.24   0.99   0.33   0.43   0.79   0.48   0.67   0.96   0.57   0.50   0.93   0.50   0.10   0.64   0.92   0.10   0.58   0.76   0.30   0.34   0.45   0.84   0.35   0.64   0.19   0.51   0.28 
  0.56   0.69   0.51   0.32   0.78   0.40   0.98   0.14   0.57   0.98   0.38   0.70   0.68   0.64   0.95   0.83   0.38   0.55   0.30   0.25   0.33   0.55   0.28   0.95   0.25   0.78   0.78   0.14   0.77   0.41   0.34   0.52   0.53   0.44   0.70   0.91   0.58   0.70   0.78   0.50   0.98   0.78   0.66   0.21   0.75   0.71   0.99   0.61   0.39 
  0.40   0.59   0.89   0.68   0.11   0.66   0.23   0.36   0.25   0.32   0.93   0.97   0.91   0.10   0.19   0.26   0.69   0.46   0.47   0.38   0.83   0.60   0.19   0.34   0.20   0.88   0.57   0.95   0.38   0.92   0.91   0.51   0.20   0.85   0.17   0.28   0.24   0.92   0.49   0.44   0.75   0.42   0.94   0.81   0.75   0.71   0.54   0.47   0.42 
  0.82   0.83   0.43   0.75   0.48   0.38   0.62   0.95   0.60   0.30   0.12   0.89   0.76   0.17   0.16   0.27   0.43   0.30   0.69   0.61   0.92   0.68   0.12   0.48   0.39   0.24   0.46   0.75   0.66   0.75   0.64   0.22   0.48   0.37   0.90   0.74   0.11   0.53   0.42   0.49   0.69   0.59   0.40   0.97   0.32   0.83   0.39   0.14   0.48 
  0.94   0.98   0.80   0.95   0.10   0.33   0.18   0.64   0.20   0.59   0.76   0.45   0.20   0.78   0.53   0.11   0.45   0.40   0.22   0.25   0.22   0.82   0.32   0.44   0.56   0.43   0.49   0.25   0.82   0.71   0.15   0.64   0.70   0.88   0.35   0.78   0.14   0.99   0.73   0.82   0.78   0.16   0.20   0.69   0.60   0.68   0.36   0.62   0.65 
  0.13   0.41   0.45   0.82   0.54   0.59   0.68   0.81   0.92   0.67   0.14   0.68   0.19   0.94   0.19   0.20   0.65   0.78   0.27   0.74   0.29   0.61   0.54   0.17   0.52   0.49   0.43   0.28   0.41   0.53   0.44   0.66   0.90   0.80   0.90   0.49   0.14   0.34   0.31   0.65   0.15   0.28   0.57   0.78   0.85   0.58   0.60   0.63   0.56 
  0.50   0.50   0.98   0.27   0.50   0.77   0.31   0.94   0.12   0.41   0.56   0.60   0.89   0.98   0.48   0.87   0.68   0.37   0.69   0.52   0.63   0.78   0.96   0.73   0.84   0.72   0.30   0.13   0.82   0.74   0.88   0.26   0.83   0.94   0.89   0.33   0.39   0.64   0.36   0.39   0.30   0.67   0.95   0.51   0.83   0.50   0.30   0.70   0.57 
  0.11   0.98   0.39   0.74   0.96   0.59   0.67   0.80   0.88   0.24   0.11   0.53   0.49   0.30   0.32   0.38   0.38   0.90   0.50   0.39   0.15   0.82   0.77   0.33   0.86   0.24   0.29   0.98   0.13   0.45   0.21   0.30   0.46   0.34   0.58   0.12   0.20   0.53   0.74   0.49   0.95   0.58   0.94   0.73   0.21   0.26   0.90   0.27   0.97 
  0.30   0.30   0.49   0.43   0.93   0.18   0.88   0.33   0.99   0.37   0.55   0.10   0.77   0.13   0.26   0.54   0.30   0.99   0.81   0.71   0.25   0.62   0.53   0.92   0.14   0.22   0.98   0.59   0.11   0.79   0.95   0.98   0.88   0.99   0.60   0.24   0.35   0.17   0.25   0.98   0.54   0.52   0.80   0.91   0.80   0.91   0.32   0.79   0.23 
  0.79   0.89   0.80   0.48   0.24   0.48   0.34   0.44   0.77   0.54   0.60   0.22   0.89   0.40   0.81   0.47   0.84   0.56   0.94   0.60   0.75   0.34   0.13   0.89   0.77   0.76   0.41   0.72   0.65   0.72   0.96   0.83   0.55   0.55   0.50   0.19   0.11   0.80   0.34   0.25   0.33   0.58   0.17   0.56   0.65   0.40   0.77   0.35   0.23 
  0.15   0.15   0.21   0.58   0.37   0.80   0.36   0.57   0.80   0.48   0.67   0.77   0.90   0.17   0.81   0.50   0.41   0.72   0.59   0.11   0.82   0.13   0.26   0.41   0.79   0.61   0.94   0.39   0.76   0.38   0.81   0.87   0.96   0.82   0.87   0.74   0.97   0.34   0.44   0.12   0.78   0.44   0.47   0.93   0.90   0.29   0.74   0.12   0.98 
  0.10   0.56   0.66   0.47   0.13   0.82   0.44   0.90   0.52   0.87   0.54   0.72   0.20   0.96   0.41   0.13   0.82   0.88   0.77   0.87   0.25   0.26   0.81   0.35   0.49   0.49   0.30   0.23   0.25   0.73   0.90   0.58   0.64   0.38   0.49   0.50   0.20   0.45   0.36   0.61   0.11   0.80   0.16   0.88   0.89   0.43   0.71   0.48   0.27 
  0.93   0.88   0.18   0.39   0.49   0.84   0.44   0.75   0.61   0.72   0.13   0.88   0.64   0.63   0.14   0.15   0.93   0.18   0.24   0.32   0.52   0.64   0.78   0.33   0.46   0.42   0.28   0.72   0.58   0.78   0.24   0.55   0.16   0.78   0.49   0.55   0.20   0.93   0.14   0.34   0.97   0.88   0.44   0.18   0.75   0.97   0.97   0.20   0.25 
  0.40   0.77   0.78   0.24   0.53   0.28   0.20   0.57   0.23   0.29   0.74   0.62   0.29   0.41   0.83   0.89   0.30   0.38   0.68   0.84   0.24   0.76   0.93   0.83   0.74   0.59   0.49   0.45   0.96   0.53   0.22   0.43   0.13   0.94   0.54   0.94   0.58   0.57   0.20   0.38   0.17   0.26   0.27   0.39   0.94   0.29   0.16   0.96   0.94 
  0.91   0.75   0.92   0.48   0.69   0.28   0.17   0.85   0.71   0.20   0.27   0.50   0.49   0.79   0.75   0.90   0.66   0.64   0.88   0.46   0.76   0.50   0.13   0.31   0.95   0.58   0.38   0.36   0.76   0.79   0.16   0.50   0.87   0.37   0.19   0.60   0.21   0.76   0.22   0.37   0.52   0.39   0.26   0.88   0.48   0.17   0.86   0.17   0.81 
  0.36   0.64   0.31   0.42   0.13   0.92   0.58   0.41   0.24   0.64   0.41   0.30   0.76   0.28   0.10   0.58   0.82   0.48   0.87   0.27   0.62   0.89   0.57   0.35   0.77   0.25   0.56   0.21   0.67   0.34   0.26   0.46   0.51   0.40   0.36   0.61   0.67   0.58   0.29   0.64   0.22   0.28   0.29   0.99   0.33   0.23   0.99   0.53   0.81 
  0.62   0.73   0.47   0.83   0.63   0.94   0.25   0.62   0.39   0.10   0.19   0.28   0.32   0.31   0.40   0.63   0.30   0.27   0.63   0.62   0.77   0.83   0.70   0.49   0.92   0.13   0.45   0.94   0.47   0.46   0.20   0.49   0.24   0.64   0.32   0.34   0.50   0.66   0.77   0.37   0.63   0.57   0.88   0.45   0.88   0.33   0.94   0.71   0.95 
  0.69   0.51   0.86   0.87   0.20   0.38   0.94   0.85   0.20   0.36   0.92   0.50   0.12   0.18   0.77   0.58   0.71   0.83   0.56   0.12   0.41   0.40   0.65   0.52   0.36   0.63   0.48   0.74   0.19   0.15   0.55   0.91   0.63   0.93   0.72   0.18   0.59   0.64   0.64   0.91   0.77   0.25   0.26   0.83   0.53   0.50   0.93   0.91   0.77 
  0.29   0.98   0.30   0.87   0.31   0.34   0.83   0.67   0.87   0.22   0.86   0.87   0.37   0.12   0.84   0.60   0.90   0.13   0.73   0.19   0.85   0.44   0.32   0.63   0.56   0.28   0.11   0.82   0.29   0.17   0.97   0.16   0.40   0.25   0.60   0.84   0.87   0.28   0.88   0.26   0.52   0.22   0.39   0.64   0.11   0.76   0.64   0.88   0.52 
  0.13   0.45   0.90   0.26   0.45   0.30   0.84   0.51   0.69   0.29   0.14   0.61   0.11   0.41   0.43   0.39   0.58   0.54   0.19   0.56   0.55   0.98   0.29   0.66   0.29   0.43   0.68   0.13   0.74   0.44   0.26   0.36   0.12   0.67   0.29   0.36   0.26   0.38   0.97   0.71   0.73   0.43   0.82   0.70   0.22   0.28   0.25   0.96   0.67 
  0.80   0.78   0.30   0.26   0.75   0.19   0.83   0.93   0.19   0.72   0.17   0.21   0.35   0.70   0.72   0.20   0.48   0.34   0.94   0.90   0.56   0.33   0.47   0.15   0.39   0.33   0.61   0.24   0.34   0.90   0.46   0.43   0.85   0.21   0.18   0.26   0.39   0.67   0.34   0.54   0.66   0.13   0.70   0.60   0.42   0.68   0.43   0.34   0.75 
  0.79   0.86   0.92   0.19   0.93   0.74   0.84   0.88   0.78   0.55   0.87   0.40   0.48   0.63   0.54   0.87   0.27   0.45   0.24   0.92   0.57   0.54   0.55   0.44   0.14   0.41   0.54   0.11   0.39   0.31   0.88   0.73   0.79   0.68   0.16   0.86   0.74   0.75   0.66   0.51   0.54   0.66   0.46   0.63   0.65   0.36   0.53   0.99   0.56 
  0.37   0.68   0.27   0.53   0.36   0.12   0.38   0.12   0.33   0.86   0.92   0.77   0.41   0.60   0.29   0.39   0.41   0.25   0.49   0.40   0.26   0.86   0.24   0.41   0.43   0.87   0.66   0.72   0.73   0.43   0.16   0.63   0.44   0.26   0.67   0.32   0.74   0.57   0.24   0.92   0.14   0.63   0.33   0.98   0.71   0.25   0.25   0.22   0.80 
  0.21   0.36   0.59   0.30   0.88   0.32   0.74   0.10   0.24   0.88   0.44   0.18   0.72   0.88   0.21   0.23   0.70   0.91   0.71   0.62   0.91   0.62   0.85   0.32   0.66   0.92   0.67   0.36   0.73   0.16   0.22   0.32   0.83   0.41   0.48   0.74   0.72   0.78   0.41   0.11   0.72   0.83   0.26   0.98   0.86   0.37   0.74   0.95   0.64 
  0.23   0.26   0.40   0.42   0.44   0.32   0.82   0.82   0.94   0.21   0.35   0.33   0.44   0.72   0.85   0.16   0.28   0.81   0.31   0.24   0.14   0.94   0.82   0.60   0.76   0.45   0.14   0.79   0.42   0.61   0.29   0.75   0.60   0.85   0.89   0.29   0.20   0.71   0.92   0.96   0.30   0.67   0.90   0.57   0.49   0.33   0.73   0.52   0.46 
  0.75   0.89   0.40   0.60   0.36   0.93   0.88   0.59   0.45   0.82   0.35   0.38   0.62   0.24   0.23   0.27   0.84   0.26   0.42   0.18   0.90   0.31   0.23   0.67   0.60   0.75   0.49   0.87   0.31   0.13   0.26   0.16   0.50   0.80   0.22   0.43   0.62   0.76   0.52   0.85   0.47   0.23   0.27   0.93   0.22   0.65   0.20   0.16   0.98 
  0.35   0.53   0.22   0.87   0.27   0.43   0.88   0.20   0.15   0.99   0.99   0.48   0.61   0.43   0.82   0.12   0.41   0.88   0.95   0.25   0.46   0.58   0.49   0.91   0.27   0.51   0.86   0.58   0.27   0.22   0.33   0.21   0.72   0.19   0.39   0.87   0.38   0.56   0.86   0.96   0.31   0.34   0.56   0.87   0.57   0.79   0.76   0.42   0.95 
  0.97   0.88   0.53   0.61   0.35   0.50   0.12   0.76   0.59   0.38   0.58   0.90   0.66   0.37   0.72   0.38   0.63   0.98   0.34   0.95   0.34   0.94   0.21   0.42   0.37   0.46   0.55   0.57   0.75   0.82   0.77   0.64   0.80   0.91   0.39   0.41   0.37   0.11   0.16   0.23   0.51   0.46   0.22   0.51   0.98   0.70   0.72   0.77   0.51 
  0.15   0.74   0.10   0.26   0.78   0.38   0.83   0.71   0.83   0.69   0.34   0.42   0.76   0.55   0.88   0.52   0.23   0.58   0.58   0.77   0.58   0.28   0.72   0.85   0.88   0.16   0.34   0.57   0.89   0.36   0.29   0.89   0.47   0.90   0.75   0.41   0.74   0.44   0.52   0.15   0.40   0.67   0.72   0.82   0.17   0.58   0.46   0.38   0.40 
  0.72   0.59   0.30   0.97   0.51   0.81   0.17   0.28   0.92   0.34   0.34   0.80   0.12   0.92   0.25   0.31   0.78   0.95   0.28   0.45   0.77   0.59   0.56   0.31   0.75   0.79   0.55   0.38   0.83   0.25   0.49   0.79   0.71   0.35   0.33   0.48   0.47   0.94   0.64   0.20   0.27   0.36   0.86   0.41   0.37   0.18   0.17   0.86   0.97 
  0.55   0.68   0.64   0.69   0.12   0.42   0.71   0.80   0.40   0.62   0.29   0.77   0.33   0.82   0.34   0.63   0.23   0.45   0.17   0.60   0.28   0.38   0.72   0.29   0.12   0.77   0.57   0.69   0.43   0.51   0.56   0.51   0.12   0.12   0.94   0.25   0.65   0.58   0.32   0.69   0.15   0.23   0.79   0.49   0.83   0.43   0.63   0.39   0.31 
  0.85   0.19   0.82   0.58   0.74   0.25   0.25   0.61   0.99   0.84   0.51   0.35   0.23   0.70   0.56   0.30   0.90   0.20   0.97   0.27   0.34   0.52   0.84   0.42   0.73   0.40   0.89   0.44   0.30   0.40   0.86   0.99   0.21   0.80   0.61   0.16   0.68   0.40   0.24   0.35   0.66   0.68   0.80   0.50   0.82   0.98   0.90   0.11   0.42 
  0.32   0.15   0.41   0.69   0.44   0.74   0.97   0.34   0.50   0.69   0.44   0.96   0.65   0.95   0.30   0.27   0.74   0.26   0.13   0.40   0.32   0.96   0.13   0.98   0.48   0.13   0.23   0.20   0.90   0.88   0.37   0.45   0.57   0.69   0.48   0.98   0.18   0.93   0.75   0.97   0.73   0.80   0.86   0.32   0.84   0.19   0.84   0.19   0.15 
  0.29   0.19   0.29   0.31   0.92   0.97   0.63   0.97   0.74   0.77   0.43   0.75   0.58   0.96   0.12   0.44   0.72   0.39   0.23   0.28   0.14   0.13   0.31   0.47   0.63   0.23   0.18   0.37   0.92   0.40   0.54   0.56   0.25   0.63   0.21   0.92   0.94   0.75   0.44   0.10   0.32   0.56   0.83   0.46   0.72   0.50   0.65   0.20   0.99 
  0.67   0.89   0.39   0.83   0.85   0.55   0.39   0.59   0.58   0.81   0.21   0.11   0.79   0.74   0.30   0.11   0.19   0.20   0.14   0.62   0.60   0.46   0.83   0.48   0.70   0.96   0.98   0.30   0.48   0.61   0.43   0.32   0.11   0.38   0.86   0.58   0.92   0.16   0.55   0.94   0.37   0.96   0.42   0.54   0.68   0.56   0.80   0.18   0.71 
  0.28   0.43   0.99   0.70   0.78   0.36   0.21   0.73   0.91   0.15   0.23   0.82   0.14   0.93   0.58   0.52   0.43   0.35   0.47   0.95   0.82   0.46   0.60   0.10   0.74   0.96   0.94   0.33   0.71   0.19   0.84   0.11   0.35   0.81   0.50   0.22   0.81   0.20   0.89   0.32   0.47   0.52   0.63   0.26   0.46   0.15   0.52   0.74   0.59 
  0.30   0.38   0.42   0.76   0.86   0.43   0.31   0.38   0.50   0.57   0.74   0.96   0.48   0.64   0.27   0.89   0.69   0.97   0.55   0.77   0.60   0.74   0.99   0.23   0.22   0.30   0.83   0.35   0.54   0.87   0.90   0.90   0.47   0.96   0.35   0.14   0.86   0.22   0.14   0.20   0.89   0.76   0.95   0.42   0.78   0.37   0.71   0.63   0.50 
  0.91   0.16   0.97   0.67   0.50   0.55   0.89   0.27   0.59   0.95   0.10   0.37   0.30   0.36   0.68   0.56   0.33   0.91   0.66   0.31   0.52   0.34   0.61   0.14   0.73   0.92   0.77   0.53   0.80   0.20   0.28   0.56   0.54   0.11   0.98   0.33   0.65   0.20   0.21   0.13   0.67   0.80   0.51   0.79   0.65   0.43   0.62   0.80   0.76 
  0.31   0.20   0.71   0.33   0.74   0.93   0.14   0.17   0.15   0.96   0.98   0.12   0.41   0.20   0.26   0.59   0.36   0.14   0.23   0.49   0.49   0.88   0.47   0.32   0.74   0.61   0.63   0.71   0.27   0.47   0.93   0.72   0.24   0.11   0.63   0.85   0.79   0.41   0.89   0.61   0.19   0.17   0.39   0.24   0.39   0.71   0.44   0.73   0.58 
  0.34   0.20   0.56   0.49   0.41   0.82   0.71   0.88   0.11   0.19   0.13   0.20   0.14   0.51   0.98   0.89   0.72   0.92   0.54   0.74   0.74   0.74   0.47   0.46   0.72   0.44   0.51   0.28   0.18   0.75   0.89   0.52   0.45   0.88   0.78   0.20   0.92   0.76   0.95   0.80   0.48   0.24   0.70   0.93   0.30   0.21   0.39   0.62   0.52 
---
G_diag: 49 49
  9.09   4.25   5.08   7.96   7.30   4.58   8.99   8.49   3.67   4.37   2.88   5.74   3.21   5.38   6.12   4.36   5.70   9.22   5.07   3.10   3.51   3.82   7.32   3.55   2.71   8.59   9.75   7.76   8.04   9.08   6.96   3.33   3.17   4.54   7.01   3.62   6.39   4.22   4.88   8.85   4.90   7.03   2.27   5.95   2.27   8.89   2.31   9.00   6.58 
  3.47   2.54   8.89   9.76   2.66   3.37   4.65   2.19   3.91   7.98   3.42   6.65   4.59   7.72   6.66   8.55   2.44   6.96   3.43   5.59   8.95   8.80   8.91   5.67   8.21   2.28   7.14   4.57   6.16   8.03   8.16   2.67   6.71   8.56   3.09   3.35   5.39   9.67   3.84   8.54   4.21   5.62   3.92   4.35   8.48   7.34   7.94   4.17   8.03 
  5.13   5.90   4.88   9.76   4.32   8.06   8.55   5.62   2.82   6.98   5.47   7.60   4.15   8.30   8.63   7.87   8.49   8.83   6.53   9.63   6.95   4.75   2.36   8.79   6.67   5.02   2.11   5.11   8.06   8.03   8.83   4.12   3.23   6.10   4.38   6.26   8.05   8.48   3.76   6.07   6.96   8.86   2.65   5.32   8.10   7.12   7.24   5.07   9.15 
  5.13   5.51   7.15   6.40   6.74   3.71   7.08   3.82   8.25   7.14   9.55   4.31   2.91   5.36   5.89   6.63   2.61   6.56   9.47   4.67   8.52   5.24   2.70   4.28   7.72   6.05   2.51   7.35   5.47   4.66   6.49   4.57   5.86   2.51   9.74   7.97   4.91   5.80   6.77   3.89   3.29   8.23   3.59   8.09   2.46   2.32   6.96   5.07   8.56 
  4.14   3.80   7.90   6.36   4.40   7.47   4.37   2.36   6.35   2.48   9.83   3.12   4.87   9.52   3.85   5.33   4.77   7.43   7.24   7.77   5.05   6.44   4.40   6.22   3.02   2.89   2.94   2.35   5.01   9.02   4.47   8.20   7.97   6.97   4.87   5.01   3.19   9.09   5.20   9.21   7.07   6.13   2.34   6.18   7.58   6.43   5.01   9.63   7.60 
  6.14   2.84   3.84   5.63   9.47   8.40   4.92   5.30   6.43   5.95   7.41   7.10   6.49   4.92   9.20   2.18   7.70   6.93   6.86   8.68   6.04   6.53   9.54   9.09   9.57   6.36   3.48   7.00   8.16   4.13   4.24   8.50   2.27   4.50   7.45   3.82   5.04   8.94   5.03   6.72   7.36   6.37   9.56   7.94   6.04   5.37   7.28   6.72   5.38 
  2.15   4.39   4.40   7.37   7.58   6.21   6.84   5.31   6.35   2.42   7.80   4.63   4.68   6.19   4.21   8.19   2.74   2.87   2.15   2.45   2.76   5.80   9.28   9.23   6.67   8.47   6.83   7.15   5.19   2.52   3.09   2.22   6.13   2.18   9.77   2.34   2.87   5.98   6.67   2.96   2.98   6.83   8.54   7.18   5.40   4.81   9.74   5.29   4.66 
  2.60   7.57   5.64   4.23   8.72   5.34   6.03   4.09   9.46   9.90   7.23   4.15   4.16   2.41   8.91   8.10   9.47   4.05   4.62   2.51   3.01   7.28   6.94   2.27   8.45   2.13   4.78   7.65   2.90   8.22   9.64   4.18   8.34   3.48   3.31   7.72   5.12   9.33   7.23   6.89   6.68   2.59   5.63   9.64   8.94   8.79   5.17   7.81   5.30 
  8.34   6.56   6.57   4.20   5.74   9.73   2.63   8.66   4.79   8.08   6.50   6.16   3.99   6.31   5.45   6.92   3.50   8.07   8.95   3.53   6.41   4.66   8.92   2.40   5.87   9.37   5.43   7.53   7.36   3.46   9.61   5.24   8.38   4.32   4.18   6.23   5.29   8.49   4.64   7.96   7.65   9.57   6.22   4.47   5.83   2.14   3.26   9.49   6.76 
  8.75   2.52   6.02   9.80   8.41   4.81   3.18   6.86   2.92   7.63   9.04   4.52   4.30   4.55   6.45   8.17   5.21   6.78   5.98   6.36   2.36   5.50   6.73   6.86   3.99   2.94   5.02   7.19   6.57   6.95   3.19   2.83   6.21   5.55   8.63   8.19   2.25   8.37   8.70   8.51   5.38   4.50   2.89   5.53   3.81   6.60   9.82   4.93   2.29 
  5.29   4.05   4.81   4.19   4.42   4.04   7.51   6.27   3.81   2.40   6.56   4.52   5.65   4.83   7.12   8.32   6.50   3.66   3.67   6.34   3.22   9.68   6.24   6.91   4.27   3.26   2.24   8.92   3.85   7.09   3.19   6.01   3.47   4.11   5.64   5.60   9.22   8.03   4.74   5.26   9.82   6.36   3.73   9.29   7.06   2.88   6.19   9.10   9.17 
  3.42   4.04   6.27   8.07   5.93   5.58   4.61   4.73   9.86   7.37   2.23   6.49   9.49   5.61   7.09   8.37   6.29   8.61   9.58   6.59   9.79   8.64   6.63   2.59   2.36   4.99   6.44   5.38   7.66   8.21   2.24   8.37   4.68   9.69   9.48   3.14   4.26   3.19   9.54   3.20   2.60   2.63   4.83   5.38   8.14   7.43   4.01   3.87   2.45 
  7.82   7.36   7.71   3.53   6.51   2.58   9.85   8.62   7.53   7.79   4.25   2.99   4.76   2.76   6.14   9.76   9.60   4.90   2.28   3.82   5.99   9.37   6.43   7.74   2.39   4.33   8.93   8.00   7.31   2.81   6.63   8.62   8.03   5.12   7.26   9.83   8.61   7.62   2.94   5.56   7.33   9.49   4.89   2.69   9.31   3.48   6.44   6.74   8.64 
  6.98   3.50   2.59   5.54   9.59   7.03   5.17   4.49   2.28   2.34   4.87   4.86   3.44   4.67   9.25   9.67   7.74   4.75   7.73   6.72   7.82   4.21   3.19   4.27   6.24   8.67   3.31   2.27   5.72   5.74   5.87   2.59   8.81   2.50   8.57   8.88   9.53   9.25   2.96   5.11   4.70   6.22   8.40   2.96   9.63   9.02   7.89   6.28   5.82 
  7.11   7.65   4.74   9.84   8.52   6.42   7.49   4.46   6.01   6.07   2.72   8.09   8.32   4.84   9.41   2.58   6.89   3.79   2.40   4.94   3.26   6.12   9.77   3.59   8.96   7.17   5.91   5.73   3.51   4.22   7.75   3.12   6.43   3.30   5.11   8.96   9.27   4.82   2.13   4.07   2.69   4.65   9.10   3.39   5.93   8.10   3.97   5.47   3.04 
  2.64   5.46   2.69   4.81   9.44   3.52   6.63   8.12   4.33   9.30   3.45   6.74   4.71   6.70   4.17   9.13   7.87   7.15   5.36   8.45   2.21   8.82   4.68   3.44   2.22   4.28   9.24   4.54   3.20   9.21   7.82   4.22   5.51   7.27   5.71   8.79   6.95   7.07   9.61   9.55   5.40   5.20   4.41   3.44   7.72   5.73   3.45   7.08   6.53 
  6.62   6.55   7.11   9.61   6.64   6.45   8.98   9.71   2.49   6.84   2.81   4.34   3.92   8.23   7.54   8.41   4.01   2.56   9.80   9.32   2.71   3.99   5.56   3.30   5.33   8.30   5.64   4.50   3.25   8.97   2.27   2.90   8.39   3.48   9.16   5.72   6.58   4.72   2.52   6.79   4.07   5.66   9.74   2.14   2.76   6.38   5.61   8.04   9.67 
  5.50   3.30   6.44   8.35   7.38   3.97   4.90   9.16   7.20   9.88   4.79   9.71   9.65   3.77   5.26   4.83   9.27   5.06   6.50   3.12   3.49   6.13   7.61   3.23   6.50   3.36   3.33   7.13   5.12   3.90   9.81   7.28   7.57   5.26   8.67   3.32   6.01   6.54   6.18   8.36   2.12   7.66   9.73   8.80   9.35   5.37   3.54   8.58   6.17 
  3.28   5.21   2.55   4.72   5.38   8.87   4.17   3.06   7.15   6.67   8.75   9.29   6.57   2.15   5.92   8.70   2.93   4.97   6.32   7.35   6.09   7.82   3.93   8.75   6.70   5.62   8.57   5.90   4.77   6.92   7.66   8.34   9.62   4.65   2.30   8.76   2.26   9.71   8.10   5.48   6.33   2.34   7.33   8.93   7.35   8.68   6.71   8.61   8.50 
  3.01   3.51   9.22   8.95   2.28   3.49   3.48   2.67   6.96   9.13   4.94   5.55   6.45   5.74   4.50   6.38   7.87   9.29   9.45   8.85   7.77   4.03   7.94   3.22   4.41   6.16   2.65   3.93   4.17   3.64   3.32   9.49   9.89   2.78   7.55   2.37   3.10   2.94   6.49   3.15   9.28   6.80   3.81   5.45   3.56   9.15   5.22   4.82   2.92 
  4.70   9.76   9.10   9.48   6.60   2.90   3.97   4.42   5.81   8.48   9.25   9.35   7.48   5.93   8.13   9.61   2.31   8.77   3.45   9.35   6.30   7.38   4.22   8.75   9.67   7.45   9.53   8.39   6.86   9.57   9.59   3.35   3.59   9.65   3.43   3.75   6.17   3.04   8.92   6.95   8.84   5.19   6.31   7.48   5.79   7.44   9.69   6.06   6.87 
  2.89   8.13   8.65   2.28   5.67   2.89   6.94   3.75   5.95   5.90   2.46   6.74   9.89   9.89   4.10   7.67   4.85   8.85   3.48   6.06   9.31   8.64   3.89   2.78   8.82   7.48   4.84   7.66   4.49   9.52   4.16   8.55   3.23   9.75   9.42   3.28   2.95   5.32   5.16   6.00   3.79   7.49   6.65   4.23   2.29   8.48   6.99   7.73   5.44 
  5.47   5.83   8.92   9.85   5.23   7.50   5.92   5.48   4.23   9.45   4.47   9.53   2.61   9.46   7.21   7.41   4.33   6.60   4.65   8.81   3.13   7.68   5.76   6.80   3.60   8.87   9.42   5.84   3.17   4.18   8.47   8.67   2.15   5.82   7.77   9.81   7.20   3.96   9.77   7.83   3.79   2.58   9.60   4.35   9.74   5.08   8.48   6.82   3.17 
  4.30   9.86   9.28   6.93   3.01   8.18   8.68   6.92   9.47   3.67   2.92   7.96   8.63   6.45   8.14   6.36   2.92   6.33   9.21   4.57   3.25   4.55   7.52   6.06   3.11   5.98   8.49   8.36   6.90   8.05   7.72   6.67   9.55   8.92   2.42   7.79   9.89   9.49   2.54   5.77   2.99   3.57   2.37   9.51   9.61   7.29   2.53   4.45   5.12 
  6.33   8.36   6.32   7.34   8.24   9.10   9.63   7.69   7.21   9.82   5.68   6.20   6.27   8.31   8.32   2.72   6.32   6.10   2.42   3.25   5.67   8.33   3.13   8.75   5.54   5.10   5.24   8.74   4.72   8.07   8.66   9.40   3.55   3.90   2.75   2.25   5.10   4.62   9.21   8.16   6.29   3.20   8.23   4.48   2.80   3.85   9.48   7.01   4.50 
  2.69   4.04   7.74   3.22   8.08   6.39   3.94   3.37   4.55   8.57   4.89   2.43   9.72   6.54   3.23   3.34   9.76   6.02   4.90   5.31   6.99   4.50   2.92   4.91   8.35   8.39   9.35   2.27   9.24   4.17   3.78   8.50   4.17   5.68   6.49   3.23   9.16   7.03   3.01   8.56   7.38   9.32   7.41   8.16   2.59   2.15   3.61   3.65   5.81 
  6.53   5.56   7.53   3.92   4.65   8.79   2.50   2.91   8.92   8.33   4.51   4.65   6.30   5.95   5.00   6.25   8.42   7.48   3.79   2.76   4.69   2.60   2.34   4.90   4.39   6.36   6.99   6.36   4.33   8.55   8.65   5.49   4.84   7.30   6.58   5.54   2.95   5.37   5.96   4.59   8.11   5.89   6.14   2.90   7.95   6.00   6.29   9.59   3.79 
  5.18   2.98   6.78   2.44   8.06   6.86   4.24   2.95   2.84   6.18   9.35   2.58   7.47   3.19   2.18   3.88   7.90   6.08   7.19   8.44   3.24   5.40   8.93   2.34   3.71   5.85   8.25   4.98   6.80   7.98   9.34   3.30   3.36   2.85   4.26   7.63   6.96   2.64   5.81   7.19   9.74   6.01   6.98   7.59   5.60   7.89   3.19   2.32   4.58 
  5.40   4.03   8.77   5.97   8.36   7.13   7.29   9.37   5.42   7.70   2.24   6.38   8.62   5.78   3.62   4.79   8.14   5.91   9.04   3.52   7.43   5.18   6.16   4.58   3.05   5.73   3.20   7.84   9.73   3.26   3.22   7.58   3.97   2.66   9.56   5.39   3.80   4.84   3.59   7.76   3.43   7.35   8.77   6.64   8.52   7.66   3.12   3.22   5.27 
  4.23   8.87   6.48   9.34   9.90   4.40   3.59   6.49   5.87   7.68   8.03   7.99   4.86   9.60   3.89   3.70   3.12   4.83   2.65   9.76   2.79   6.70   8.43   4.33   6.83   8.02   5.23   3.79   2.86   2.78   7.55   2.85   8.59   6.78   8.85   4.72   2.52   6.14   6.25   3.10   4.30   9.30   4.47   6.63   4.99   3.10   2.82   7.39   4.36 
  5.21   5.41   5.34   3.19   6.90   9.89   8.23   7.66   4.64   3.42   5.31   9.28   7.08   5.72   6.72   6.88   4.77   8.22   6.52   3.64   3.77   4.47   3.54   8.79   9.64   6.36   3.58   3.58   3.50   4.57   9.81   2.97   8.83   8.04   7.08   6.17   2.52   5.87   9.69   3.07   4.31   4.25   7.07   7.72   2.78   2.55   8.89   6.59   2.26 
  5.12   9.13   6.00   3.66   2.89   3.42   5.01   3.82   7.63   3.04   7.00   7.46   6.08   9.54   4.45   2.63   4.59   9.85   7.92   9.11   5.44   5.89   8.99   2.85   9.44   8.69   2.75   4.53   5.60   4.55   3.51   2.45   4.15   8.45   8.55   3.21   9.53   4.41   3.79   3.30   6.60   4.06   7.01   2.55   3.74   3.62   5.21   6.05   3.23 
  6.97   2.74   4.11   2.14   7.93   3.50   6.82   4.59   3.40   3.16   8.14   6.91   3.22   6.48   4.28   3.48   7.05   2.44   6.72   6.31   5.51   3.03   9.55   3.49   2.57   3.56   7.67   3.71   3.97   6.29   9.05   2.48   3.88   9.48   6.44   3.96   8.46   8.29   6.66   6.24   7.73   4.92   9.58   5.65   6.51   4.17   5.70   4.53   6.08 
  5.39   7.07   2.46   3.00   6.39   5.88   8.58   6.93   6.83   9.13   2.94   9.41   8.86   3.06   4.88   6.19   7.22   7.94   7.14   5.84   3.04   3.11   6.54   7.52   9.66   8.09   3.31   5.35   2.43   7.82   2.78   9.43   4.73   9.13   3.56   7.07   2.12   5.65   8.10   7.45   8.71   2.48   4.89   9.07   8.93   8.64   2.83   5.55   3.68 
  9.60   7.49   8.89   3.61   5.10   9.82   4.14   3.84   8.99   9.86   3.74   7.22   9.02   4.96   2.40   5.36   9.19   3.46   3.02   3.42   8.07   7.96   7.74   8.64   6.54   2.86   2.67   6.70   2.42   9.10   6.18   3.08   2.50   9.67   7.09   7.76   5.75   9.06   9.31   2.61   4.05   2.30   2.68   9.09   9.77   5.67   6.03   6.28   8.00 
  2.18   5.93   3.78   5.99   8.65   5.25   6.40   7.03   7.68   8.49   5.28   4.61   8.29   2.99   2.51   8.85   4.38   2.80   9.69   2.92   4.64   6.29   7.25   7.08   8.59   5.17   9.61   3.86   7.66   5.43   8.05   9.58   7.14   7.06   7.15   9.13   3.56   7.30   5.41   6.42   4.82   4.22   2.66   5.99   8.02   3.28   4.58   3.09   7.99 
  6.60   9.74   6.04   8.42   6.89   4.87   7.57   3.56   8.87   8.28   8.82   7.07   2.96   9.84   4.18   7.77   3.33   7.74   4.54   5.93   4.34   4.82   2.66   3.40   6.72   2.34   6.20   4.16   7.43   9.40   7.69   5.73   5.68   6.46   2.74   5.68   4.71   2.24   8.03   7.05   9.18   4.80   4.35   4.11   4.21   7.21   7.96   4.18   4.28 
  7.17   5.64   9.60   6.53   4.24   8.39   2.64   3.59   8.58   3.62   9.33   4.04   7.18   6.70   5.31   7.83   6.27   4.14   5.72   9.89   5.14   3.24   7.90   2.80   6.97   4.87   3.06   9.43   9.43   5.12   3.74   3.06   6.71   2.81   4.68   4.80   9.69   8.72   8.17   4.02   3.69   3.52   8.09   7.32   4.12   4.63   4.11   5.31   3.91 
  8.18   8.57   3.74   8.75   3.35   4.95   9.70   3.58   8.75   5.90   7.52   2.42   3.05   7.37   9.86   3.85   5.69   9.84   3.83   6.57   9.27   3.05   3.98   4.07   7.28   5.80   5.72   5.22   7.86   3.42   7.83   3.88   5.53   2.67   3.56   3.77   4.43   8.93   2.30   9.09   7.71   6.32   4.55   9.28   7.63   8.24   9.74   7.84   6.12 
  8.09   3.77   7.72   6.50   7.50   2.15   2.88   5.04   3.22   3.91   7.57   8.48   5.13   9.24   4.81   8.46   3.27   8.18   6.55   4.75   7.36   9.65   5.35   6.47   7.84   6.65   6.02   7.37   8.12   6.16   9.33   7.59   6.91   9.44   7.35   9.40   8.72   3.92   9.26   8.27   5.70   7.44   2.62   9.73   7.58   6.70   2.32   5.43   3.08 
  4.92   4.80   2.25   2.80   4.43   7.14   8.88   9.32   9.37   8.50   6.04   6.48   5.54   2.99   9.32   2.71   3.71   8.49   2.29   4.78   5.95   2.27   7.28   9.29   5.39   2.75   5.29   7.93   9.37   3.86   4.47   2.73   2.80   7.62   7.73   5.68   8.97   7.91   5.44   2.61   7.51   8.14   6.50   6.21   3.32   8.72   3.22   6.29   8.78 
  5.75   6.41   8.80   6.99   8.45   4.47   5.90   9.63   4.58   6.01   2.27   6.54   2.83   2.12   6.73   5.08   5.10   4.78   2.90   6.78   8.86   4.23   9.39   9.27   8.67   8.97   4.15   4.65   8.70   9.27   3.46   3.37   4.64   2.39   5.58   2.54   3.84   4.93   7.62   8.89   2.59   4.18   9.16   4.69   7.00   6.01   3.86   9.63   4.13 
  2.92   3.54   5.43   2.78   6.88   3.11   3.96   5.77   7.51   9.89   8.11   5.29   8.60   2.21   8.48   3.62   5.45   7.03   8.23   7.34   5.71   5.38   9.48   5.54   5.00   3.83   4.09   8.61   5.44   4.33   6.69   4.17   2.31   2.53   6.68   8.18   8.58   7.45   7.89   2.26   7.80   7.60   7.73   6.24   8.20   5.25   5.16   4.13   4.14 
  8.39   8.94   5.98   6.13   9.20   8.11   8.13   5.58   2.39   6.22   5.35   5.26   9.86   6.27   4.16   4.94   4.67   9.00   2.83   6.07   9.38   5.06   3.70   9.38   6.48   5.70   3.66   9.33   7.35   2.72   8.36   4.80   8.73   9.73   7.39   4.12   4.48   2.18   9.25   8.93   5.55   3.09   4.14   9.35   3.73   6.62   9.28   7.10   2.39 
  9.30   3.23   9.37   4.66   8.70   4.82   2.83   8.71   6.20   4.05   5.43   2.96   8.79   5.87   6.84   3.90   8.47   6.41   7.93   9.50   4.88   5.84   9.09   6.53   4.62   5.73   5.16   4.71   9.32   5.72   3.20   8.70   2.52   6.90   6.41   3.80   7.66   8.96   5.33   3.88   7.89   3.66   6.86   8.36   2.38   6.15   2.91   8.16   3.02 
  2.38   5.73   8.49   9.27   2.91   7.32   5.13   4.24   3.09   2.74   4.32   3.65   4.18   9.62   5.17   7.22   9.71   5.05   2.76   2.20   5.91   2.93   7.91   5.01   5.14   6.47   3.40   9.52   6.94   8.43   6.86   7.12   3.05   3.23   8.41   8.12   3.81   2.17   5.70   7.98   5.77   8.73   5.26   7.80   8.52   4.90   7.66   4.06   3.21 
  8.90   9.66   9.75   5.46   6.13   5.70   4.53   8.58   3.30   2.38   3.63   4.96   8.12   3.56   6.76   5.19   8.42   5.53   4.10   8.06   9.15   4.50   2.76   7.46   3.16   6.41   5.57   8.51   2.83   8.23   4.43   7.62   3.79   9.12   4.98   6.43   6.63   3.68   6.88   2.79   2.15   4.30   5.61   8.91   3.99   4.90   4.45   5.43   3.18 
  3.42   8.43   7.32   6.43   6.94   3.68   4.58   5.64   2.76   9.37   3.42   8.45   7.62   4.82   2.27   8.88   4.19   2.25   6.25   7.76   4.45   6.33   9.65   4.76   3.13   9.10   3.66   8.32   7.34   2.47   7.93   9.22   6.82   7.00   9.24   9.89   5.50   3.48   8.82   2.40   7.33   6.49   5.32   8.12   8.80   8.43   3.40   6.74   6.10 
  2.33   3.70   8.26   6.13   2.11   9.40   5.22   5.73   9.16   4.66   3.86   7.03   2.11   3.92   5.64   3.65   2.32   8.84   5.35   7.35   8.99   3.06   4.37   2.67   4.85   9.83   7.03   2.89   4.26   7.49   5.69   7.23   4.55   7.79   7.65   8.48   7.03   6.66   7.76   7.91   4.17   7.96   6.59   8.13   4.30   2.45   6.41   6.40   6.18 
---
