G_down: 49 50
  0.51   0.49   0.73   0.67   0.77   0.63   0.78   0.96   0.49   0.68   0.33   0.83   0.65   0.97   0.45   0.74   0.69   0.15   0.80   0.60   0.97   0.14   0.80   0.22   0.75   0.16   0.86   0.54   0.12   0.62   0.58   0.80   0.32   0.97   0.35   0.27   0.46   0.14   0.69   0.58   0.41   0.39   0.56   0.10   0.25   0.53   0.85   0.33   0.54   0.73 
  0.19   0.25   0.68   0.72   0.76   0.97   0.96   0.71   0.41   0.18   0.81   0.31   0.82   0.83   0.60   0.86   0.58   0.73   0.74   0.15   0.59   0.34   0.62   0.93   0.22   0.58   0.74   0.57   0.34   0.82   0.41   0.91   0.61   0.84   0.39   0.52   0.89   0.74   0.38   0.32   0.15   0.67   0.16   0.57   0.64   0.26   0.70   0.51   0.11   0.15 
  0.76   0.98   0.61   0.65   0.36   0.75   0.86   0.35   0.81   0.19   0.41   0.92   0.81   0.86   0.59   0.54   0.58   0.37   0.40   0.48   0.41   0.32   0.50   0.41   0.83   0.75   0.27   0.88   0.59   0.80   0.17   0.27   0.34   0.83   0.81   0.82   0.86   0.95   0.29   0.99   0.53   0.61   0.59   0.50   0.86   0.14   0.52   0.27   0.60   0.52 
  0.90   0.14   0.96   0.34   0.65   0.49   0.46   0.57   0.74   0.58   0.42   0.61   0.22   0.62   0.63   0.69   0.58   0.38   0.29   0.63   0.21   0.46   0.50   0.27   0.59   0.70   0.10   0.91   0.56   0.31   0.19   0.27   0.31   0.33   0.76   0.43   0.27   0.36   0.56   0.45   0.47   0.14   0.78   0.18   0.25   0.20   0.39   0.57   0.55   0.36 
  0.67   0.87   0.89   0.94   0.16   0.87   0.99   0.43   0.52   0.21   0.96   0.42   0.77   0.22   0.42   0.98   0.97   0.37   0.96   0.17   0.47   0.40   0.58   0.89   0.38   0.72   0.88   0.67   0.14   0.12   0.16   0.96   0.86   0.40   0.34   0.47   0.55   0.66   0.39   0.45   0.71   0.58   0.82   0.29   0.38   0.65   0.86   0.18   0.11   0.62 
  0.45   0.89   0.86   0.96   0.28   0.60   0.72   0.60   0.11   0.19   0.51   0.40   0.88   0.57   0.14   0.84   0.24   0.83   0.65   0.39   0.12   0.50   0.71   0.65   0.54   0.53   0.49   0.90   0.65   0.70   0.76   0.45   0.45   0.81   0.68   0.89   0.12   0.62   0.70   0.94   0.85   0.22   0.74   0.54   0.70   0.94   0.99   0.89   0.78   0.44 
  0.26   0.78   0.17   0.86   0.30   0.50   0.79   0.86   0.83   0.53   0.34   0.31   0.53   0.21   0.48   0.72   0.19   0.38   0.90   0.43   0.86   0.44   0.48   0.65   0.45   0.41   0.67   0.17   0.31   0.11   0.31   0.70   0.83   0.60   0.12   0.72   0.60   0.16   0.53   0.76   0.54   0.29   0.87   0.11   0.53   0.91   0.45   0.38   0.27   0.69 
  0.89   0.40   0.30   0.79   0.84   0.74   0.11   0.18   0.59   0.90   0.17   0.70   0.87   0.79   0.35   0.64   0.41   0.47   0.53   0.68   0.40   0.69   0.41   0.97   0.47   0.13   0.52   0.95   0.12   0.35   0.13   0.86   0.41   0.98   0.81   0.90   0.89   0.42   0.95   0.71   0.72   0.27   0.47   0.54   0.70   0.34   0.31   0.40   0.15   0.24 
  0.14   0.21   0.41   0.18   0.90   0.64   0.70   0.36   0.47   0.14   0.79   0.40   0.77   0.15   0.63   0.51   0.85   0.90   0.62   0.62   0.68   0.30   0.72   0.59   0.75   0.47   0.26   0.54   0.83   0.65   0.79   0.64   0.69   0.80   0.24   0.55   0.19   0.66   0.44   0.21   0.69   0.75   0.52   0.93   0.60   0.30   0.44   0.83   0.84   0.29 
  0.22   0.19   0.29   0.65   0.16   0.78   0.75   0.76   0.88   0.80   0.50   0.95   0.94   0.98   0.22   0.93   0.85   0.84   0.74   0.48   0.45   0.30   0.78   0.73   0.70   0.83   0.80   0.18   0.50   0.32   0.29   0.67   0.76   0.10   0.38   0.85   0.88   0.11   0.75   0.37   0.70   0.76   0.53   0.69   0.58   0.45   0.34   0.14   0.76   0.51 
  0.15   0.54   0.61   0.20   0.92   0.51   0.20   0.44   0.40   0.95   0.92   0.96   0.57   0.67   0.28   0.71   0.70   0.21   0.65   0.11   0.87   0.51   0.20   0.96   0.91   0.86   0.63   0.81   0.41   0.37   0.95   0.44   0.59   0.27   0.94   0.53   0.15   0.71   0.22   0.25   0.43   0.30   0.79   0.12   0.27   0.22   0.52   0.72   0.86   0.43 
  0.23   0.36   0.63   0.64   0.32   0.96   0.72   0.25   0.68   0.71   0.90   0.92   0.62   0.92   0.81   0.59   0.60   0.95   0.66   0.55   0.12   0.35   0.83   0.34   0.85   0.96   0.85   0.76   0.97   0.67   0.13   0.19   0.69   0.42   0.63   0.88   0.77   0.19   0.80   0.10   0.27   0.81   0.21   0.68   0.50   0.83   0.28   0.54   0.41   0.32 
  0.28   0.39   0.45   0.41   0.51   0.40   0.12   0.71   0.94   0.35   0.33   0.36   0.73   0.64   0.15   0.35   0.33   0.95   0.84   0.13   0.20   0.39   0.17   0.25   0.70   0.92   0.61   0.41   0.63   0.32   0.67   0.61   0.89   0.94   0.18   0.43   0.40   0.13   0.68   0.27   0.88   0.44   0.69   0.89   0.66   0.44   0.42   0.98   0.86   0.32 
  0.59   0.38   0.19   0.97   0.16   0.93   0.70   0.42   0.19   0.23   0.62   0.38   0.58   0.79   0.18   0.66   0.24   0.87   0.68   0.97   0.27   0.48   0.96   0.36   0.58   0.45   0.24   0.39   0.23   0.75   0.28   0.66   0.55   0.51   0.91   0.29   0.33   0.72   0.72   0.61   0.22   0.21   0.56   0.76   0.69   0.60   0.60   0.40   0.28   0.13 
  0.67   0.77   0.81   0.21   0.28   0.65   0.25   0.71   0.99   0.24   0.77   0.39   0.12   0.83   0.64   0.36   0.63   0.20   0.55   0.45   0.52   0.29   0.28   0.40   0.71   0.60   0.25   0.96   0.34   0.79   0.17   0.92   0.79   0.44   0.69   0.86   0.20   0.68   0.57   0.30   0.28   0.70   0.42   0.37   0.11   0.55   0.10   0.42   0.77   0.55 
  0.71   0.30   0.20   0.61   0.93   0.73   0.23   0.97   0.44   0.30   0.19   0.20   0.92   0.37   0.35   0.65   0.64   0.34   0.76   0.26   0.26   0.48   0.71   0.30   0.20   0.66   0.82   0.86   0.92   0.67   0.65   0.64   0.21   0.75   0.30   0.30   0.50   0.95   0.89   0.16   0.48   0.74   0.53   0.89   0.11   0.85   0.27   0.72   0.29   0.85 
  0.71   0.46   0.52   0.39   0.83   0.65   0.84   0.55   0.94   0.25   0.36   0.26   0.14   0.22   0.95   0.40   0.32   0.99   0.29   0.61   0.39   0.85   0.70   0.38   0.88   0.19   0.64   0.82   0.12   0.11   0.98   0.57   0.35   0.27   0.77   0.79   0.51   0.32   0.21   0.25   0.20   0.68   0.10   0.36   0.57   0.91   0.18   0.86   0.45   0.78 
  0.62   0.95   0.29   0.38   0.11   0.80   0.28   0.17   0.12   0.32   0.31   0.59   0.49   0.80   0.59   0.33   0.82   0.57   0.21   0.16   0.50   0.94   0.77   0.41   0.87   0.69   0.80   0.71   0.75   0.84   0.57   0.51   0.32   0.38   0.21   0.67   0.27   0.53   0.63   0.79   0.68   0.52   0.62   0.68   0.31   0.61   0.33   0.43   0.89   0.58 
  0.68   0.66   0.53   0.15   0.29   0.47   0.67   0.86   0.97   0.45   0.65   0.92   0.95   0.37   0.11   0.49   0.22   0.14   0.74   0.11   0.59   0.82   0.23   0.43   0.68   0.83   0.33   0.81   0.94   0.44   0.26   0.84   0.71   0.45   0.21   0.85   0.15   0.82   0.86   0.71   0.42   0.28   0.12   0.20   0.64   0.43   0.21   0.17   0.29   0.82 
  0.43   0.39   0.47   0.38   0.93   0.36   0.51   0.20   0.62   0.43   0.41   0.69   0.90   0.57   0.51   0.67   0.32   0.96   0.10   0.93   0.81   0.55   0.95   0.24   0.95   0.96   0.64   0.31   0.52   0.12   0.16   0.78   0.86   0.68   0.85   0.36   0.36   0.64   0.52   0.36   0.75   0.38   0.35   0.62   0.71   0.12   0.97   0.55   0.69   0.52 
  0.14   0.14   0.26   0.97   0.83   0.70   0.71   0.19   0.79   0.51   0.86   0.61   0.25   0.61   0.59   0.84   0.44   0.84   0.20   0.45   0.62   0.93   0.76   0.98   0.39   0.18   0.93   0.67   0.79   0.90   0.32   0.81   0.27   0.10   0.57   0.33   0.82   0.12   0.17   0.23   0.81   0.72   0.70   0.15   0.49   0.47   0.49   0.70   0.79   0.69 
  0.47   0.56   0.84   0.80   0.74   0.53   0.13   0.74   0.47   0.93   0.90   0.41   0.63   0.96   0.12   0.95   0.60   0.64   0.33   0.38   0.25   0.44   0.83   0.80   0.73   0.46   0.48   0.70   0.92   0.55   0.46   0.32   0.52   0.93   0.84   0.38   0.97   0.11   0.97   0.78   0.93   0.15   0.36   0.28   0.19   0.58   0.13   0.73   0.91   0.62 
  0.22   0.78   0.35   0.83   0.63   0.84   0.70   0.84   0.47   0.84   0.71   0.79   0.34   0.18   0.92   0.73   0.11   0.30   0.53   0.12   0.32   0.28   0.85   0.81   0.21   0.97   0.51   0.16   0.88   0.98   0.16   0.18   0.20   0.93   0.71   0.11   0.40   0.51   0.28   0.74   0.22   0.85   0.61   0.15   0.34   0.12   0.13   0.69   0.78   0.64 
  0.58   0.88   0.80   0.12   0.86   0.83   0.49   0.91   0.26   0.20   0.78   0.25   0.99   0.96   0.49   0.73   0.58   0.94   0.16   0.83   0.85   0.12   0.87   0.52   0.49   0.82   0.53   0.41   0.27   0.21   0.50   0.51   0.86   0.58   0.52   0.49   0.16   0.55   0.94   0.47   0.65   0.86   0.43   0.46   0.34   0.79   0.90   0.93   0.34   0.88 
  0.23   0.60   0.41   0.51   0.72   0.12   0.93   0.89   0.63   0.48   0.80   0.55   0.21   0.83   0.96   0.70   0.69   0.42   0.88   0.66   0.75   0.55   0.15   0.80   0.95   0.95   0.94   0.81   0.31   0.43   0.18   0.62   0.47   0.46   0.73   0.84   0.34   0.21   0.78   0.67   0.15   0.95   0.35   0.55   0.85   0.74   0.61   0.36   0.78   0.20 
  0.34   0.61   0.97   0.98   0.60   0.81   0.22   0.26   0.39   0.51   0.77   0.47   0.42   0.75   0.68   0.71   0.38   0.56   0.39   0.19   0.71   0.31   0.19   0.80   0.50   0.91   0.32   0.94   0.75   0.52   0.36   0.97   0.33   0.57   0.81   0.21   0.63   0.52   0.95   0.50   0.52   0.96   0.40   0.99   0.90   0.98   0.31   0.23   0.65   0.89 
  0.69   0.41   0.43   0.30   0.56   0.92   0.12   0.49   0.95   0.69   0.36   0.44   0.12   0.91   0.53   0.74   0.57   0.22   0.17   0.92   0.81   0.65   0.72   0.67   0.90   0.21   0.75   0.77   0.57   0.39   0.36   0.39   0.14   0.51   0.19   0.95   0.81   0.24   0.29   0.26   0.42   0.23   0.51   0.48   0.23   0.31   0.24   0.34   0.46   0.89 
  0.61   0.18   0.23   0.63   0.34   0.61   0.75   0.99   0.96   0.19   0.47   0.85   0.24   0.40   0.39   0.67   0.46   0.49   0.24   0.38   0.34   0.13   0.48   0.39   0.69   0.30   0.37   0.70   0.76   0.84   0.93   0.27   0.32   0.88   0.17   0.76   0.43   0.53   0.91   0.28   0.41   0.94   0.14   0.86   0.33   0.54   0.12   0.65   0.77   0.73 
  0.34   0.76   0.39   0.78   0.76   0.15   0.96   0.10   0.29   0.70   0.69   0.66   0.44   0.32   0.18   0.23   0.44   0.59   0.89   0.95   0.44   0.38   0.36   0.19   0.88   0.41   0.65   0.14   0.83   0.76   0.83   0.95   0.18   0.12   0.98   0.17   0.36   0.23   0.73   0.15   0.45   0.47   0.29   0.38   0.36   0.39   0.35   0.12   0.15   0.52 
  0.30   0.82   0.61   0.63   0.88   0.88   0.13   0.11   0.46   0.64   0.33   0.13   0.59   0.78   0.12   0.49   0.64   0.87   0.98   0.87   0.48   0.20   0.81   0.45   0.74   0.28   0.59   0.89   0.45   0.29   0.15   0.84   0.45   0.81   0.40   0.20   0.26   0.70   0.24   0.43   0.68   0.50   0.41   0.90   0.80   0.83   0.53   0.74   0.70   0.98 
  0.87   0.45   0.83   0.41   0.82   0.70   0.67   0.60   0.76   0.68   0.75   0.95   0.46   0.90   0.58   0.39   0.92   0.94   0.47   0.68   0.41   0.20   0.13   0.30   0.65   0.64   0.56   0.85   0.41   0.50   0.65   0.62   0.35   0.19   0.74   0.75   0.96   0.66   0.45   0.82   0.17   0.38   0.92   0.87   0.61   0.42   0.44   0.15   0.13   0.88 
  0.49   0.78   0.98   0.12   0.74   0.18   0.38   0.59   0.62   0.30   0.42   0.18   0.35   0.88   0.11   0.29   0.77   0.42   0.20   0.43   0.36   0.69   0.56   0.34   0.17   0.51   0.48   0.94   0.43   0.55   0.37   0.44   0.46   0.50   0.30   0.31   0.37   0.22   0.84   0.18   0.43   0.58   0.43   0.63   0.81   0.57   0.75   0.44   0.20   0.43 
  0.42   0.61   0.41   0.50   0.32   0.96   0.88   0.12   0.49   0.30   0.12   0.32   0.46   0.32   0.46   0.52   0.52   0.23   0.28   0.88   0.90   0.20   0.42   0.14   0.95   0.47   0.55   0.34   0.18   0.70   0.17   0.35   0.40   0.42   0.89   0.81   0.74   0.43   0.60   0.23   0.26   0.87   0.44   0.40   0.47   0.72   0.61   0.78   0.51   0.66 
  0.56   0.50   0.79   0.79   0.92   0.79   0.41   0.63   0.16   0.97   0.12   0.95   0.50   0.39   0.16   0.48   0.55   0.51   0.73   0.93   0.86   0.35   0.98   0.89   0.68   0.64   0.53   0.84   0.95   0.58   0.50   0.61   0.89   0.58   0.55   0.75   0.29   0.60   0.33   0.54   0.82   0.12   0.63   0.95   0.27   0.79   0.52   0.33   0.52   0.31 
  0.76   0.71   0.84   0.23   0.68   0.30   0.78   0.53   0.26   0.22   0.69   0.74   0.53   0.32   0.12   0.18   0.77   0.27   0.94   0.18   0.68   0.30   0.73   0.57   0.34   0.18   0.62   0.53   0.62   0.24   0.60   0.30   0.80   0.56   0.69   0.11   0.47   0.65   0.14   0.59   0.27   0.96   0.71   0.36   0.56   0.39   0.37   0.14   0.15   0.53 
  0.80   0.45   0.55   0.96   0.52   0.16   0.11   0.73   0.59   0.35   0.99   0.83   0.37   0.63   0.20   0.53   0.44   0.81   0.41   0.39   0.66   0.97   0.47   0.61   0.36   0.98   0.59   0.12   0.40   0.41   0.12   0.58   0.80   0.32   0.78   0.14   0.60   0.54   0.78   0.79   0.31   0.31   0.40   0.49   0.85   0.84   0.67   0.10   0.35   0.64 
  0.71   0.26   0.20   0.35   0.28   0.31   0.53   0.17   0.27   0.32   0.12   0.67   0.23   0.47   0.73   0.75   0.78   0.54   0.57   0.53   0.27   0.64   0.95   0.70   0.60   0.53   0.25   0.36   0.84   0.15   0.48   0.29   0.48   0.30   0.75   0.25   0.85   0.16   0.53   0.59   0.52   0.65   0.32   0.36   0.77   0.90   0.19   0.83   0.49   0.11 
  0.95   0.91   0.65   0.60   0.44   0.24   0.51   0.74   0.87   0.91   0.61   0.59   0.49   0.43   0.49   0.11   0.33   0.76   0.57   0.59   0.90   0.74   0.81   0.24   0.24   0.25   0.76   0.48   0.59   0.77   0.49   0.43   0.12   0.85   0.81   0.49   0.54   0.40   0.24   0.63   0.49   0.96   0.20   0.98   0.52   0.66   0.44   0.13   0.57   0.17 
  0.66   0.75   0.62   0.71   0.60   0.76   0.68   0.12   0.35   0.94   0.51   0.21   0.40   0.69   0.94   0.22   0.57   0.46   0.13   0.32   0.47   0.70   0.83   0.23   0.62   0.10   0.94   0.41   0.88   0.62   0.47   0.19   0.75   0.17   0.46   0.64   0.16   0.25   0.58   0.46   0.10   0.34   0.51   0.45   0.11   0.17   0.75   0.69   0.93   0.66 
  0.96   0.61   0.19   0.41   0.74   0.65   0.28   0.45   0.51   0.59   0.50   0.45   0.14   0.23   0.88   0.78   0.55   0.92   0.18   0.27   0.32   0.44   0.46   0.24   0.27   0.46   0.70   0.18   0.21   0.35   0.72   0.81   0.56   0.52   0.65   0.87   0.13   0.91   0.62   0.38   0.92   0.40   0.31   0.43   0.66   0.57   0.15   0.14   0.35   0.85 
  0.96   0.83   0.52   0.11   0.67   0.53   0.21   0.41   0.11   0.52   0.90   0.64   0.91   0.44   0.35   0.36   0.63   0.80   0.46   0.49   0.40   0.38   0.90   0.58   0.50   0.64   0.48   0.63   0.45   0.84   0.46   0.11   0.15   0.18   0.53   0.24   0.70   0.74   0.37   0.76   0.64   0.24   0.47   0.32   0.92   0.51   0.86   0.37   0.27   0.26 
  0.89   0.66   0.93   0.77   0.61   0.79   0.90   0.54   0.91   0.22   0.26   0.74   0.64   0.76   0.87   0.67   0.17   0.93   0.54   0.96   0.49   0.83   0.57   0.40   0.15   0.95   0.26   0.59   0.24   0.64   0.18   0.47   0.39   0.48   0.97   0.33   0.35   0.13   0.69   0.13   0.53   0.90   0.65   0.31   0.78   0.74   0.71   0.29   0.37   0.30 
  0.92   0.68   0.44   0.87   0.75   0.74   0.46   0.97   0.90   0.91   0.42   0.51   0.37   0.18   0.51   0.62   0.80   0.84   0.39   0.24   0.52   0.84   0.22   0.26   0.74   0.34   0.46   0.37   0.55   0.63   0.10   0.30   0.62   0.76   0.71   0.52   0.97   0.71   0.97   0.76   0.52   0.78   0.12   0.82   0.49   0.95   0.12   0.57   0.78   0.35 
  0.24   0.30   0.34   0.85   0.27   0.43   0.40   0.36   0.82   0.95   0.24   0.71   0.92   0.35   0.71   0.61   0.17   0.53   0.31   0.91   0.32   0.28   0.60   0.91   0.65   0.17   0.61   0.89   0.56   0.20   0.81   0.94   0.90   0.26   0.93   0.24   0.79   0.39   0.74   0.13   0.13   0.66   0.90   0.34   0.75   0.36   0.33   0.94   0.72   0.16 
  0.69   0.41   0.93   0.14   0.20   0.25   0.83   0.31   0.75   0.85   0.34   0.45   0.63   0.18   0.25   0.29   0.49   0.45   0.69   0.80   0.47   0.38   0.66   0.98   0.11   0.41   0.54   0.76   0.23   0.11   0.20   0.36   0.72   0.49   0.43   0.47   0.87   0.98   0.98   0.31   0.27   0.93   0.90   0.20   0.81   0.27   0.63   0.45   0.23   0.38 
  0.22   0.91   0.40   0.82   0.98   0.32   0.61   0.49   0.53   0.42   0.51   0.31   0.68   0.46   0.90   0.54   0.27   0.39   0.46   0.67   0.82   0.75   0.18   0.38   0.19   0.14   0.24   0.44   0.87   0.44   0.37   0.34   0.43   0.72   0.92   0.27   0.80   0.71   0.19   0.26   0.89   0.27   0.76   0.34   0.67   0.55   0.74   0.45   0.68   0.16 
  0.49   0.89   0.26   0.12   0.97   0.41   0.98   0.40   0.87   0.15   0.77   0.33   0.27   0.85   0.76   0.19   0.20   0.43   0.80   0.97   0.47   0.18   0.52   0.54   0.87   0.18   0.98   0.38   0.44   0.88   0.84   0.50   0.43   0.87   0.54   0.58   0.76   0.47   0.93   0.16   0.20   0.36   0.44   0.58   0.95   0.96   0.23   0.93   0.67   0.40 
  0.54   0.88   0.20   0.96   0.60   0.92   0.12   0.87   0.27   0.66   0.84   0.37   0.81   0.29   0.67   0.40   0.90   0.92   0.38   0.38   0.51   0.12   0.83   0.66   0.64   0.87   0.23   0.64   0.17   0.71   0.92   0.69   0.72   0.72   0.71   0.28   0.79   0.93   0.32   0.78   0.52   0.78   0.54   0.67   0.45   0.20   0.72   0.63   0.15   0.39 
  0.48   0.14   0.59   0.48   0.54   0.69   0.24   0.41   0.49   0.64   0.33   0.44   0.95   0.91   0.32   0.14   0.97   0.77   0.29   0.18   0.61   0.88   0.15   0.53   0.55   0.28   0.45   0.47   0.60   0.65   0.23   0.59   0.32   0.27   0.82   0.39   0.59   0.91   0.83   0.77   0.53   0.65   0.69   0.50   0.13   0.38   0.26   0.39   0.73   0.48 
---
G_right: 50 49
  0.64   0.28   0.87   0.46   0.47   0.67   0.22   0.64   0.22   0.41   0.15   0.43   0.32   0.47   0.12   0.71   0.54   0.75   0.50   0.33   0.71   0.63   0.43   0.39   0.90   0.44   0.73   0.47   0.72   0.70   0.45   0.74   0.62   0.97   0.63   0.34   0.41   0.83   0.35   0.35   0.15   0.80   0.46   0.82   0.39   0.16   0.39   0.49   0.65 
  0.44   0.55   0.35   0.90   0.73   0.55   0.12   0.11   0.39   0.53   0.97   0.11   0.97   0.89   0.93   0.72   0.30   0.95   0.30   0.51   0.11   0.25   0.61   0.48   0.22   0.46   0.61   0.92   0.59   0.31   0.30   0.60   0.67   0.41   0.85   0.50   0.23   0.42   0.33   0.56   0.67   0.61   0.52   0.91   0.30   0.69   0.56   0.47   0.20 
  0.89   0.27   0.54   0.81   0.67   0.13   0.37   0.54   0.33   0.78   0.19   0.44   0.29   0.81   0.72   0.51   0.79   0.95   0.63   0.41   0.50   0.57   0.36   0.76   0.56   0.50   0.74   0.16   0.80   0.95   0.77   0.98   0.56   0.38   0.45   0.51   0.17   0.80   0.95   0.58   0.62   0.46   0.28   0.45   0.25   0.20   0.81   0.99   0.38 
  0.31   0.80   0.74   0.36   0.22   0.55   0.61   0.78   0.18   0.27   0.98   0.34   0.21   0.30   0.95   0.30   0.70   0.24   0.34   0.98   0.64   0.98   0.76   0.81   0.76   0.34   0.82   0.42   0.37   0.96   0.34   0.27   0.78   0.26   0.58   0.21   0.81   0.16   0.40   0.22   0.77   0.44   0.89   0.33   0.87   0.51   0.71   0.41   0.40 
  0.62   0.43   0.33   0.23   0.54   0.21   0.19   0.90   0.70   0.27   0.53   0.80   0.81   0.93   0.75   0.30   0.23   0.97   0.15   0.48   0.11   0.85   0.63   0.68   0.61   0.87   0.95   0.89   0.49   0.28   0.41   0.59   0.29   0.25   0.48   0.41   0.24   0.21   0.56   0.11   0.85   0.75   0.62   0.34   0.15   0.86   0.91   0.81   0.24 
  0.98   0.66   0.72   0.69   0.43   0.80   0.23   0.91   0.34   0.31   0.41   0.58   0.97   0.54   0.95   0.78   0.16   0.15   0.79   0.65   0.25   0.62   0.55   0.98   0.74   0.67   0.97   0.13   0.37   0.44   0.75   0.26   0.90   0.88   0.64   0.75   0.33   0.50   0.43   0.46   0.70   0.43   0.85   0.23   0.66   0.93   0.40   0.40   0.39 
  0.79   0.64   0.66   0.40   0.95   0.29   0.44   0.43   0.62   0.78   0.15   0.50   0.77   0.42   0.95   0.55   0.36   0.24   0.51   0.76   0.65   0.65   0.37   0.40   0.91   0.93   0.28   0.21   0.15   0.96   0.97   0.83   0.82   0.95   0.35   0.35   0.25   0.31   0.61   0.26   0.90   0.20   0.27   0.80   0.27   0.32   0.67   0.39   0.26 
  0.36   0.29   0.22   0.86   0.11   0.39   0.83   0.44   0.16   0.50   0.87   0.22   0.38   0.98   0.44   0.48   0.53   0.53   0.26   0.54   0.97   0.86   0.70   0.44   0.40   0.82   0.33   0.69   0.91   0.34   0.83   0.33   0.86   0.12   0.75   0.96   0.36   0.29   0.60   0.49   0.26   0.95   0.19   0.30   0.69   0.98   0.80   0.89   0.54 
  0.18   0.36   0.64   0.81   0.56   0.94   0.12   0.41   0.90   0.22   0.20   0.54   0.75   0.72   0.72   0.83   0.67   0.23   0.79   0.61   0.45   0.98   0.61   0.48   0.26   0.47   0.65   0.75   0.81   0.75   0.85   0.14   0.62   0.58   0.67   0.89   0.93   0.10   0.74   0.70   0.82   0.24   0.70   0.61   0.20   0.33   0.23   0.31   0.93 
  0.12   0.42   0.15   0.15   0.46   0.54   0.65   0.50   0.96   0.18   0.87   0.91   0.14   0.96   0.85   0.92   0.99   0.97   0.49   0.43   0.50   0.56   0.92   0.29   0.49   0.67   0.76   0.75   0.39   0.25   0.35   0.74   0.66   0.49   0.21   0.80   0.12   0.49   0.17   0.38   0.84   0.46   0.47   0.88   0.87   0.66   0.31   0.50   0.20 
  0.89   0.19   0.81   0.49   0.31   0.88   0.93   0.51   0.78   0.20   0.67   0.52   0.70   0.17   0.68   0.82   0.43   0.90   0.37   0.69   0.90   0.51   0.83   0.87   0.66   0.98   0.76   0.33   0.65   0.69   0.19   0.95   0.21   0.86   0.89   0.11   0.28   0.37   0.37   0.39   0.84   0.44   0.55   0.44   0.98   0.49   0.20   0.22   0.21 
  0.70   0.60   0.13   0.89   0.76   0.51   0.44   0.51   0.13   0.33   0.39   0.90   0.20   0.86   0.43   0.86   0.54   0.57   0.87   0.20   0.82   0.28   0.52   0.23   0.75   0.19   0.78   0.91   0.81   0.38   0.39   0.78   0.84   0.34   0.15   0.22   0.87   0.41   0.20   0.22   0.60   0.13   0.60   0.88   0.74   0.17   0.39   0.45   0.60 
  0.75   0.13   0.53   0.71   0.14   0.99   0.92   0.63   0.27   0.53   0.65   0.65   0.16   0.90   0.26   0.60   0.29   0.37   0.75   0.18   0.90   0.70   0.66   0.75   0.92   0.13   0.55   0.65   0.67   0.50   0.62   0.35   0.18   0.11   0.70   0.77   0.48   0.94   0.66   0.84   0.25   0.27   0.38   0.54   0.76   0.44   0.81   0.47   0.87 
  0.61   0.60   0.93   0.94   0.51   0.34   0.58   0.53   0.33   0.87   0.25   0.55   0.49   0.33   0.21   0.45   0.50   0.51   0.54   0.25   0.14   0.80   0.86   0.25   0.81   0.79   0.13   0.38   0.32   0.18   0.60   0.55   0.92   0.64   0.31   0.21   0.59   0.89   0.93   0.90   0.59   0.30   0.18   0.90   0.64   0.55   0.39   0.60   0.34 
  0.87   0.32   0.36   0.20   0.76   0.66   0.39   0.39   0.45   0.73   0.63   0.92   0.43   0.47   0.92   0.19   0.11   0.75   0.67   0.71   0.39   0.19   0.79   0.86   0.15   0.40   0.48   0.24   0.32   0.71   0.33   0.83   0.35   0.25   0.97   0.67   0.86   0.96   0.51   0.44   0.16   0.43   0.67   0.25   0.75   0.13   0.36   0.19   0.89 
  0.43   0.68   0.87   0.89   0.37   0.51   0.27   0.84   0.26   0.23   0.35   0.21   0.13   0.47   0.94   0.84   0.41   0.59   0.31   0.16   0.93   0.40   0.67   0.19   0.26   0.67   0.76   0.65   0.58   0.72   0.20   0.51   0.29   0.92   0.37   0.38   0.54   0.68   0.78   0.77   0.78   0.28   0.89   0.98   0.92   0.35   0.39   0.18   0.88 
  0.33   0.35   0.65   0.57   0.48   0.32   0.50   0.20   0.24   0.54   0.17   0.12   0.34   0.90   0.22   0.37   0.22   0.93   0.97   0.88   0.47   0.43   0.61   0.79   0.79   0.40   0.76   0.74   0.24   0.91   0.59   0.11   0.91   0.84   0.22   0.50   0.59   0.28   0.84   0.71   0.20   0.34   0.43   0.63   0.92   0.29   0.55   0.47   0.11 
  0.55   0.18   0.60   0.64   0.33   0.97   0.95   0.82   0.19   0.15   0.45   0.70   0.59   0.93   0.95   0.67   0.77   0.91   0.71   0.84   0.65   0.92   0.28   0.74   0.82   0.50   0.11   0.38   0.10   0.83   0.23   0.56   0.26   0.16   0.94   0.82   0.27   0.62   0.23   0.49   0.97   0.79   0.90   0.47   0.14   0.38   0.58   0.36   0.50 
  0.83   0.38   0.36   0.85   0.72   0.40   0.73   0.12   0.15   0.13   0.83   0.64   0.21   0.73   0.16   0.93   0.98   0.85   0.84   0.29   0.57   0.40   0.46   0.67   0.88   0.27   0.87   0.31   0.86   0.14   0.47   0.95   0.47   0.78   0.80   0.52   0.50   0.64   0.75   0.80   0.25   0.79   0.69   0.95   0.30   0.20   0.57   0.40   0.94 
  0.63   0.25   0.84   0.77   0.89   0.91   0.58   0.14   0.38   0.14   0.94   0.81   0.37   0.89   0.16   0.90   0.14   0.73   0.89   0.87   0.33   0.22   0.11   0.48   0.40   0.41   0.79   0.53   0.41   0.29   0.50   0.57   0.76   0.47   0.53   0.20   0.33   0.54   0.42   0.43   0.47   0.71   0.93   0.12   0.48   0.48   0.72   0.54   0.64 
  0.59   0.29   0.14   0.31   0.93   0.92   0.44   0.93   0.30   0.76   0.49   0.78   0.73   0.49   0.34   0.33   0.85   0.30   0.78   0.97   0.34   0.51   0.98   0.26   0.78   0.23   0.38   0.82   0.77   0.88   0.89   0.58   0.77   0.39   0.19   0.76   0.31   0.73   0.55   0.53   0.21   0.51   0.80   0.13   0.54   0.58   0.87   0.66   0.55 
  0.53   0.74   0.47   0.38   0.56   0.38   0.21   0.84   0.64   0.93   0.95   0.21   0.82   0.21   0.84   0.39   0.84   0.19   0.45   0.28   0.66   0.56   0.14   0.64   0.23   0.33   0.76   0.42   0.11   0.37   0.73   0.63   0.38   0.25   0.66   0.49   0.31   0.57   0.92   0.47   0.20   0.24   0.69   0.90   0.72   0.39   0.15   0.30   0.31 
  0.27   0.60   0.46   0.90   0.81   0.18   0.74   0.20   0.65   0.34   0.28   0.42   0.49   0.24   0.30   0.89   0.63   0.24   0.32   0.48   0.61   0.47   0.97   0.66   0.48   0.85   0.66   0.40   0.38   0.20   0.82   0.38   0.16   0.37   0.35   0.93   0.24   0.70   0.32   0.60   0.75   0.64   0.96   0.94   0.18   0.76   0.42   0.45   0.54 
  0.54   0.77   0.80   0.72   0.90   0.70   0.29   0.48   0.18   0.89   0.74   0.76   0.61   0.26   0.36   0.28   0.43   0.49   0.29   0.11   0.60   0.33   0.44   0.58   0.11   0.77   0.51   0.77   0.16   0.63   0.29   0.72   0.72   0.74   0.80   0.22   0.69   0.41   0.53   0.99   0.74   0.95   0.96   0.97   0.50   0.11   0.30   0.26   0.74 
  0.41   0.35   0.99   0.93   0.30   0.55   0.22   0.13   0.67   0.68   0.86   0.46   0.97   0.16   0.40   0.88   0.72   0.66   0.74   0.99   0.39   0.43   0.82   0.80   0.10   0.78   0.68   0.78   0.80   0.58   0.40   0.27   0.47   0.62   0.99   0.33   0.83   0.35   0.89   0.62   0.32   0.89   0.55   0.58   0.29   0.85   0.87   0.68   0.15 
  0.55   0.57   0.71   0.40   0.41   0.60   0.60   0.96   0.61   0.47   0.83   0.18   0.63   0.47   0.63   0.99   0.44   0.75   0.17   0.64   0.47   0.81   0.36   0.41   0.22   0.39   0.43   0.73   0.85   0.21   0.50   0.25   0.68   0.87   0.31   0.82   0.52   0.51   0.38   0.13   0.29   0.75   0.24   0.63   0.59   0.30   0.38   0.50   0.98 
  0.61   0.87   0.60   0.39   0.52   0.72   0.46   0.95   0.99   0.44   0.91   0.46   0.92   0.14   0.58   0.41   0.81   0.16   0.72   0.99   0.78   0.62   0.75   0.87   0.18   0.71   0.60   0.75   0.91   0.39   0.45   0.80   0.71   0.58   0.67   0.49   0.13   0.34   0.34   0.28   0.63   0.56   0.62   0.63   0.13   0.83   0.39   0.17   0.77 
  0.31   0.77   0.80   0.56   0.50   0.68   0.38   0.34   0.95   0.24   0.13   0.81   0.38   0.83   0.92   0.31   0.91   0.43   0.79   0.55   0.18   0.68   0.55   0.30   0.66   0.35   0.12   0.90   0.67   0.56   0.35   0.11   0.78   0.18   0.60   0.71   0.72   0.71   0.43   0.64   0.29   0.58   0.58   0.66   0.77   0.24   0.83   0.39   0.84 
  0.78   0.68   0.43   0.72   0.56   0.43   0.35   0.10   0.96   0.72   0.27   0.51   0.61   0.82   0.88   0.43   0.75   0.86   0.64   0.41   0.75   0.32   0.69   0.96   0.27   0.89   0.78   0.49   0.71   0.83   0.89   0.99   0.91   0.36   0.52   0.37   0.76   0.72   0.63   0.84   0.86   0.67   0.44   0.85   0.35   0.97   0.60   0.76   0.49 
  0.17   0.80   0.41   0.31   0.65   0.81   0.61   0.85   0.96   0.51   0.80   0.16   0.87   0.54   0.75   0.52   0.52   0.70   0.43   0.38   0.71   0.56   0.59   0.73   0.50   0.90   0.98   0.91   0.18   0.86   0.26   0.37   0.62   0.24   0.15   0.63   0.81   0.16   0.85   0.26   0.73   0.31   0.84   0.71   0.28   0.79   0.79   0.75   0.18 
  0.51   0.36   0.37   0.26   0.35   0.83   0.26   0.27   0.57   0.77   0.81   0.71   0.69   0.18   0.16   0.24   0.32   0.32   0.78   0.96   0.78   0.58   0.56   0.40   0.24   0.27   0.65   0.70   0.79   0.74   0.73   0.16   0.83   0.10   0.72   0.43   0.23   0.51   0.44   0.11   0.56   0.25   0.76   0.51   0.71   0.65   0.93   0.62   0.74 
  0.83   0.34   0.38   0.81   0.56   0.91   0.77   0.74   0.16   0.21   0.53   0.36   0.71   0.56   0.81   0.95   0.46   0.61   0.32   0.74   0.24   0.62   0.19   0.35   0.74   0.13   0.28   0.80   0.60   0.11   0.23   0.48   0.62   0.59   0.21   0.25   0.50   0.94   0.24   0.50   0.93   0.53   0.97   0.72   0.76   0.54   0.84   0.45   0.21 
  0.85   0.69   0.52   0.30   0.15   0.72   0.21   0.20   0.71   0.34   0.61   0.29   0.19   0.92   0.21   0.59   0.48   0.34   0.26   0.47   0.97   0.98   0.16   0.73   0.82   0.82   0.63   0.64   0.30   0.84   0.70   0.21   0.20   0.23   0.39   0.99   0.90   0.97   0.64   0.13   0.51   0.64   0.20   0.89   0.29   0.76   0.57   0.75   0.79 
  0.50   0.50   0.40   0.43   0.13   0.11   0.36   0.77   0.66   0.95   0.47   0.78   0.91   0.56   0.42   0.32   0.97   0.27   0.61   0.29   0.33   0.41   0.97   0.73   0.57   0.73   0.40   0.19   0.58   0.64   0.83   0.60   0.29   0.33   0.27   0.47   0.75   0.28   0.94   0.34   0.84   0.22   0.47   0.79   0.54   0.42   0.98   0.20   0.69 
  0.35   0.51   0.17   0.62   0.90   0.45   0.45   0.35   0.40   0.44   0.22   0.48   0.25   0.11   0.16   0.77   0.67   0.59   0.86   0.52   0.55   0.15   0.30   0.53   0.62   0.58   0.11   0.55   0.52   0.11   0.28   0.31   0.76   0.80   0.14   0.63   0.14   0.40   0.73   0.40   0.15   0.42   0.72   0.48   0.58   0.60   0.59   0.25   0.97 
  0.27   0.84   0.37   0.40   0.36   0.49   0.42   0.84   0.94   0.74   0.91   0.30   0.97   0.58   0.73   0.88   0.81   0.80   0.76   0.86   0.54   0.70   0.54   0.65   0.45   0.58   0.87   0.39   0.68   0.65   0.10   0.11   0.48   0.36   0.50   0.88   0.68   0.90   0.89   0.93   0.90   0.81   0.79   0.25   0.47   0.56   0.14   0.36   0.28 
  0.50   0.85   0.44   0.45   0.81   0.71   0.98   0.89   0.94   0.80   0.42   0.44   0.38   0.71   0.54   0.64   0.92   0.58   0.19   0.46   0.21   0.78   0.34   0.31   0.70   0.88   0.48   0.90   0.80   0.44   0.43   0.22   0.97   0.41   0.25   0.32   0.34   0.73   0.51   0.78   0.69   0.93   0.50   0.73   0.65   0.90   0.12   0.76   0.83 
  0.31   0.90   0.47   0.37   0.41   0.32   0.55   0.54   0.99   0.64   0.21   0.16   0.58   0.47   0.56   0.64   0.53   0.95   0.67   0.70   0.61   0.36   0.64   0.45   0.87   0.59   0.22   0.57   0.99   0.34   0.91   0.19   0.39   0.51   0.79   0.25   0.54   0.33   0.95   0.20   0.35   0.21   0.14   0.26   0.60   0.38   0.42   0.69   0.70 
  0.19   0.24   0.98   0.92   0.35   0.29   0.28   0.84   0.12   0.83   0.94   0.47   0.21   0.42   0.63   0.50   0.51   0.11   0.21   0.32   0.11   0.25   0.69   0.25   0.75   0.56   0.77   0.56   0.60   0.62   0.50   0.52   0.46   0.51   0.69   0.21   0.40   0.59   0.86   0.40   0.21   0.81   0.21   0.17   0.33   0.20   0.54   0.13   0.18 
  0.17   0.95   0.85   0.28   0.53   0.64   0.48   0.19   0.69   0.63   0.88   0.22   0.96   0.84   0.80   0.57   0.34   0.30   0.81   0.32   0.84   0.94   0.48   0.72   0.45   0.31   0.29   0.22   0.49   0.47   0.57   0.43   0.62   0.80   0.41   0.83   0.53   0.80   0.82   0.95   0.16   0.59   0.35   0.99   0.78   0.12   0.92   0.15   0.91 
  0.77   0.53   0.61   0.64   0.69   0.83   0.58   0.91   0.95   0.90   0.84   0.72   0.94   0.72   0.92   0.12   0.16   0.61   0.96   0.82   0.19   0.79   0.79   0.59   0.98   0.93   0.91   0.89   0.67   0.25   0.16   0.80   0.17   0.71   0.94   0.77   0.12   0.37   0.73   0.71   0.74   0.30   0.28   0.88   0.86   0.13   0.19   0.93   0.90 
  0.55   0.90   0.63   0.89   0.62   0.10   0.79   0.29   0.31   0.98   0.41   0.63   0.96   0.73   0.63   0.30   0.27   0.28   0.72   0.17   0.85   0.67   0.58   0.29   0.73   0.46   0.80   0.50   0.87   0.47   0.73   0.26   0.47   0.87   0.73   0.22   0.54   0.44   0.77   0.36   0.52   0.53   0.25   0.99   0.43   0.45   0.95   0.66   0.84 
  0.73   0.87   0.63   0.77   0.80   0.29   0.74   0.86   0.60   0.75   0.18   0.45   0.79   0.25   0.47   0.89   0.95   0.67   0.57   0.21   0.62   0.86   0.46   0.47   0.14   0.60   0.92   0.43   0.57   0.75   0.39   0.94   0.78   0.66   0.89   0.12   0.72   0.24   0.54   0.62   0.19   0.93   0.34   0.80   0.18   0.50   0.79   0.70   0.29 
  0.61   0.67   0.31   0.97   0.83   0.66   0.35   0.14   0.82   0.22   0.70   0.21   0.72   0.62   0.38   0.47   0.82   0.56   0.83   0.86   0.78   0.94   0.85   0.37   0.62   0.87   0.77   0.99   0.21   0.74   0.56   0.98   0.21   0.69   0.58   0.62   0.83   0.95   0.58   0.88   0.30   0.21   0.42   0.74   0.18   0.33   0.95   0.73   0.74 
  0.62   0.12   0.52   0.74   0.61   0.56   0.83   0.89   0.92   0.50   0.56   0.57   0.36   0.52   0.98   0.13   0.12   0.27   0.32   0.67   0.25   0.41   0.21   0.19   0.35   0.17   0.73   0.76   0.56   0.44   0.40   0.50   0.66   0.55   0.67   0.88   0.85   0.98   0.88   0.54   0.97   0.82   0.16   0.75   0.65   0.97   0.28   0.32   0.59 
  0.55   0.78   0.82   0.47   0.65   0.27   0.95   0.47   0.16   0.54   0.46   0.82   0.50   0.74   0.51   0.20   0.60   0.25   0.70   0.87   0.35   0.36   0.76   0.59   0.37   0.75   0.38   0.91   0.25   0.30   0.49   0.29   0.23   0.49   0.17   0.61   0.47   0.77   0.10   0.56   0.99   0.32   0.91   0.77   0.11   0.21   0.87   0.20   0.21 
  0.54   0.87   0.71   0.77   0.32   0.26   0.87   0.16   0.72   0.78   0.11   0.89   0.53   0.87   0.44   0.72   0.14   0.19   0.95   0.74   0.36   0.41   0.53   0.69   0.16   0.16   0.29   0.15   0.37   0.80   0.86   0.92   0.96   0.85   0.83   0.85   0.48   0.16   0.94   0.74   0.50   0.91   0.79   0.28   0.23   0.43   0.29   0.51   0.29 
  0.76   0.36   0.62   0.65   0.24   0.63   0.32   0.31   0.76   0.55   0.91   0.80   0.74   0.94   0.73   0.96   0.19   0.76   0.42   0.74   0.98   0.52   0.63   0.13   0.55   0.68   0.14   0.41   0.37   0.71   0.59   0.61   0.69   0.94   0.61   0.52   0.55   0.81   0.79   0.77   0.45   0.84   0.41   0.83   0.37   0.96   0.94   0.39   0.18 
  0.24   0.74   0.60   0.72   0.44   0.49   0.61   0.69   0.80   0.41   0.63   0.41   0.60   0.52   0.75   0.35   0.54   0.29   0.67   0.45   0.23   0.87   0.94   0.46   0.90   0.32   0.64   0.52   0.88   0.20   0.96   0.59   0.73   0.60   0.65   0.37   0.26   0.57   0.47   0.56   0.41   0.55   0.81   0.32   0.15   0.57   0.33   0.64   0.91 
  0.48   0.96   0.22   0.87   0.80   0.46   0.89   0.54   0.83   0.62   0.19   0.60   0.63   0.46   0.70   0.32   0.75   0.49   0.87   0.22   0.90   0.46   0.74   0.31   0.32   0.31   0.96   0.59   0.76   0.78   0.45   0.78   0.67   0.37   0.83   0.28   0.76   0.78   0.61   0.68   0.29   0.49   0.94   0.63   0.72   0.41   0.85   0.14   0.90 
---
G_diag: 49 49
  9.24   7.42   8.89   6.76   5.89   5.95   2.81   4.19   6.95   2.66   9.21   5.82   4.41   7.76   4.85   6.78   3.09   7.30   4.83   3.94   6.32   2.81   2.12   7.34   4.24   7.14   5.06   7.60   7.81   4.51   7.76   5.27   9.32   8.18   7.63   3.05   3.06   4.77   3.84   5.76   5.53   3.66   7.27   3.56   3.53   5.95   7.34   3.38   6.59 
  2.23   6.45   9.82   9.48   5.18   6.92   7.35   4.51   8.84   7.05   3.93   5.71   2.21   2.82   4.64   7.20   7.29   5.96   9.34   3.68   4.37   2.55   9.50   7.05   4.72   3.18   5.34   5.00   5.81   7.29   3.38   9.17   3.24   5.64   5.34   5.03   7.61   3.25   5.30   5.98   6.34   7.29   3.04   5.20   6.41   8.58   8.14   6.72   2.73 
  2.16   3.19   7.17   6.68   9.11   8.56   9.59   2.12   8.89   6.13   4.04   7.39   2.60   4.48   6.56   6.32   5.97   3.58   3.15   4.52   3.49   7.39   7.92   4.60   5.29   5.59   6.09   8.98   9.54   8.93   9.61   5.99   6.64   8.05   7.72   8.23   2.16   9.49   9.84   8.25   6.18   9.34   9.38   3.24   2.87   2.42   8.72   4.97   3.50 
  4.72   2.58   6.31   4.27   7.25   4.16   6.94   8.07   8.74   7.00   4.16   6.35   7.06   3.54   5.97   9.08   3.29   3.45   4.79   4.83   8.45   2.88   5.40   5.38   4.36   4.15   6.90   3.52   7.94   5.91   9.02   8.90   3.54   7.41   3.48   7.42   2.22   5.76   9.27   2.36   2.13   2.80   7.83   5.15   4.23   5.51   7.14   4.96   2.49 
  5.00   6.17   8.38   9.31   4.01   2.79   7.41   4.67   2.45   7.71   3.00   4.09   9.57   9.72   6.13   5.26   7.86   2.80   5.44   7.10   8.76   4.91   4.45   9.39   9.13   9.48   4.64   9.70   4.32   2.31   9.38   6.67   3.25   8.36   2.95   7.97   8.02   8.27   5.50   6.30   7.55   6.10   9.06   8.67   5.69   3.76   9.70   8.05   2.66 
  2.33   8.58   4.75   9.58   4.53   3.87   7.31   6.77   7.45   4.93   8.89   5.95   7.79   7.89   3.02   2.18   8.14   7.21   6.29   2.71   3.63   4.88   8.74   5.06   2.90   3.34   5.19   3.90   4.68   4.00   5.29   2.42   7.60   2.74   6.54   5.03   8.92   5.49   4.49   8.51   3.32   3.36   3.34   2.69   4.06   5.19   7.26   2.47   8.70 
  9.34   2.90   7.60   4.89   6.87   8.73   2.96   5.86   6.48   2.62   9.51   9.81   3.24   8.91   6.53   3.69   4.44   8.21   8.91   5.59   9.86   9.41   2.94   4.57   8.58   8.03   9.41   2.34   9.58   4.04   6.07   3.30   2.95   3.25   5.31   7.72   6.75   5.78   9.14   3.74   5.23   5.22   8.97   9.07   2.27   3.20   3.03   3.76   6.89 
  7.20   6.76   8.58   5.53   8.86   6.19   8.70   6.08   3.77   7.25   3.65   5.27   4.23   4.82   5.31   5.39   3.48   4.98   5.47   4.34   7.08   6.68   9.64   2.26   4.36   2.16   5.32   4.05   5.87   4.92   7.45   8.50   4.11   5.06   7.46   9.18   4.47   8.73   3.81   2.17   4.00   9.62   2.58   5.62   8.06   7.83   8.83   5.69   5.42 
  6.41   9.82   7.19   3.24   4.97   6.05   7.33   9.33   6.47   4.67   5.32   3.45   6.95   4.33   3.94   2.52   7.45   2.40   4.43   3.49   3.79   7.01   7.86   6.16   4.81   7.42   2.61   6.30   8.57   5.31   6.76   4.54   6.13   6.41   4.18   5.65   7.52   4.61   4.89   9.72   6.00   6.86   4.67   8.80   8.19   3.84   3.02   9.22   3.25 
  3.62   2.92   7.79   7.70   6.63   7.08   2.37   3.06   5.53   8.43   5.05   9.22   2.92   8.39   3.31   9.33   3.96   5.47   5.38   9.43   8.69   5.21   7.83   3.44   9.30   4.36   3.64   4.82   7.30   3.13   7.10   6.38   4.20   5.59   9.46   9.04   2.45   7.18   6.80   4.18   7.90   6.94   7.28   6.59   5.59   4.17   3.61   6.16   6.72 
  7.80   3.16   8.23   8.35   2.73   4.51   4.20   5.28   3.70   8.70   2.54   8.89   3.00   2.28   6.79   4.86   3.03   9.32   9.62   6.32   3.49   8.66   2.37   7.71   8.81   3.81   7.62   6.87   3.06   2.32   4.04   5.24   5.17   3.29   4.89   3.31   8.13   3.00   4.79   6.29   3.73   8.90   3.89   2.17   7.05   8.84   4.77   8.05   5.72 
  8.11   8.65   7.92   6.68   7.52   5.45   4.56   9.54   3.30   8.63   3.13   5.50   9.22   3.11   8.28   3.82   8.90   4.49   6.77   4.50   7.71   3.40   5.73   2.25   6.81   9.11   2.98   6.19   3.99   4.83   5.66   8.83   8.75   3.57   2.47   6.04   2.21   6.43   5.34   5.19   3.11   9.86   5.24   7.05   2.64   3.05   4.85   9.17   9.04 
  9.77   9.33   9.13   5.63   3.98   4.38   4.61   8.10   2.55   4.42   3.95   7.55   2.55   2.30   8.72   5.98   9.29   7.79   6.87   3.54   9.56   4.98   3.73   2.36   8.47   8.32   5.74   7.60   5.45   6.53   8.04   7.60   6.95   5.78   7.69   8.18   6.57   3.12   2.75   8.26   9.42   4.92   6.21   3.00   9.61   8.92   6.82   5.21   8.65 
  5.48   6.74   9.19   8.31   5.57   3.45   9.29   5.87   6.44   8.95   7.91   8.72   2.59   5.79   9.77   9.25   4.49   9.73   4.71   8.93   3.88   4.80   4.55   2.64   5.61   8.22   8.88   8.62   9.88   9.23   4.05   6.28   6.45   8.05   2.86   9.74   3.47   5.11   5.28   2.11   7.67   7.95   6.53   8.69   7.32   4.08   2.36   3.05   9.02 
  3.99   8.81   7.09   9.59   2.99   7.41   2.92   2.40   3.52   7.96   6.05   5.96   9.20   7.16   6.55   9.02   4.53   7.64   8.50   9.83   5.14   7.28   9.76   2.99   8.15   7.33   2.64   7.38   4.48   6.53   3.25   7.97   5.09   8.10   4.71   5.34   3.59   4.97   8.75   6.78   2.56   8.01   4.21   9.03   3.12   5.35   3.97   6.35   4.60 
  7.94   9.80   6.82   4.76   8.36   7.35   4.42   4.07   4.30   3.30   4.62   7.24   7.65   7.23   6.44   4.83   5.77   6.95   7.71   6.89   4.47   5.66   3.27   4.58   7.89   8.11   8.76   6.26   8.50   2.35   3.20   4.58   6.34   9.70   6.30   5.05   2.54   5.71   6.61   6.61   6.40   6.17   8.73   7.57   2.32   9.78   7.87   4.79   3.76 
  2.99   6.65   4.04   5.54   2.71   6.59   6.55   2.88   4.16   9.01   8.45   9.25   7.78   3.16   4.31   8.70   6.79   3.20   8.47   5.94   4.22   8.68   4.71   3.29   4.68   9.18   6.18   4.53   2.26   4.24   3.54   7.76   2.12   4.99   7.00   6.87   3.03   4.71   4.45   2.48   2.72   9.69   2.22   5.22   3.51   7.88   6.60   4.22   5.41 
  5.22   9.17   6.47   6.59   6.00   9.25   2.80   9.09   2.33   6.70   6.41   9.86   7.47   6.22   8.82   3.97   8.41   6.96   7.14   5.15   6.24   8.70   9.65   9.49   5.57   4.59   7.94   8.98   8.14   8.64   2.81   8.45   9.54   6.26   5.63   8.05   3.18   5.88   2.39   9.27   6.32   9.24   5.28   3.94   2.43   5.17   5.23   6.00   5.92 
  6.13   4.05   5.03   6.90   7.26   4.90   8.59   8.35   5.79   9.11   9.39   6.32   4.79   8.92   9.17   4.47   6.13   4.64   7.08   5.21   5.74   8.97   8.47   8.73   7.70   5.07   7.90   9.09   7.89   7.03   4.23   6.62   4.17   5.59   3.18   5.74   8.61   4.96   3.60   3.83   3.21   7.07   7.86   2.59   8.17   9.36   9.11   8.98   9.23 
  7.93   3.31   8.91   2.35   8.47   3.48   6.50   3.83   4.04   7.02   9.77   9.51   7.75   4.12   4.37   6.79   9.49   2.12   6.96   8.62   8.04   3.33   2.70   4.73   3.51   2.79   6.59   6.17   4.21   3.47   8.03   9.40   7.15   6.33   8.26   2.12   7.15   5.11   6.02   3.79   7.76   5.58   3.07   6.04   4.96   3.29   6.23   5.51   6.29 
  6.24   4.85   8.77   7.54   5.34   8.23   3.06   4.87   6.63   2.16   8.69   2.14   9.32   9.33   5.58   5.05   3.70   4.12   8.26   5.77   9.08   6.36   3.54   7.46   6.13   8.62   9.39   8.11   4.60   6.75   9.29   4.95   9.33   9.66   5.14   2.96   8.17   3.01   8.36   3.85   4.05   3.52   9.10   3.18   7.72   8.79   6.59   7.93   9.82 
  4.10   5.76   6.81   6.44   3.88   6.22   5.59   7.52   7.22   5.64   7.72   7.35   8.20   8.40   3.39   4.19   2.37   4.79   3.11   9.24   5.69   3.25   8.22   3.67   8.65   3.55   4.81   4.02   9.47   3.98   3.75   6.52   2.68   7.98   7.62   5.25   5.55   8.32   5.20   5.77   3.25   3.52   5.14   8.44   2.71   3.87   3.59   6.59   5.17 
  8.54   7.54   3.82   3.90   4.95   5.78   7.76   3.10   5.63   7.93   9.28   6.12   5.42   9.31   4.53   3.70   4.03   7.07   3.77   3.33   2.11   4.07   8.65   5.04   8.65   9.30   7.50   3.93   4.67   9.63   8.39   6.01   5.00   9.12   9.02   8.12   9.57   7.66   6.88   6.79   4.35   5.96   4.20   6.66   4.63   4.44   2.98   3.34   5.72 
  6.15   6.87   7.30   4.76   4.03   5.83   3.51   7.40   2.17   5.97   6.44   4.07   5.68   5.17   7.12   8.94   9.06   4.81   5.86   4.61   6.96   3.12   3.07   9.28   6.98   3.40   5.59   4.62   2.82   5.89   9.72   7.79   2.76   7.37   7.22   5.74   8.65   7.16   3.73   2.11   8.17   7.71   8.57   3.81   8.09   8.88   6.20   4.97   9.20 
  8.18   2.98   6.54   3.55   7.01   3.10   2.34   6.93   2.45   7.49   3.24   6.84   6.39   5.38   8.62   5.64   5.57   7.29   5.98   8.74   6.10   4.14   3.38   3.63   8.10   5.81   8.21   5.63   9.54   2.58   7.88   4.51   7.12   9.26   7.69   9.18   4.13   9.38   7.38   8.81   6.87   5.07   8.79   7.32   9.42   5.01   8.06   9.04   6.19 
  9.32   4.67   5.66   6.70   4.38   9.89   6.64   9.25   4.12   2.25   6.40   5.12   6.46   3.62   3.63   8.75   6.82   9.05   7.76   9.73   3.46   5.32   4.75   7.10   8.86   3.18   9.33   3.20   6.80   3.75   7.79   3.32   7.38   4.16   6.87   7.70   3.27   4.25   2.25   8.79   9.59   8.07   8.92   6.17   4.65   7.14   4.64   4.08   6.11 
  4.26   4.42   5.67   8.68   2.79   4.75   9.60   5.35   2.12   5.52   7.73   2.32   2.97   2.83   4.61   6.54   9.89   9.85   7.50   7.46   5.63   6.35   2.75   5.54   5.45   7.56   3.60   9.60   4.79   8.36   8.16   6.39   7.89   5.58   8.49   8.96   7.98   4.25   4.19   4.53   4.71   7.19   5.76   8.59   3.56   4.18   5.60   6.00   4.84 
  3.44   9.71   5.14   5.31   7.89   6.73   7.83   5.26   4.64   9.56   7.25   6.22   8.49   8.95   6.45   8.89   7.39   9.73   2.70   5.47   7.98   5.06   6.44   2.16   6.61   7.79   5.91   5.80   2.79   5.36   5.69   7.73   9.66   5.66   9.38   5.70   4.95   9.56   3.88   9.54   7.14   7.00   5.72   8.08   6.04   2.91   3.77   6.30   6.50 
  5.06   7.74   5.52   5.03   5.35   2.18   7.65   5.48   5.11   4.27   2.68   5.28   3.77   8.93   2.79   7.92   2.88   8.15   9.42   3.13   6.99   7.44   3.70   8.51   4.49   2.14   6.71   4.84   3.02   7.54   9.43   6.85   7.12   8.76   9.37   7.91   8.35   4.08   9.49   3.20   4.37   2.39   6.06   9.20   8.12   8.59   2.46   3.35   2.69 
  8.36   7.75   2.27   6.59   7.95   7.95   3.99   5.35   9.03   6.98   6.79   7.69   2.85   7.74   6.15   3.00   7.07   9.14   8.96   4.34   9.38   6.00   5.59   5.62   3.96   2.29   9.53   2.86   8.04   5.51   8.65   6.49   2.38   5.05   8.55   3.23   6.00   3.26   3.90   4.72   7.64   8.09   3.83   8.71   8.35   4.79   6.59   2.93   8.80 
  5.43   4.65   4.71   4.90   7.54   4.60   5.24   4.07   2.87   3.42   9.72   4.48   3.43   4.76   6.86   8.16   4.68   6.06   4.55   9.43   6.02   3.91   6.97   4.72   3.50   3.21   7.03   8.74   2.99   8.44   9.31   4.39   9.81   7.08   3.86   5.03   6.21   9.04   8.62   8.23   5.16   7.48   7.89   4.82   7.70   6.92   6.99   6.21   3.09 
  3.80   3.72   2.68   4.27   3.99   8.35   6.09   8.42   2.14   7.93   9.75   4.95   3.85   7.79   5.03   8.55   8.77   6.49   2.73   6.86   3.54   9.88   7.47   4.83   5.68   6.69   8.87   5.57   7.02   8.12   9.12   2.11   5.80   6.38   8.76   6.63   3.11   9.18   2.17   9.84   3.64   5.11   7.26   2.16   4.29   8.18   3.27   5.90   7.50 
  9.59   9.62   8.06   3.77   6.37   2.59   3.41   6.04   6.18   5.19   8.71   3.62   6.42   8.14   7.61   4.74   5.21   3.57   5.76   4.32   3.79   6.72   4.42   7.84   6.90   8.61   6.39   4.46   3.05   7.28   6.16   5.03   9.29   2.52   8.58   6.91   7.28   9.32   5.93   3.27   7.41   7.77   8.69   4.55   3.43   3.42   9.75   9.24   8.68 
  3.60   5.65   6.73   8.78   7.18   5.47   2.49   4.50   8.75   3.54   2.26   9.78   5.05   2.58   7.64   8.36   3.09   6.02   8.69   6.81   2.57   3.60   7.11   4.19   7.51   6.70   3.87   4.24   2.27   4.82   9.18   5.87   8.32   9.01   2.32   3.86   2.86   3.94   8.24   9.11   9.39   5.85   3.75   3.15   9.42   3.80   4.21   3.11   7.37 
  2.90   8.11   7.49   9.20   5.19   8.55   3.59   2.93   2.11   3.59   6.89   3.16   4.70   3.92   7.87   2.44   7.93   3.39   5.19   6.66   3.83   7.25   9.17   6.38   2.16   5.46   7.81   5.78   9.71   4.29   2.94   6.79   4.26   2.49   3.14   5.03   6.25   6.88   4.43   8.73   5.09   5.84   4.25   9.83   7.70   2.57   8.05   7.25   2.44 
  6.63   5.02   5.88   4.24   3.68   2.65   4.49   2.56   3.22   8.85   2.46   6.27   3.30   5.68   7.94   8.63   4.58   3.38   2.99   4.44   4.97   8.03   2.63   8.39   3.78   3.45   3.24   9.63   8.10   5.46   3.65   6.27   9.70   5.87   2.77   9.67   3.46   8.91   8.34   6.62   6.02   8.90   3.51   4.30   4.19   5.58   8.78   4.83   5.17 
  5.52   3.39   5.50   5.45   4.52   8.75   5.26   3.56   5.98   9.49   8.79   2.46   3.42   9.15   9.12   8.10   8.68   2.81   9.44   9.01   9.64   7.74   5.27   7.97   6.75   4.47   2.86   4.62   6.57   9.53   7.80   8.01   5.35   4.43   6.77   5.54   8.87   3.47   5.29   2.96   6.09   8.57   7.47   8.02   9.10   6.47   2.56   9.84   2.98 
  5.32   8.62   5.08   7.34   3.50   6.62   8.98   2.44   5.39   3.68   3.70   3.41   5.04   2.69   6.43   4.88   4.27   3.26   7.46   2.31   5.50   9.31   8.43   5.68   8.49   7.08   4.98   4.66   2.65   5.82   3.80   6.83   7.11   6.23   4.42   4.77   8.58   8.36   8.71   6.28   2.14   9.42   7.18   5.81   9.05   2.48   7.07   4.11   9.68 
  6.13   7.92   4.34   6.28   3.51   6.01   8.79   6.05   6.80   5.93   6.60   5.36   4.57   3.31   6.43   5.54   5.35   4.65   8.07   3.43   8.20   7.37   3.94   9.73   8.15   9.81   4.08   4.73   2.88   2.41   4.01   4.19   3.06   6.97   3.18   9.68   9.30   4.49   2.18   8.65   5.38   7.29   5.17   4.18   5.94   4.48   6.17   4.63   3.91 
  5.22   7.92   7.98   3.74   7.18   4.75   3.73   5.86   9.70   6.51   6.69   3.29   3.65   2.63   5.88   9.17   7.02   8.23   4.01   6.11   8.11   3.91   5.92   3.71   4.53   9.24   9.28   2.36   7.51   4.45   9.04   4.22   6.87   9.55   4.11   5.01   4.75   4.97   2.39   7.95   9.54   4.80   7.63   7.28   2.54   2.24   9.23   3.80   9.55 
  9.32   8.20   6.88   6.44   3.04   9.82   8.59   8.78   8.40   7.72   6.85   6.48   8.80   3.51   6.34   3.96   7.16   2.92   8.05   3.61   3.80   7.39   6.21   7.85   2.75   7.71   6.50   2.50   3.38   7.35   4.68   7.23   6.88   6.64   6.53   4.05   6.93   5.20   7.82   8.42   8.25   7.15   5.15   4.27   4.37   2.26   6.62   7.60   6.76 
  7.05   2.49   9.57   2.37   4.74   6.91   4.83   8.02   3.19   4.67   4.94   6.57   6.54   5.45   8.32   4.99   8.66   5.14   4.53   6.51   6.86   3.71   5.45   3.43   4.42   9.33   8.29   2.10   4.18   9.21   4.17   8.40   6.07   8.04   6.80   4.15   5.05   5.50   8.90   4.83   7.58   3.46   4.84   5.62   9.30   9.70   4.21   4.96   6.99 
  3.19   9.45   2.79   3.37   9.09   6.54   3.98   8.38   3.24   3.33   8.91   6.31   7.63   6.48   9.79   6.94   7.14   2.21   6.76   4.67   5.96   2.79   6.36   3.04   8.93   3.38   5.77   5.63   7.77   6.67   3.35   4.90   5.78   5.06   2.93   4.89   3.37   3.89   6.77   9.37   9.03   3.42   4.98   7.91   6.71   9.60   2.49   3.98   6.30 
  7.57   2.76   3.77   8.99   4.28   4.62   7.95   2.62   6.65   3.67   4.53   2.96   3.09   5.98   5.76   5.23   6.76   6.36   6.53   6.31   8.28   6.87   4.69   8.80   5.59   7.65   8.60   7.30   5.86   8.07   4.69   9.28   9.44   3.86   2.58   3.73   2.28   3.91   5.98   8.74   9.68   2.52   9.26   6.52   3.53   9.06   6.29   8.48   6.88 
  3.54   6.26   6.58   9.36   8.56   3.09   3.19   6.18   7.09   7.71   5.50   6.89   3.15   9.67   7.65   2.28   3.98   3.93   9.08   2.43   7.08   3.54   2.98   6.64   4.14   9.25   3.50   6.81   2.22   9.20   3.62   2.90   4.12   7.30   8.24   7.28   8.10   6.99   5.61   7.44   4.33   2.96   8.44   2.89   8.03   4.31   7.87   5.70   4.65 
  6.73   8.93   3.38   7.81   5.98   6.06   8.87   4.22   4.95   2.90   7.06   6.76   9.00   6.51   3.73   9.72   6.98   4.25   2.99   7.65   2.65   6.82   6.66   3.07   8.99   3.15   8.40   3.63   2.50   9.19   5.09   9.08   8.43   4.45   2.89   3.18   7.19   6.41   6.69   8.92   3.82   3.56   9.81   8.12   3.24   4.80   7.42   3.15   5.93 
  7.93   7.80   5.45   3.78   5.21   8.31   4.87   2.70   3.68   7.14   7.37   9.81   2.65   8.61   4.03   6.67   9.32   5.93   5.96   7.01   7.21   6.60   5.00   5.39   8.53   6.08   9.34   8.58   9.49   5.12   4.38   3.96   5.90   4.89   5.37   4.71   5.73   8.58   4.95   5.47   5.01   5.20   5.99   5.79   7.65   8.71   3.87   7.63   5.37 
  6.34   9.65   7.73   3.78   8.57   8.28   9.39   3.52   2.42   8.64   3.92   9.45   6.93   2.87   4.18   4.57   5.75   8.61   6.57   8.54   5.76   6.06   9.90   3.06   5.53   7.43   9.30   7.60   8.93   7.56   9.13   4.35   5.26   6.23   8.27   5.31   6.55   7.67   5.30   8.24   6.85   5.71   3.77   5.58   9.61   2.53   5.66   5.80   7.96 
  8.61   4.41   3.64   6.21   4.28   2.69   4.08   6.69   8.43   4.96   7.03   5.18   6.08   7.97   9.04   2.89   8.63   5.65   6.37   8.49   5.23   9.73   6.31   3.07   9.51   9.00   9.25   9.03   6.15   8.76   9.86   5.08   8.94   6.31   5.43   2.50   5.08   9.48   9.10   2.18   7.67   9.64   8.66   5.77   5.72   6.23   8.03   2.33   9.26 
---
