G_down: 49 50
  0.53   0.34   0.39   0.42   0.39   0.69   0.84   0.79   0.93   0.40   0.34   0.83   0.53   0.38   0.75   0.89   0.50   0.44   0.52   0.45   0.20   0.53   0.22   0.12   0.87   0.55   0.57   0.13   0.67   0.37   0.52   0.28   0.40   0.76   0.16   0.58   0.78   0.97   0.52   0.74   0.67   0.54   0.48   0.20   0.13   0.31   0.57   0.36   0.54   0.15 
  0.24   0.90   0.28   0.49   0.77   0.54   0.64   0.95   0.21   0.17   0.45   0.87   0.64   0.28   0.98   0.40   0.50   0.14   0.35   0.63   0.63   0.82   0.75   0.28   0.40   0.40   0.59   0.65   0.45   0.61   0.75   0.66   0.47   0.36   0.51   0.52   0.45   0.60   0.36   0.89   0.65   0.29   0.82   0.19   0.65   0.77   0.70   0.30   0.59   0.86 
  0.83   0.86   0.45   0.36   0.29   0.62   0.50   0.49   0.45   0.38   0.30   0.29   0.64   0.94   0.88   0.52   0.37   0.54   0.95   0.50   0.19   0.13   0.30   0.20   0.94   0.35   0.60   0.25   0.17   0.92   0.28   0.66   0.16   0.70   0.15   0.98   0.58   0.50   0.53   0.34   0.70   0.25   0.71   0.25   0.94   0.98   0.50   0.50   0.50   0.78 
  0.17   0.86   0.43   0.41   0.81   0.95   0.63   0.30   0.26   0.32   0.78   0.65   0.14   0.71   0.80   0.56   0.25   0.13   0.43   0.31   0.12   0.51   0.38   0.71   0.67   0.48   0.43   0.74   0.52   0.89   0.28   0.11   0.33   0.93   0.82   0.29   0.28   0.51   0.31   0.58   0.24   0.33   0.85   0.34   0.98   0.64   0.88   0.51   0.36   0.62 
  0.29   0.80   0.69   0.23   0.14   0.11   0.36   0.76   0.41   0.36   0.86   0.28   0.62   0.40   0.84   0.25   0.55   0.27   0.89   0.52   0.37   0.42   0.84   0.86   0.19   0.89   0.11   0.36   0.21   0.69   0.31   0.43   0.82   0.51   0.26   0.40   0.59   0.29   0.61   0.21   0.47   0.90   0.52   0.99   0.97   0.31   0.79   0.30   0.31   0.68 
  0.69   0.49   0.35   0.40   0.49   0.33   0.82   0.20   0.54   0.92   0.15   0.62   0.66   0.52   0.76   0.46   0.36   0.35   0.21   0.33   0.36   0.75   0.52   0.91   0.23   0.56   0.57   0.84   0.96   0.25   0.18   0.72   0.48   0.25   0.60   0.57   0.47   0.71   0.13   0.87   0.27   0.32   0.95   0.85   0.13   0.29   0.38   0.74   0.74   0.38 
  0.28   0.71   0.32   0.44   0.52   0.38   0.45   0.68   0.23   0.79   0.34   0.83   0.58   0.70   0.18   0.63   0.17   0.14   0.17   0.84   0.18   0.74   0.24   0.17   0.52   0.26   0.44   0.67   0.84   0.56   0.26   0.88   0.73   0.95   0.25   0.55   0.68   0.25   0.32   0.98   0.16   0.86   0.29   0.62   0.10   0.88   0.12   0.21   0.97   0.47 
  0.94   0.87   0.96   0.64   0.19   0.79   0.18   0.16   0.99   0.68   0.79   0.16   0.47   0.98   0.94   0.12   0.95   0.52   0.22   0.88   0.46   0.81   0.99   0.55   0.61   0.75   0.86   0.52   0.60   0.27   0.39   0.88   0.54   0.72   0.16   0.16   0.85   0.83   0.73   0.77   0.85   0.33   0.48   0.12   0.76   0.36   0.54   0.61   0.88   0.98 
  0.18   0.68   0.53   0.49   0.12   0.96   0.15   0.26   0.25   0.59   0.73   0.27   0.35   0.40   0.86   0.14   0.13   0.85   0.58   0.48   0.24   0.92   0.98   0.86   0.81   0.67   0.76   0.29   0.79   0.86   0.69   0.56   0.26   0.20   0.70   0.44   0.30   0.30   0.35   0.90   0.18   0.90   0.43   0.54   0.88   0.34   0.17   0.33   0.57   0.81 
  0.70   0.94   0.63   0.99   0.26   0.19   0.38   0.67   0.11   0.75   0.48   0.11   0.67   0.73   0.77   0.98   0.21   0.33   0.86   0.40   0.46   0.88   0.37   0.78   0.72   0.48   0.40   0.22   0.63   0.69   0.59   0.83   0.73   0.95   0.14   0.36   0.79   0.88   0.96   0.14   0.31   0.19   0.22   0.65   0.56   0.60   0.35   0.47   0.69   0.68 
  0.86   0.21   0.57   0.26   0.93   0.78   0.84   0.45   0.85   0.94   0.37   0.47   0.37   0.15   0.83   0.84   0.73   0.27   0.55   0.68   0.59   0.97   0.26   0.11   0.13   0.23   0.76   0.76   0.28   0.16   0.58   0.88   0.96   0.72   0.88   0.69   0.76   0.45   0.44   0.58   0.17   0.35   0.47   0.56   0.80   0.24   0.39   0.68   0.39   0.38 
  0.34   0.45   0.22   0.64   0.53   0.33   0.42   0.54   0.56   0.64   0.40   0.17   0.27   0.73   0.66   0.61   0.20   0.40   0.32   0.97   0.65   0.52   0.80   0.59   0.61   0.12   0.86   0.17   0.13   0.33   0.75   0.15   0.20   0.99   0.58   0.82   0.68   0.50   0.78   0.13   0.66   0.12   0.98   0.63   0.69   0.30   0.95   0.59   0.39   0.43 
  0.43   0.56   0.74   0.93   0.82   0.18   0.91   0.90   0.56   0.76   0.47   0.48   0.56   0.17   0.24   0.65   0.71   0.91   0.43   0.37   0.79   0.94   0.13   0.86   0.13   0.21   0.69   0.76   0.76   0.81   0.98   0.72   0.69   0.81   0.76   0.62   0.72   0.27   0.71   0.51   0.58   0.17   0.92   0.50   0.84   0.39   0.53   0.11   0.51   0.29 
  0.60   0.80   0.78   0.88   0.11   0.85   0.78   0.76   0.47   0.63   0.30   0.89   0.78   0.23   0.56   0.30   0.12   0.97   0.90   0.98   0.79   0.45   0.57   0.46   0.67   0.83   0.51   0.95   0.37   0.51   0.86   0.88   0.94   0.64   0.94   0.37   0.97   0.59   0.66   0.66   0.50   0.62   0.62   0.34   0.24   0.41   0.63   0.82   0.67   0.59 
  0.76   0.33   0.31   0.23   0.53   0.16   0.95   0.95   0.98   0.60   0.80   0.44   0.23   0.39   0.65   0.76   0.49   0.65   0.67   0.28   0.78   0.26   0.43   0.40   0.43   0.56   0.76   0.87   0.18   0.45   0.96   0.54   0.41   0.65   0.70   0.50   0.99   0.25   0.12   0.36   0.98   0.45   0.53   0.76   0.54   0.67   0.42   0.59   0.68   0.26 
  0.64   0.44   0.31   0.94   0.69   0.33   0.15   0.70   0.35   0.23   0.36   0.61   0.31   0.18   0.16   0.78   0.14   0.18   0.46   0.76   0.70   0.68   0.95   0.64   0.44   0.49   0.99   0.64   0.89   0.63   0.96   0.21   0.41   0.68   0.19   0.47   0.57   0.30   0.32   0.97   0.56   0.40   0.71   0.58   0.79   0.38   0.17   0.37   0.39   0.23 
  0.79   0.24   0.29   0.56   0.14   0.26   0.84   0.94   0.11   0.48   0.66   0.57   0.49   0.69   0.90   0.57   0.34   0.21   0.92   0.43   0.45   0.54   0.69   0.65   0.23   0.36   0.73   0.72   0.61   0.96   0.87   0.81   0.11   0.15   0.68   0.18   0.63   0.41   0.86   0.39   0.37   0.76   0.98   0.61   0.95   0.68   0.53   0.10   0.76   0.14 
  0.25   0.62   0.72   0.86   0.51   0.46   0.57   0.57   0.50   0.44   0.60   0.41   0.39   0.88   0.19   0.97   0.28   0.55   0.45   0.66   0.19   0.41   0.53   0.66   0.13   0.96   0.83   0.78   0.62   0.21   0.31   0.30   0.43   0.90   0.28   0.37   0.79   0.46   0.97   0.47   0.44   0.30   0.92   0.65   0.49   0.83   0.63   0.61   0.49   0.20 
  0.76   0.53   0.64   0.61   0.62   0.15   0.70   0.29   0.58   0.59   0.32   0.79   0.32   0.50   0.59   0.79   0.25   0.23   0.18   0.91   0.11   0.38   0.97   0.61   0.93   0.50   0.44   0.83   0.50   0.69   0.99   0.76   0.43   0.84   0.26   0.45   0.11   0.55   0.81   0.41   0.84   0.66   0.33   0.84   0.53   0.57   0.15   0.81   0.73   0.36 
  0.59   0.43   0.95   0.16   0.15   0.46   0.49   0.90   0.27   0.14   0.32   0.82   0.91   0.12   0.53   0.96   0.71   0.55   0.75   0.97   0.13   0.70   0.64   0.70   0.60   0.25   0.44   0.95   0.78   0.37   0.35   0.39   0.23   0.94   0.17   0.62   0.87   0.38   0.65   0.35   0.33   0.42   0.44   0.67   0.14   0.36   0.83   0.35   0.43   0.93 
  0.40   0.70   0.34   0.62   0.80   0.18   0.64   0.19   0.11   0.96   0.36   0.39   0.29   0.97   0.18   0.21   0.64   0.60   0.82   0.95   0.41   0.30   0.67   0.45   0.53   0.65   0.65   0.60   0.47   0.69   0.57   0.82   0.79   0.75   0.95   0.82   0.89   0.33   0.25   0.15   0.33   0.21   0.66   0.86   0.26   0.30   0.32   0.27   0.69   0.37 
  0.58   0.26   0.57   0.12   0.43   0.45   0.85   0.68   0.67   0.80   0.97   0.22   0.66   0.46   0.39   0.22   0.44   0.90   0.76   0.38   0.83   0.87   0.21   0.43   0.12   0.31   0.50   0.63   0.98   0.34   0.79   0.35   0.68   0.76   0.94   0.89   0.30   0.47   0.57   0.37   0.41   0.16   0.96   0.44   0.84   0.87   0.76   0.92   0.65   0.90 
  0.37   0.20   0.66   0.58   0.49   0.29   0.74   0.22   0.81   0.84   0.97   0.51   0.88   0.66   0.67   0.19   0.74   0.46   0.93   0.60   0.26   0.80   0.39   0.45   0.49   0.85   0.24   0.89   0.24   0.44   0.54   0.40   0.46   0.55   0.37   0.42   0.19   0.61   0.80   0.72   0.81   0.17   0.62   0.25   0.59   0.37   0.33   0.90   0.42   0.58 
  0.39   0.30   0.89   0.75   0.95   0.17   0.72   0.43   0.78   0.11   0.50   0.27   0.61   0.78   0.84   0.98   0.74   0.79   0.52   0.95   0.41   0.88   0.81   0.94   0.44   0.33   0.53   0.92   0.29   0.77   0.12   0.98   0.30   0.31   0.55   0.31   0.25   0.79   0.48   0.58   0.48   0.80   0.23   0.49   0.97   0.58   0.50   0.39   0.67   0.69 
  0.68   0.96   0.11   0.39   0.32   0.29   0.13   0.27   0.25   0.23   0.59   0.49   0.74   0.44   0.51   0.59   0.97   0.77   0.98   0.69   0.60   0.50   0.82   0.34   0.81   0.30   0.31   0.35   0.15   0.31   0.39   0.14   0.54   0.16   0.86   0.32   0.26   0.77   0.72   0.69   0.67   0.56   0.81   0.69   0.45   0.73   0.89   0.95   0.62   0.75 
  0.52   0.93   0.28   0.50   0.35   0.71   0.78   0.92   0.37   0.17   0.47   0.81   0.97   0.56   0.51   0.63   0.47   0.25   0.70   0.10   0.75   0.30   0.96   0.39   0.19   0.86   0.29   0.23   0.43   0.51   0.27   0.98   0.46   0.20   0.53   0.42   0.25   0.52   0.19   0.63   0.94   0.29   0.94   0.88   0.68   0.16   0.11   0.31   0.39   0.71 
  0.96   0.54   0.55   0.96   0.64   0.14   0.20   0.91   0.26   0.43   0.59   0.23   0.52   0.36   0.14   0.19   0.39   0.80   0.42   0.77   0.38   0.42   0.89   0.66   0.13   0.12   0.21   0.71   0.75   0.98   0.42   0.94   0.36   0.39   0.64   0.95   0.61   0.72   0.80   0.47   0.23   0.57   0.86   0.77   0.86   0.76   0.88   0.44   0.99   0.48 
  0.53   0.63   0.99   0.80   0.68   0.47   0.12   0.63   0.51   0.14   0.76   0.15   0.79   0.14   0.66   0.39   0.23   0.97   0.76   0.80   0.55   0.94   0.33   0.39   0.42   0.80   0.68   0.47   0.48   0.15   0.94   0.33   0.79   0.12   0.17   0.53   0.29   0.51   0.31   0.32   0.12   0.91   0.25   0.79   0.63   0.86   0.95   0.84   0.56   0.64 
  0.22   0.79   0.23   0.61   0.10   0.53   0.67   0.82   0.77   0.80   0.93   0.95   0.25   0.77   0.54   0.59   0.82   0.12   0.22   0.59   0.50   0.95   0.66   0.14   0.77   0.61   0.20   0.43   0.64   0.67   0.35   0.63   0.75   0.20   0.83   0.92   0.43   0.47   0.46   0.59   0.62   0.97   0.86   0.51   0.65   0.11   0.67   0.80   0.66   0.86 
  0.23   0.48   0.56   0.34   0.81   0.30   0.77   0.22   0.26   0.55   0.15   0.73   0.30   0.49   0.50   0.92   0.91   0.18   0.41   0.90   0.55   0.12   0.22   0.22   0.56   0.41   0.99   0.76   0.61   0.95   0.89   0.53   0.49   0.14   0.11   0.85   0.89   0.83   0.68   0.21   0.65   0.51   0.69   0.84   0.55   0.12   0.84   0.21   0.78   0.87 
  0.49   0.11   0.49   0.39   0.31   0.70   0.31   0.11   0.88   0.45   0.66   0.46   0.56   0.39   0.80   0.71   0.64   0.47   0.54   0.20   0.14   0.26   0.68   0.48   0.49   0.24   0.14   0.72   0.25   0.46   0.56   0.99   0.13   0.63   0.51   0.39   0.88   0.51   0.92   0.42   0.96   0.79   0.72   0.22   0.65   0.97   0.41   0.30   0.85   0.74 
  0.21   0.62   0.36   0.68   0.83   0.21   0.14   0.62   0.19   0.91   0.92   0.70   0.96   0.39   0.94   0.20   0.70   0.77   0.51   0.53   0.19   0.38   0.18   0.83   0.17   0.75   0.78   0.79   0.41   0.21   0.76   0.47   0.89   0.27   0.86   0.38   0.64   0.37   0.61   0.79   0.26   0.29   0.92   0.27   0.21   0.38   0.46   0.53   0.46   0.95 
  0.34   0.26   0.90   0.58   0.11   0.85   0.26   0.49   0.72   0.60   0.89   0.90   0.91   0.71   0.98   0.89   0.26   0.97   0.98   0.70   0.55   0.57   0.91   0.81   0.32   0.39   0.67   0.24   0.52   0.29   0.40   0.27   0.71   0.60   0.44   0.40   0.23   0.80   0.48   0.90   0.38   0.35   0.19   0.95   0.81   0.19   0.24   0.84   0.93   0.47 
  0.97   0.68   0.60   0.89   0.31   0.98   0.51   0.43   0.98   0.96   0.45   0.39   0.53   0.32   0.37   0.37   0.64   0.73   0.47   0.89   0.73   0.36   0.64   0.82   0.82   0.41   0.63   0.49   0.53   0.21   0.52   0.57   0.33   0.96   0.17   0.97   0.40   0.13   0.89   0.33   0.57   0.38   0.96   0.53   0.17   0.17   0.78   0.97   0.96   0.58 
  0.61   0.35   0.15   0.82   0.67   0.17   0.34   0.67   0.11   0.81   0.21   0.35   0.42   0.16   0.24   0.46   0.41   0.26   0.82   0.35   0.62   0.94   0.83   0.63   0.28   0.51   0.22   0.82   0.94   0.53   0.14   0.34   0.45   0.91   0.85   0.30   0.12   0.21   0.18   0.74   0.69   0.77   0.65   0.78   0.42   0.51   0.64   0.72   0.10   0.63 
  0.63   0.13   0.68   0.47   0.71   0.72   0.55   0.89   0.54   0.39   0.26   0.20   0.35   0.11   0.27   0.27   0.47   0.73   0.61   0.24   0.80   0.39   0.20   0.23   0.91   0.80   0.68   0.21   0.71   0.22   0.53   0.27   0.64   0.61   0.75   0.23   0.22   0.20   0.21   0.81   0.82   0.47   0.16   0.17   0.66   0.86   0.72   0.59   0.37   0.43 
  0.13   0.90   0.53   0.98   0.36   0.54   0.20   0.85   0.72   0.83   0.27   0.13   0.90   0.39   0.43   0.56   0.39   0.70   0.22   0.75   0.63   0.76   0.75   0.67   0.25   0.46   0.26   0.11   0.26   0.95   0.13   0.51   0.87   0.64   0.26   0.14   0.81   0.35   0.53   0.35   0.43   0.41   0.73   0.90   0.45   0.55   0.66   0.38   0.57   0.41 
  0.36   0.60   0.94   0.34   0.39   0.95   0.43   0.74   0.40   0.27   0.26   0.36   0.62   0.31   0.93   0.53   0.70   0.33   0.31   0.66   0.27   0.19   0.74   0.17   0.78   0.89   0.63   0.43   0.38   0.47   0.43   0.42   0.54   0.19   0.60   0.67   0.46   0.93   0.19   0.96   0.91   0.22   0.53   0.81   0.77   0.96   0.70   0.59   0.39   0.17 
  0.70   0.97   0.56   0.76   0.25   0.19   0.38   0.49   0.48   0.11   0.97   0.86   0.57   0.12   0.45   0.56   0.79   0.69   0.46   0.28   0.96   0.68   0.63   0.64   0.64   0.38   0.85   0.61   0.18   0.16   0.55   0.44   0.32   0.35   0.56   0.52   0.73   0.21   0.29   0.43   0.77   0.41   0.57   0.96   0.35   0.68   0.68   0.46   0.74   0.54 
  0.66   0.96   0.78   0.34   0.25   0.70   0.57   0.67   0.35   0.55   0.65   0.62   0.90   0.50   0.67   0.97   0.54   0.29   0.19   0.18   0.92   0.66   0.52   0.95   0.78   0.57   0.35   0.66   0.81   0.73   0.79   0.56   0.72   0.51   0.25   0.74   0.83   0.69   0.74   0.49   0.43   0.18   0.14   0.98   0.48   0.22   0.78   0.54   0.30   0.42 
  0.22   0.62   0.45   0.80   0.88   0.28   0.43   0.49   0.76   0.83   0.48   0.38   0.74   0.19   0.42   0.45   0.20   0.31   0.96   0.86   0.23   0.87   0.58   0.17   0.42   0.50   0.85   0.65   0.61   0.63   0.91   0.29   0.90   0.99   0.16   0.36   0.63   0.32   0.53   0.15   0.98   0.35   0.99   0.91   0.53   0.47   0.85   0.13   0.71   0.21 
  0.29   0.34   0.62   0.61   0.69   0.34   0.78   0.26   0.74   0.80   0.13   0.76   0.55   0.49   0.74   0.50   0.24   0.29   0.19   0.45   0.79   0.52   0.73   0.14   0.23   0.58   0.26   0.14   0.64   0.44   0.45   0.92   0.44   0.37   0.89   0.39   0.57   0.32   0.25   0.85   0.91   0.41   0.55   0.32   0.82   0.16   0.80   0.77   0.88   0.20 
  0.34   0.50   0.45   0.21   0.71   0.46   0.38   0.57   0.65   0.34   0.87   0.49   0.56   0.72   0.24   0.57   0.88   0.79   0.18   0.46   0.80   0.11   0.47   0.58   0.49   0.25   0.97   0.31   0.91   0.71   0.81   0.50   0.66   0.29   0.81   0.18   0.26   0.77   0.35   0.41   0.71   0.69   0.36   0.16   0.48   0.99   0.16   0.93   0.74   0.30 
  0.39   0.76   0.28   0.26   0.97   0.49   0.89   0.95   0.95   0.32   0.66   0.81   0.96   0.38   0.75   0.49   0.66   0.79   0.53   0.26   0.94   0.44   0.55   0.61   0.51   0.36   0.15   0.61   0.11   0.71   0.73   0.11   0.90   0.67   0.14   0.60   0.28   0.90   0.34   0.35   0.88   0.28   0.11   0.37   0.53   0.43   0.50   0.57   0.92   0.64 
  0.66   0.65   0.68   0.20   0.93   0.15   0.11   0.36   0.12   0.52   0.91   0.28   0.39   0.13   0.98   0.51   0.14   0.21   0.45   0.43   0.67   0.50   0.16   0.77   0.69   0.84   0.84   0.49   0.40   0.92   0.38   0.28   0.49   0.73   0.60   0.75   0.11   0.21   0.88   0.13   0.12   0.67   0.15   0.85   0.21   0.19   0.34   0.84   0.23   0.47 
  0.47   0.20   0.32   0.55   0.80   0.25   0.53   0.80   0.27   0.84   0.48   0.88   0.63   0.59   0.58   0.22   0.21   0.18   0.75   0.40   0.91   0.85   0.12   0.52   0.84   0.12   0.51   0.52   0.31   0.41   0.49   0.29   0.22   0.73   0.18   0.71   0.26   0.46   0.34   0.14   0.91   0.75   0.69   0.84   0.73   0.67   0.18   0.73   0.18   0.13 
  0.18   0.90   0.27   0.42   0.89   0.83   0.83   0.93   0.79   0.24   0.32   0.15   0.19   0.52   0.53   0.51   0.57   0.36   0.43   0.85   0.89   0.68   0.32   0.85   0.88   0.22   0.20   0.36   0.59   0.84   0.96   0.99   0.77   0.77   0.32   0.34   0.51   0.56   0.75   0.94   0.31   0.51   0.95   0.75   0.41   0.42   0.61   0.64   0.78   0.50 
  0.48   0.42   0.79   0.86   0.60   0.75   0.73   0.46   0.68   0.48   0.48   0.32   0.54   0.58   0.85   0.38   0.20   0.19   0.64   0.75   0.54   0.31   0.98   0.83   0.29   0.84   0.18   0.26   0.13   0.11   0.42   0.90   0.80   0.30   0.34   0.89   0.73   0.52   0.26   0.77   0.27   0.41   0.87   0.40   0.84   0.78   0.64   0.49   0.15   0.13 
  0.89   0.28   0.70   0.64   0.88   0.50   0.92   0.66   0.78   0.93   0.20   0.91   0.39   0.80   0.18   0.90   0.37   0.34   0.93   0.26   0.44   0.48   0.51   0.33   0.29   0.43   0.45   0.98   0.92   0.35   0.92   0.90   0.68   0.23   0.93   0.89   0.45   0.65   0.35   0.84   0.41   0.10   0.87   0.54   0.96   0.87   0.89   0.80   0.40   0.23 
---
G_right: 50 49
  0.21   0.54   0.42   0.58   0.90   0.89   0.70   0.32   0.13   0.55   0.53   0.30   0.62   0.98   0.30   0.99   0.29   0.34   0.79   0.30   0.51   0.16   0.58   0.79   0.45   0.51   0.94   0.85   0.98   0.10   0.54   0.99   0.40   0.37   0.26   0.58   0.31   0.12   0.31   0.99   0.83   0.69   0.80   0.28   0.28   0.94   0.23   0.37   0.20 
  0.55   0.40   0.57   0.18   0.13   0.75   0.44   0.19   0.30   0.29   0.53   0.50   0.76   0.82   0.48   0.85   0.71   0.22   0.92   0.74   0.47   0.65   0.13   0.93   0.79   0.12   0.56   0.31   0.80   0.29   0.31   0.23   0.57   0.19   0.84   0.28   0.97   0.33   0.44   0.67   0.66   0.74   0.27   0.30   0.84   0.94   0.54   0.83   0.26 
  0.71   0.28   0.17   0.75   0.76   0.35   0.76   0.60   0.63   0.58   0.12   0.69   0.88   0.82   0.52   0.10   0.50   0.14   0.80   0.90   0.80   0.50   0.74   0.72   0.83   0.77   0.65   0.37   0.94   0.94   0.15   0.63   0.59   0.35   0.17   0.86   0.82   0.29   0.53   0.67   0.64   0.54   0.91   0.57   0.14   0.54   0.26   0.33   0.29 
  0.32   0.49   0.86   0.20   0.49   0.59   0.33   0.66   0.94   0.70   0.43   0.57   0.52   0.68   0.15   0.22   0.30   0.26   0.64   0.87   0.68   0.29   0.67   0.27   0.66   0.16   0.35   0.13   0.34   0.42   0.91   0.63   0.92   0.42   0.59   0.22   0.31   0.30   0.51   0.45   0.85   0.58   0.83   0.50   0.91   0.98   0.98   0.12   0.26 
  0.91   0.48   0.74   0.63   0.15   0.87   0.45   0.54   0.30   0.70   0.97   0.18   0.72   0.32   0.45   0.98   0.51   0.41   0.76   0.67   0.53   0.11   0.95   0.25   0.91   0.46   0.34   0.15   0.68   0.69   0.28   0.45   0.19   0.88   0.88   0.82   0.82   0.22   0.87   0.40   0.18   0.46   0.72   0.88   0.30   0.84   0.84   0.89   0.97 
  0.71   0.69   0.28   0.59   0.57   0.12   0.69   0.32   0.57   0.59   0.59   0.26   0.77   0.51   0.28   0.41   0.26   0.92   0.71   0.96   0.87   0.10   0.28   0.65   0.15   0.61   0.55   0.96   0.96   0.67   0.23   0.49   0.98   0.54   0.22   0.12   0.16   0.47   0.98   0.11   0.44   0.40   0.84   0.22   0.86   0.67   0.52   0.21   0.58 
  0.52   0.87   0.80   0.60   0.22   0.38   0.89   0.86   0.51   0.90   0.91   0.95   0.27   0.39   0.81   0.62   0.47   0.98   0.50   0.63   0.61   0.64   0.88   0.42   0.28   0.95   0.89   0.38   0.39   0.37   0.40   0.11   0.55   0.29   0.74   0.61   0.21   0.32   0.78   0.86   0.32   0.11   0.39   0.49   0.56   0.26   0.39   0.21   0.39 
  0.63   0.32   0.29   0.26   0.57   0.82   0.88   0.68   0.30   0.60   0.60   0.83   0.67   0.81   0.45   0.27   0.32   0.27   0.65   0.99   0.23   0.50   0.73   0.70   0.64   0.25   0.65   0.64   0.75   0.95   0.20   0.31   0.61   0.27   0.74   0.46   0.43   0.60   0.72   0.65   0.82   0.26   0.90   0.60   0.78   0.38   0.62   0.43   0.21 
  0.84   0.26   0.34   0.96   0.63   0.59   0.96   0.84   0.90   0.28   0.77   0.11   0.53   0.72   0.85   0.55   0.74   0.41   0.56   0.40   0.39   0.91   0.93   0.52   0.91   0.48   0.32   0.77   0.21   0.24   0.70   0.55   0.87   0.93   0.54   0.24   0.16   0.39   0.15   0.82   0.70   0.42   0.19   0.98   0.67   0.91   0.76   0.96   0.72 
  0.87   0.62   0.58   0.18   0.33   0.17   0.89   0.12   0.56   0.23   0.98   0.46   0.64   0.57   0.61   0.68   0.25   0.22   0.37   0.33   0.54   0.13   0.78   0.43   0.83   0.72   0.58   0.34   0.88   0.90   0.23   0.42   0.93   0.41   0.27   0.24   0.34   0.73   0.16   0.81   0.71   0.25   0.35   0.64   0.37   0.80   0.97   0.28   0.88 
  0.57   0.90   0.98   0.28   0.90   0.26   0.93   0.62   0.63   0.18   0.53   0.79   0.16   0.52   0.73   0.62   0.24   0.81   0.40   0.31   0.13   0.82   0.34   0.87   0.55   0.60   0.40   0.31   0.33   0.37   0.36   0.53   0.91   0.42   0.78   0.91   0.85   0.76   0.78   0.65   0.75   0.57   0.24   0.88   0.53   0.57   0.84   0.47   0.80 
  0.51   0.77   0.98   0.67   0.57   0.14   0.87   0.40   0.99   0.21   0.56   0.45   0.50   0.56   0.50   0.41   0.86   0.88   0.92   0.51   0.97   0.57   0.28   0.39   0.95   0.12   0.55   0.70   0.64   0.68   0.68   0.37   0.35   0.67   0.46   0.80   0.58   0.30   0.69   0.86   0.88   0.51   0.17   0.81   0.45   0.21   0.59   0.81   0.44 
  0.50   0.55   0.44   0.38   0.76   0.83   0.58   0.83   0.11   0.79   0.40   0.83   0.12   0.34   0.35   0.55   0.11   0.31   0.23   0.40   0.10   0.38   0.59   0.60   0.28   0.78   0.65   0.17   0.35   0.19   0.65   0.18   0.34   0.40   0.48   0.60   0.33   0.70   0.43   0.85   0.84   0.77   0.90   0.13   0.81   0.80   0.53   0.42   0.87 
  0.99   0.56   0.33   0.17   0.19   0.52   0.62   0.73   0.71   0.29   0.12   0.51   0.18   0.82   0.47   0.55   0.74   0.34   0.64   0.36   0.52   0.12   0.79   0.36   0.54   0.16   0.11   0.13   0.60   0.97   0.71   0.40   0.52   0.17   0.68   0.52   0.33   0.93   0.35   0.39   0.93   0.42   0.49   0.86   0.66   0.67   0.42   0.28   0.69 
  0.64   0.67   0.70   0.77   0.53   0.79   0.30   0.89   0.93   0.91   0.87   0.67   0.32   0.74   0.72   0.40   0.21   0.41   0.77   0.68   0.68   0.80   0.21   0.60   0.49   0.93   0.66   0.56   0.75   0.82   0.54   0.32   0.68   0.38   0.12   0.21   0.40   0.52   0.83   0.67   0.62   0.19   0.24   0.97   0.36   0.91   0.37   0.38   0.70 
  0.33   0.51   0.27   0.73   0.62   0.60   0.48   0.90   0.46   0.98   0.32   0.66   0.72   0.69   0.98   0.92   0.68   0.49   0.25   0.14   0.46   0.83   0.50   0.87   0.61   0.69   0.32   0.37   0.91   0.95   0.38   0.35   0.26   0.14   0.52   0.17   0.88   0.64   0.97   0.79   0.85   0.78   0.94   0.80   0.12   0.89   0.48   0.44   0.30 
  0.18   0.59   0.44   0.38   0.38   0.44   0.41   0.38   0.71   0.34   0.58   0.28   0.94   0.37   0.64   0.26   0.86   0.75   0.52   0.17   0.79   0.40   0.62   0.14   0.92   0.77   0.33   0.21   0.67   0.60   0.21   0.54   0.99   0.59   0.28   0.40   0.92   0.78   0.61   0.47   0.51   0.44   0.99   0.98   0.78   0.63   0.75   0.89   0.35 
  0.98   0.97   0.36   0.80   0.85   0.38   0.37   0.19   0.13   0.17   0.90   0.79   0.53   0.98   0.20   0.26   0.19   0.51   0.41   0.23   0.12   0.20   0.51   0.29   0.59   0.63   0.69   0.52   0.60   0.78   0.51   0.47   0.20   0.58   0.19   0.64   0.82   0.63   0.30   0.20   0.10   0.29   0.97   0.13   0.86   0.82   0.31   0.58   0.27 
  0.90   0.96   0.85   0.72   0.88   0.80   0.40   0.26   0.16   0.35   0.25   0.26   0.45   0.34   0.60   0.28   0.24   0.15   0.85   0.24   0.57   0.83   0.12   0.42   0.61   0.21   0.23   0.50   0.53   0.36   0.56   0.80   0.54   0.11   0.66   0.40   0.30   0.12   0.83   0.76   0.32   0.18   0.54   0.32   0.52   0.85   0.47   0.54   0.92 
  0.51   0.94   0.62   0.67   0.82   0.65   0.93   0.54   0.66   0.77   0.27   0.10   0.72   0.69   0.52   0.64   0.24   0.18   0.32   0.83   0.88   0.21   0.58   0.19   0.10   0.57   0.96   0.52   0.62   0.28   0.12   0.31   0.98   0.79   0.66   0.18   0.16   0.80   0.45   0.31   0.36   0.34   0.18   0.97   0.86   0.54   0.90   0.92   0.91 
  0.15   0.88   0.13   0.15   0.75   0.28   0.24   0.45   0.71   0.83   0.29   0.59   0.89   0.26   0.32   0.78   0.94   0.17   0.28   0.12   0.33   0.75   0.95   0.91   0.13   0.27   0.15   0.97   0.50   0.49   0.59   0.88   0.98   0.69   0.64   0.25   0.79   0.43   0.84   0.23   0.52   0.51   0.47   0.37   0.94   0.14   0.38   0.11   0.79 
  0.27   0.54   0.60   0.90   0.22   0.27   0.28   0.63   0.55   0.44   0.46   0.48   0.83   0.50   0.36   0.87   0.30   0.43   0.15   0.10   0.14   0.54   0.50   0.24   0.96   0.25   0.84   0.14   0.59   0.94   0.94   0.67   0.86   0.58   0.93   0.43   0.85   0.15   0.65   0.60   0.23   0.48   0.44   0.43   0.67   0.59   0.97   0.91   0.73 
  0.37   0.44   0.49   0.93   0.86   0.71   0.11   0.64   0.30   0.11   0.40   0.38   0.27   0.64   0.63   0.20   0.87   0.35   0.95   0.95   0.40   0.91   0.71   0.34   0.36   0.95   0.49   0.73   0.45   0.83   0.72   0.51   0.92   0.95   0.63   0.32   0.18   0.98   0.84   0.45   0.83   0.57   0.27   0.41   0.64   0.38   0.93   0.56   0.32 
  0.14   0.73   0.26   0.71   0.13   0.68   0.24   0.27   0.80   0.74   0.95   0.91   0.87   0.28   0.77   0.82   0.82   0.75   0.37   0.94   0.82   0.34   0.60   0.70   0.78   0.18   0.69   0.40   0.34   0.81   0.92   0.47   0.76   0.53   0.16   0.79   0.98   0.30   0.40   0.27   0.74   0.39   0.56   0.18   0.14   0.90   0.81   0.65   0.17 
  0.56   0.40   0.20   0.80   0.31   0.43   0.30   0.33   0.87   0.60   0.31   0.55   0.17   0.43   0.78   0.35   0.25   0.86   0.37   0.39   0.62   0.41   0.84   0.30   0.72   0.27   0.52   0.14   0.31   0.51   0.90   0.94   0.43   0.92   0.67   0.93   0.23   0.51   0.61   0.65   0.42   0.20   0.97   0.96   0.55   0.50   0.96   0.32   0.51 
  0.49   0.78   0.49   0.90   0.21   0.71   0.80   0.82   0.21   0.11   0.35   0.48   0.35   0.82   0.92   0.68   0.90   0.68   0.74   0.62   0.28   0.63   0.70   0.80   0.62   0.42   0.18   0.82   0.39   0.53   0.35   0.81   0.33   0.74   0.12   0.52   0.92   0.61   0.21   0.60   0.96   0.94   0.18   0.56   0.88   0.62   0.69   0.55   0.41 
  0.44   0.27   0.20   0.55   0.65   0.26   0.85   0.56   0.81   0.80   0.92   0.32   0.58   0.63   0.70   0.20   0.59   0.20   0.12   0.12   0.68   0.87   0.80   0.47   0.57   0.65   0.67   0.88   0.75   0.80   0.73   0.43   0.46   0.46   0.54   0.20   0.28   0.40   0.32   0.67   0.15   0.86   0.63   0.13   0.34   0.64   0.55   0.77   0.77 
  0.19   0.94   0.38   0.79   0.23   0.67   0.50   0.90   0.97   0.90   0.10   0.38   0.36   0.38   0.35   0.75   0.33   0.88   0.19   0.61   0.60   0.32   0.57   0.65   0.86   0.86   0.36   0.65   0.85   0.52   0.66   0.76   0.68   0.85   0.92   0.90   0.21   0.32   0.33   0.22   0.45   0.47   0.49   0.26   0.86   0.62   0.60   0.45   0.91 
  0.54   0.66   0.59   0.20   0.68   0.45   0.68   0.48   0.51   0.25   0.93   0.52   0.29   0.32   0.70   0.84   0.94   0.36   0.65   0.92   0.49   0.52   0.60   0.80   0.61   0.41   0.24   0.50   0.11   0.80   0.49   0.15   0.34   0.73   0.69   0.86   0.31   0.57   0.83   0.94   0.78   0.95   0.32   0.38   0.54   0.38   0.66   0.26   0.15 
  0.87   0.30   0.28   0.75   0.15   0.77   0.95   0.80   0.42   0.63   0.42   0.66   0.55   0.96   0.70   0.76   0.69   0.17   0.94   0.50   0.17   0.59   0.58   0.34   0.81   0.26   0.72   0.24   0.32   0.19   0.31   0.50   0.38   0.47   0.90   0.88   0.65   0.81   0.35   0.66   0.90   0.12   0.10   0.80   0.93   0.59   0.82   0.49   0.68 
  0.28   0.37   0.79   0.69   0.23   0.17   0.68   0.42   0.82   0.94   0.82   0.90   0.48   0.75   0.50   0.80   0.75   0.80   0.93   0.79   0.94   0.20   0.11   0.75   0.90   0.13   0.48   0.11   0.55   0.81   0.16   0.92   0.32   0.34   0.27   0.50   0.70   0.49   0.97   0.65   0.73   0.98   0.66   0.43   0.54   0.39   0.60   0.49   0.66 
  0.33   0.99   0.84   0.88   0.51   0.63   0.45   0.42   0.76   0.96   0.65   0.34   0.29   0.35   0.17   0.39   0.68   0.44   0.18   0.40   0.44   0.72   0.68   0.96   0.48   0.88   0.49   0.57   0.99   0.34   0.90   0.89   0.74   0.75   0.49   0.11   0.71   0.59   0.15   0.54   0.38   0.56   0.21   0.33   0.79   0.81   0.35   0.44   0.39 
  0.24   0.29   0.78   0.88   0.71   0.32   0.39   0.32   0.88   0.44   0.14   0.19   0.31   0.71   0.37   0.74   0.77   0.71   0.97   0.22   0.69   0.78   0.25   0.44   0.35   0.79   0.47   0.73   0.30   0.43   0.79   0.46   0.54   0.97   0.38   0.60   0.41   0.61   0.77   0.26   0.98   0.28   0.15   0.82   0.35   0.78   0.22   0.89   0.67 
  0.41   0.66   0.63   0.12   0.92   0.17   0.65   0.14   0.60   0.45   0.69   0.40   0.12   0.50   0.39   0.25   0.63   0.88   0.87   0.96   0.96   0.92   0.75   0.95   0.76   0.90   0.31   0.10   0.85   0.96   0.72   0.97   0.77   0.13   0.60   0.12   0.77   0.41   0.89   0.10   0.45   0.26   0.94   0.51   0.36   0.59   0.35   0.89   0.74 
  0.60   0.13   0.63   0.26   0.91   0.65   0.37   0.22   0.26   0.97   0.33   0.59   0.29   0.95   0.34   0.54   0.68   0.20   0.91   0.86   0.71   0.16   0.30   0.52   0.91   0.60   0.73   0.55   0.40   0.96   0.91   0.86   0.77   0.76   0.81   0.37   0.53   0.73   0.82   0.84   0.86   0.75   0.51   0.27   0.86   0.64   0.22   0.74   0.49 
  0.38   0.67   0.86   0.66   0.95   0.32   0.55   0.28   0.43   0.27   0.50   0.66   0.97   0.55   0.44   0.28   0.93   0.32   0.62   0.25   0.41   0.21   0.88   0.87   0.52   0.43   0.70   0.96   0.13   0.70   0.17   0.17   0.68   0.85   0.96   0.25   0.89   0.12   0.75   0.79   0.90   0.72   0.63   0.11   0.60   0.57   0.25   0.49   0.32 
  0.39   0.82   0.12   0.27   0.65   0.55   0.97   0.34   0.22   0.79   0.45   0.29   0.47   0.94   0.40   0.29   0.16   0.62   0.54   0.63   0.83   0.76   0.75   0.80   0.70   0.42   0.96   0.57   0.43   0.37   0.65   0.20   0.27   0.25   0.84   0.87   0.34   0.83   0.12   0.35   0.63   0.82   0.29   0.57   0.63   0.66   0.86   0.36   0.52 
  0.10   0.95   0.72   0.81   0.92   0.75   0.13   0.18   0.93   0.92   0.55   0.69   0.10   0.65   0.52   0.13   0.53   0.24   0.12   0.48   0.85   0.80   0.35   0.71   0.36   0.25   0.27   0.70   0.77   0.58   0.60   0.16   0.70   0.25   0.73   0.41   0.77   0.22   0.78   0.91   0.58   0.80   0.74   0.58   0.49   0.29   0.50   0.17   0.13 
  0.67   0.94   0.18   0.65   0.88   0.26   0.47   0.38   0.19   0.92   0.21   0.46   0.72   0.14   0.87   0.80   0.66   0.41   0.13   0.97   0.89   0.26   0.67   0.38   0.12   0.24   0.14   0.39   0.46   0.85   0.55   0.21   0.31   0.58   0.16   0.83   0.52   0.70   0.92   0.39   0.69   0.58   0.34   0.98   0.22   0.21   0.43   0.71   0.42 
  0.37   0.90   0.92   0.43   0.20   0.37   0.52   0.45   0.54   0.49   0.14   0.20   0.36   0.70   0.57   0.12   0.60   0.14   0.22   0.99   0.82   0.92   0.17   0.45   0.20   0.13   0.60   0.95   0.61   0.16   0.51   0.49   0.11   0.66   0.16   0.35   0.55   0.55   0.75   0.85   0.67   0.48   0.76   0.69   0.97   0.95   0.78   0.27   0.59 
  0.80   0.47   0.91   0.30   0.22   0.95   0.33   0.73   0.52   0.44   0.48   0.57   0.38   0.98   0.85   0.54   0.79   0.45   0.26   0.40   0.26   0.59   0.54   0.39   0.50   0.17   0.57   0.70   0.62   0.85   0.80   0.85   0.94   0.58   0.62   0.23   0.65   0.47   0.49   0.89   0.45   0.26   0.58   0.91   0.62   0.56   0.67   0.19   0.58 
  0.51   0.68   0.42   0.34   0.84   0.92   0.31   0.68   0.31   0.20   0.26   0.53   0.96   0.85   0.15   0.32   0.40   0.59   0.96   0.45   0.81   0.52   0.37   0.92   0.88   0.65   0.81   0.16   0.31   0.40   0.87   0.57   0.41   0.51   0.87   0.47   0.70   0.39   0.32   0.94   0.69   0.41   0.74   0.44   0.71   0.38   0.98   0.22   0.89 
  0.70   0.37   0.49   0.88   0.23   0.91   0.76   0.83   0.26   0.75   0.83   0.48   0.71   0.67   0.12   0.85   0.49   0.67   0.73   0.96   0.82   0.17   0.87   0.61   0.56   0.80   0.65   0.88   0.45   0.34   0.75   0.21   0.82   0.34   0.71   0.18   0.83   0.30   0.28   0.42   0.23   0.41   0.80   0.12   0.11   0.56   0.19   0.41   0.70 
  0.26   0.24   0.89   0.50   0.19   0.81   0.59   0.17   0.33   0.17   0.16   0.83   0.70   0.18   0.95   0.99   0.97   0.17   0.90   0.60   0.41   0.22   0.88   0.57   0.16   0.58   0.86   0.37   0.36   0.53   0.20   0.47   0.35   0.78   0.31   0.92   0.69   0.35   0.73   0.70   0.67   0.82   0.79   0.26   0.62   0.35   0.66   0.94   0.44 
  0.70   0.73   0.24   0.76   0.95   0.12   0.21   0.22   0.15   0.69   0.44   0.89   0.92   0.45   0.76   0.88   0.45   0.66   0.40   0.18   0.97   0.19   0.44   0.88   0.24   0.90   0.49   0.45   0.39   0.47   0.58   0.46   0.22   0.85   0.70   0.39   0.10   0.50   0.12   0.94   0.77   0.43   0.77   0.25   0.28   0.78   0.97   0.39   0.77 
  0.55   0.15   0.95   0.81   0.27   0.46   0.24   0.15   0.53   0.47   0.58   0.12   0.48   0.33   0.77   0.24   0.91   0.98   0.56   0.87   0.56   0.67   0.24   0.40   0.22   0.91   0.93   0.58   0.92   0.51   0.71   0.37   0.63   0.44   0.50   0.18   0.98   0.23   0.57   0.11   0.92   0.74   0.79   0.49   0.76   0.23   0.86   0.88   0.81 
  0.71   0.70   0.53   0.48   0.83   0.24   0.68   0.43   0.91   0.47   0.38   0.32   0.53   0.11   0.88   0.84   0.21   0.97   0.46   0.51   0.49   0.48   0.36   0.67   0.95   0.28   0.38   0.39   0.23   0.50   0.36   0.63   0.81   0.21   0.29   0.31   0.84   0.65   0.19   0.30   0.59   0.78   0.31   0.17   0.62   0.94   0.61   0.19   0.14 
  0.90   0.35   0.98   0.46   0.57   0.45   0.89   0.33   0.71   0.59   0.42   0.68   0.65   0.30   0.48   0.17   0.53   0.41   0.43   0.32   0.23   0.88   0.93   0.72   0.34   0.77   0.89   0.77   0.86   0.17   0.55   0.56   0.85   0.58   0.78   0.88   0.32   0.25   0.76   0.94   0.47   0.99   0.17   0.79   0.26   0.87   0.57   0.55   0.54 
  0.52   0.53   0.17   0.33   0.11   0.84   0.27   0.27   0.65   0.71   0.58   0.98   0.43   0.93   0.16   0.79   0.31   0.19   0.97   0.26   0.96   0.68   0.84   0.38   0.32   0.25   0.93   0.33   0.22   0.50   0.65   0.76   0.33   0.47   0.87   0.16   0.12   0.41   0.94   0.30   0.96   0.78   0.59   0.45   0.81   0.53   0.67   0.38   0.84 
  0.73   0.36   0.90   0.98   0.14   0.72   0.40   0.89   0.97   0.95   0.42   0.31   0.25   0.48   0.39   0.68   0.23   0.65   0.38   0.54   0.16   0.23   0.30   0.38   0.20   0.58   0.31   0.33   0.80   0.78   0.17   0.30   0.25   0.86   0.62   0.28   0.45   0.90   0.88   0.89   0.12   0.13   0.52   0.53   0.61   0.63   0.80   0.22   0.23 
---
G_diag: 49 49
  7.02   9.27   8.72   7.79   7.43   7.52   2.81   3.58   5.29   4.87   4.24   3.14   6.19   7.69   7.54   7.83   4.45   2.82   2.55   8.58   9.13   2.41   4.12   2.35   6.03   6.51   7.16   6.66   3.70   3.14   3.57   2.10   8.74   5.28   2.69   3.44   7.78   6.10   8.79   3.21   8.09   6.98   6.37   9.52   2.34   2.35   8.07   9.50   4.91 
  5.65   2.26   3.08   9.75   6.24   3.93   8.84   9.85   6.25   8.36   8.84   8.28   4.82   8.63   9.15   7.37   8.19   9.60   3.42   3.92   6.10   4.46   3.54   3.05   3.55   6.81   8.33   6.87   7.41   4.82   7.54   4.18   5.77   5.90   5.72   4.76   2.85   5.05   3.81   6.02   6.98   9.76   3.67   2.98   3.37   8.85   7.43   4.85   6.63 
  2.67   7.46   6.79   5.52   3.09   8.11   7.69   3.14   6.76   2.78   5.40   6.97   8.18   9.36   2.55   3.30   6.41   2.35   8.98   7.26   8.79   9.08   4.31   8.32   5.01   9.45   3.63   9.35   2.94   2.90   7.02   6.78   5.05   3.52   3.59   5.18   8.88   7.45   6.92   3.79   6.29   9.47   3.34   9.43   8.51   8.81   3.29   2.45   2.25 
  5.37   3.80   8.55   7.89   7.38   6.04   3.14   7.51   6.77   4.46   2.95   8.15   5.41   3.39   5.12   2.33   9.33   5.06   8.38   6.62   3.24   8.87   2.94   9.59   7.16   3.67   3.54   7.11   2.51   9.05   3.41   6.89   3.51   7.03   5.47   9.71   7.17   8.96   7.94   3.31   4.77   5.28   7.20   3.24   8.97   6.47   6.71   5.92   5.29 
  5.72   4.73   6.94   5.00   3.84   7.63   6.57   9.39   7.73   5.99   9.75   7.49   7.91   8.51   9.28   3.55   9.24   5.91   4.30   7.38   7.30   7.69   7.80   4.09   5.24   7.60   2.69   7.75   7.16   6.10   8.90   8.77   8.11   3.21   5.57   5.05   7.22   4.51   5.37   6.29   8.38   5.68   3.71   5.97   5.57   2.37   4.11   4.80   7.04 
  2.93   3.47   2.31   3.88   8.53   3.90   6.60   2.57   2.74   2.81   3.17   8.26   4.66   9.13   8.16   6.25   6.76   9.33   3.29   3.49   6.66   3.53   9.57   6.38   9.73   2.64   6.81   7.63   4.73   4.29   2.57   4.04   5.19   2.20   7.09   6.74   7.00   4.93   2.49   5.30   4.33   4.56   6.96   3.83   3.43   7.28   4.38   8.86   5.94 
  3.54   8.26   2.96   4.88   6.61   5.49   4.72   4.69   6.09   7.75   5.44   7.47   7.49   3.79   6.24   5.70   8.84   9.74   5.64   8.59   3.54   4.01   5.22   3.86   4.85   6.28   7.00   3.00   8.77   9.06   2.73   7.86   3.83   2.19   5.08   5.30   5.43   5.94   2.40   7.24   2.82   6.51   3.19   2.21   7.98   2.23   4.06   7.21   5.57 
  8.78   5.87   3.52   9.75   3.08   4.43   8.67   3.36   3.94   9.63   9.31   4.54   3.27   6.46   7.89   5.07   9.86   6.89   5.07   8.03   9.63   3.67   2.34   6.11   4.75   8.52   9.07   3.77   6.80   9.12   3.83   2.13   4.31   3.11   9.59   4.10   2.20   9.18   6.51   5.82   9.26   5.82   2.11   9.13   5.23   3.03   7.85   9.36   9.82 
  9.76   6.22   7.39   3.59   7.64   6.17   2.78   5.09   9.55   3.29   2.97   7.49   5.76   2.55   2.44   7.83   4.94   8.48   7.42   3.35   5.96   7.32   3.37   2.74   5.04   6.82   2.66   6.24   3.95   7.62   7.91   4.05   7.11   2.80   2.76   8.58   7.39   9.03   6.58   8.14   2.62   2.45   9.00   8.28   3.87   9.00   8.99   7.97   7.61 
  5.65   7.76   9.78   5.10   7.58   3.81   6.42   5.26   8.21   9.15   3.67   3.85   6.31   8.22   5.77   5.30   2.47   6.94   4.49   8.76   4.38   8.13   4.55   7.03   8.48   3.18   4.57   4.06   3.54   3.42   6.53   4.35   2.85   7.07   5.57   4.75   7.37   2.40   3.96   4.30   3.28   5.44   8.04   4.36   6.47   2.55   2.82   5.20   4.59 
  6.18   6.43   3.44   7.94   7.16   4.38   9.27   2.30   5.90   3.02   9.11   5.12   6.87   2.54   4.64   6.50   2.53   3.05   2.20   5.80   2.23   3.10   5.37   6.94   7.71   5.93   4.84   8.92   2.54   8.61   6.43   5.26   3.77   6.98   4.18   6.44   7.68   8.91   2.64   9.68   2.82   8.84   5.58   8.69   4.33   5.58   7.16   5.80   8.97 
  7.81   9.30   8.74   5.74   8.94   7.34   8.08   4.27   7.16   9.62   4.72   7.95   5.76   4.91   9.47   3.55   2.51   5.34   9.67   6.64   4.22   3.82   8.89   8.41   2.87   4.00   5.70   2.40   8.61   2.47   5.86   3.65   6.93   6.14   4.47   9.62   3.69   2.83   2.74   6.42   3.71   8.95   2.73   8.76   4.15   9.14   7.76   8.19   8.67 
  2.55   4.22   4.82   7.06   7.63   7.86   4.24   8.05   9.64   7.12   5.86   7.19   7.18   9.67   6.07   8.34   5.28   7.66   9.13   5.76   7.91   7.47   5.37   8.30   6.71   9.75   6.06   5.14   7.14   8.57   7.88   7.34   5.93   3.35   5.38   5.84   5.37   2.43   3.61   6.28   6.10   5.59   9.01   4.89   9.29   9.82   9.36   3.83   4.85 
  7.62   9.29   3.26   6.51   4.69   3.66   5.17   7.28   7.66   9.82   6.15   3.41   3.02   9.09   4.08   8.68   3.35   7.16   3.82   9.56   2.17   4.47   3.25   3.60   5.36   8.31   5.38   2.43   6.73   9.05   9.67   2.75   7.21   7.31   9.37   6.35   8.79   9.56   6.50   4.98   8.23   4.01   5.99   4.55   9.66   7.78   2.28   7.58   4.02 
  5.85   2.50   8.52   2.21   9.10   3.47   3.23   8.10   4.67   7.72   2.42   5.61   3.64   8.17   5.90   8.15   3.71   4.71   5.87   4.80   3.70   5.87   8.76   9.29   3.74   9.88   4.46   7.47   5.69   6.59   8.95   6.49   8.96   5.13   6.30   9.61   4.15   2.55   2.76   5.09   5.44   6.01   3.47   6.45   7.95   9.60   9.54   6.48   4.48 
  8.90   7.10   5.66   6.99   3.45   2.99   8.07   8.72   8.59   8.41   5.30   4.13   4.53   4.84   4.99   2.28   8.18   7.78   6.11   6.13   3.64   7.91   5.62   8.31   2.49   7.83   2.37   7.25   8.46   4.34   7.96   7.31   7.73   9.55   5.47   2.21   6.49   6.60   2.85   7.72   2.50   2.31   6.77   2.83   4.91   7.44   2.37   6.15   7.83 
  6.73   3.32   3.42   4.82   6.40   2.36   3.36   6.56   7.43   5.25   6.34   6.30   6.64   3.77   2.23   3.99   9.04   2.82   6.32   6.61   6.18   6.88   3.88   5.93   6.39   7.77   6.05   5.03   9.77   3.80   6.76   7.83   8.39   8.69   6.21   5.08   3.91   8.58   3.13   7.86   8.49   5.12   6.38   7.60   6.79   4.20   9.59   8.31   8.85 
  7.64   3.09   5.79   7.70   8.58   3.54   8.10   4.17   9.73   4.72   5.91   3.65   6.23   8.34   7.47   8.58   2.76   9.51   2.49   4.79   8.46   7.12   6.59   7.22   2.85   8.31   6.57   7.41   3.16   9.05   4.91   3.63   8.13   2.48   3.55   4.99   8.41   3.67   5.33   5.79   9.57   5.19   9.57   8.32   5.85   4.26   9.49   2.60   5.62 
  4.03   9.85   3.93   6.59   4.05   6.99   9.57   9.17   9.51   6.80   9.00   7.53   2.44   6.44   3.69   6.06   7.90   6.90   9.17   8.08   6.73   7.73   8.83   5.08   3.60   8.12   4.46   4.58   3.40   7.33   3.79   4.08   5.13   4.92   5.98   6.59   7.84   8.57   5.73   4.36   3.95   6.25   9.53   8.26   4.56   9.50   3.96   5.59   8.25 
  6.37   4.12   3.88   6.53   9.63   7.94   9.66   3.78   9.01   3.38   6.82   8.49   7.88   7.47   9.83   8.42   6.63   9.48   3.28   7.79   2.65   9.58   9.02   4.82   8.98   5.82   5.68   6.82   3.50   8.74   3.87   3.28   9.64   2.29   7.75   9.56   9.44   8.26   9.84   2.47   4.54   8.73   7.99   6.02   7.16   3.59   4.98   5.30   2.13 
  8.20   7.04   7.26   6.42   6.43   4.24   7.58   3.05   4.66   3.41   6.72   9.56   3.46   8.55   3.10   7.84   5.48   4.09   2.68   2.64   7.33   2.65   8.99   4.36   8.68   4.87   2.37   9.02   6.25   3.85   7.62   9.86   3.36   8.87   9.40   7.06   7.33   7.70   4.85   5.34   6.46   8.07   4.24   3.97   2.73   3.65   4.75   8.82   8.34 
  5.12   6.31   5.57   4.82   6.55   7.29   8.09   8.26   7.68   8.29   4.04   3.18   4.20   9.47   5.86   9.47   6.70   3.11   5.21   9.52   9.41   3.15   7.43   7.65   3.15   5.15   7.91   6.87   2.14   8.31   3.16   7.80   9.59   3.69   8.13   8.40   6.08   5.78   3.75   3.91   4.08   3.50   4.45   8.62   8.05   3.35   7.97   3.95   6.91 
  7.47   2.38   5.37   7.16   7.85   8.67   2.90   7.44   4.44   2.56   2.33   5.90   2.71   6.66   2.74   3.00   9.02   8.23   4.57   4.93   3.12   6.22   8.94   3.63   5.53   6.32   2.38   3.26   4.88   5.02   5.42   9.68   3.35   5.13   3.52   2.99   5.14   5.40   9.84   6.80   4.35   2.32   3.13   9.38   9.01   8.81   5.97   2.60   5.72 
  3.17   2.53   3.71   5.53   4.28   5.97   8.45   5.94   6.66   9.34   8.96   5.52   5.97   3.92   9.47   5.81   8.96   3.31   5.81   7.74   9.67   9.37   3.53   7.23   9.17   5.51   3.48   6.56   2.60   2.85   8.57   4.45   8.08   4.47   4.52   3.24   2.15   9.62   3.39   2.25   3.92   9.49   8.20   3.97   8.72   3.61   5.39   3.86   9.69 
  5.42   7.15   9.27   4.15   7.48   9.58   5.56   3.21   9.02   2.44   9.35   7.32   8.18   5.73   4.89   2.37   4.49   7.73   3.91   5.02   8.94   3.95   2.40   2.14   3.65   4.92   6.63   4.55   5.96   9.54   8.57   3.84   9.28   5.44   3.15   4.34   2.29   3.51   6.03   3.17   9.55   8.46   9.53   2.96   3.59   2.83   7.57   7.86   8.09 
  8.45   9.63   8.67   4.05   8.18   5.91   9.38   7.28   8.71   5.35   7.93   6.55   3.49   4.83   8.88   6.83   3.49   8.57   8.08   9.56   6.16   2.96   4.80   8.18   9.52   2.47   3.29   6.94   5.10   5.86   7.18   9.74   7.63   6.70   5.47   7.57   5.74   8.03   9.16   6.14   5.30   7.54   9.72   3.71   2.78   3.96   7.91   3.87   4.78 
  9.61   3.15   7.45   5.95   8.53   8.13   5.02   4.16   9.19   4.32   9.29   3.69   2.35   6.16   6.68   4.20   3.82   5.37   8.85   9.60   5.39   4.61   9.14   5.97   6.28   3.41   7.53   6.03   4.92   8.37   7.66   8.63   3.00   7.25   5.19   5.27   7.75   2.67   6.97   6.28   8.16   7.19   9.27   8.02   6.08   5.57   2.69   3.36   6.23 
  2.96   9.47   8.95   7.10   3.56   5.15   2.17   6.75   3.51   5.05   6.01   7.59   4.44   8.60   3.11   6.25   2.82   8.99   9.44   5.57   4.04   3.93   5.77   6.03   9.21   7.89   3.11   7.05   5.53   8.28   8.26   8.89   5.60   6.33   6.14   8.79   5.36   6.20   2.49   4.40   3.99   7.84   9.76   6.85   4.73   2.39   7.24   8.98   8.26 
  6.55   8.98   9.01   2.80   5.96   2.60   5.99   3.02   5.27   5.91   8.41   3.72   5.30   4.33   6.60   3.48   2.43   8.29   8.34   8.73   8.37   7.69   9.52   8.81   5.86   9.87   6.32   6.09   4.04   5.22   2.90   2.92   8.69   3.87   7.73   3.13   6.81   8.13   3.67   7.90   9.34   8.46   8.26   2.72   5.12   6.30   2.92   7.30   3.07 
  3.44   7.53   9.73   7.14   8.44   3.81   7.64   6.44   4.27   3.13   2.25   7.62   3.49   8.15   3.44   3.02   6.76   5.44   5.54   3.13   4.72   8.42   3.13   4.68   9.54   6.17   8.39   7.44   6.78   9.35   2.86   3.04   8.46   9.25   3.71   3.42   3.17   5.12   4.17   7.30   6.12   2.46   9.06   2.49   8.17   3.07   6.29   6.27   7.43 
  4.87   4.55   9.25   6.47   8.92   7.65   7.14   8.63   4.08   5.43   5.97   5.78   6.89   9.86   8.09   4.94   7.71   4.09   9.88   7.19   6.54   9.37   9.53   3.20   7.81   7.32   3.04   5.10   5.71   8.63   9.63   4.41   2.65   9.68   8.79   4.79   7.47   8.16   6.27   6.68   2.69   7.22   4.97   6.08   7.15   8.41   6.02   8.18   9.50 
  2.17   6.03   3.50   5.02   3.99   7.36   5.98   3.07   7.14   7.34   5.76   3.98   7.81   9.36   7.72   6.95   2.37   6.85   9.30   5.79   7.36   9.49   2.14   4.69   8.65   2.69   8.20   8.41   4.92   7.12   8.73   8.80   9.35   5.73   9.04   6.58   7.71   5.69   2.69   3.10   9.20   7.23   7.97   3.24   2.60   7.57   6.00   3.99   6.24 
  7.81   8.08   6.08   9.04   5.96   7.87   2.99   4.57   3.85   4.57   7.11   6.35   3.24   7.85   9.75   6.97   4.62   6.15   9.15   8.17   6.22   8.92   7.87   5.89   5.59   9.21   3.76   6.72   2.63   3.83   7.10   9.07   8.81   5.37   8.12   5.67   8.46   3.62   9.41   3.88   3.77   2.13   2.33   6.14   2.78   9.11   9.53   8.60   5.48 
  7.22   6.19   5.51   9.82   7.55   2.21   4.56   6.40   5.22   2.46   4.06   4.32   8.34   7.37   5.02   9.61   5.41   6.24   8.82   6.05   9.03   6.26   5.06   9.41   4.70   5.12   2.42   3.53   6.78   6.33   2.70   2.84   6.16   9.52   5.79   9.32   6.36   8.79   5.50   8.45   8.80   2.59   8.00   7.00   5.36   8.79   5.15   9.67   6.44 
  7.21   4.34   5.06   3.30   6.34   4.98   3.86   8.60   3.20   8.86   2.25   4.87   3.66   2.59   6.12   9.07   8.14   8.60   8.27   7.70   5.05   7.95   3.86   5.15   7.19   5.24   2.41   5.51   9.11   4.53   9.36   5.27   7.31   8.07   8.03   4.44   5.26   6.41   9.25   9.61   3.49   4.94   5.67   5.39   3.07   9.43   5.33   5.89   7.87 
  5.15   3.10   6.72   4.70   7.07   9.19   8.87   8.73   7.13   4.29   3.44   3.17   9.72   5.99   2.76   9.85   7.70   4.46   2.12   2.20   6.96   9.73   4.39   8.49   2.21   6.36   6.61   2.62   2.17   4.45   4.21   6.18   8.60   3.00   7.98   8.69   9.79   7.19   8.80   6.05   5.42   3.83   2.34   3.40   2.24   6.49   3.71   9.14   4.18 
  8.77   7.70   8.55   4.57   9.09   3.79   4.46   6.71   5.42   9.83   9.77   7.54   5.12   8.29   3.89   8.11   4.12   4.43   8.87   8.23   2.59   7.43   8.39   4.54   7.48   4.21   9.27   2.47   2.13   7.45   5.22   5.73   4.39   8.43   2.88   3.40   2.48   7.07   8.73   8.57   9.76   3.76   9.28   6.36   3.28   5.52   8.35   2.74   9.61 
  8.24   4.03   4.52   2.55   9.72   2.50   8.80   7.88   7.05   4.75   3.84   6.48   3.36   7.51   9.63   3.25   5.97   7.23   2.23   6.71   8.51   3.93   5.21   3.34   5.78   8.47   4.01   6.33   2.93   6.77   4.07   6.99   3.04   5.19   7.28   5.97   5.08   4.08   2.93   4.71   3.30   5.93   6.53   2.29   8.04   8.89   5.26   5.22   8.28 
  4.22   4.51   4.65   6.99   7.66   9.02   9.11   7.10   4.67   8.77   9.75   6.51   5.77   3.15   2.44   4.05   4.38   4.23   3.21   5.37   7.13   9.35   4.34   5.14   4.36   4.21   5.49   4.62   7.41   9.39   4.40   2.31   9.28   5.20   6.14   2.97   4.46   4.76   5.33   4.30   4.85   4.25   8.40   9.12   3.90   4.66   3.68   9.39   2.92 
  9.29   8.58   2.97   8.94   5.21   8.12   7.52   5.81   4.81   7.15   5.76   6.57   6.05   5.36   2.50   5.29   8.79   4.96   3.10   7.56   3.93   8.69   8.33   4.50   4.10   5.36   7.19   6.52   7.46   7.81   2.71   3.20   5.54   2.77   2.37   5.86   3.91   4.56   8.23   4.85   3.56   3.15   5.02   9.54   2.91   4.63   5.67   9.33   5.17 
  9.40   2.36   4.58   2.87   4.51   6.00   2.55   5.05   4.68   6.91   5.62   8.11   3.94   7.30   2.17   5.75   3.06   6.11   6.19   2.91   6.51   3.45   4.74   6.41   9.42   6.35   9.58   2.41   3.07   5.39   3.97   2.23   3.29   3.43   6.49   4.58   9.05   4.31   9.00   4.47   5.42   5.89   2.44   7.28   5.86   9.00   9.41   4.09   2.96 
  2.56   6.39   8.66   6.87   6.21   7.87   4.58   5.73   4.95   2.17   6.55   9.07   7.20   9.57   5.72   2.19   3.01   5.05   2.29   6.91   5.81   4.55   3.99   9.80   3.22   6.54   7.35   6.30   2.67   5.31   3.66   8.91   3.88   5.98   9.60   3.60   7.76   3.27   3.90   4.87   2.98   8.70   6.27   7.50   8.61   6.30   6.54   2.70   9.55 
  6.41   6.76   2.48   8.76   7.20   9.15   4.11   6.16   2.38   8.30   7.35   4.90   8.01   3.62   8.88   2.65   8.31   2.73   8.79   9.57   6.80   8.66   8.15   6.73   2.56   3.67   2.32   2.88   6.12   9.34   8.91   6.04   3.16   6.89   9.22   6.86   4.22   6.52   2.75   6.84   4.10   9.54   9.64   9.29   4.65   9.63   3.53   4.31   5.76 
  8.80   3.52   5.85   4.60   3.67   7.28   4.93   5.48   8.15   5.43   5.11   5.69   7.22   4.83   8.15   6.72   9.01   4.33   9.08   2.34   9.72   6.17   5.54   5.54   6.65   3.97   7.75   8.65   4.34   4.79   5.50   4.78   7.45   5.84   4.72   3.39   5.56   6.39   8.32   7.31   9.66   4.53   9.73   3.84   9.05   4.35   5.28   8.83   6.02 
  9.83   5.21   9.56   3.76   8.87   3.55   4.61   8.84   7.48   7.33   4.08   2.77   8.65   4.59   3.63   8.55   7.99   8.11   2.51   5.12   7.20   3.18   5.02   2.91   9.83   4.10   6.73   7.08   7.98   2.59   6.62   5.20   6.33   7.66   3.75   5.99   3.12   5.78   9.80   7.47   6.22   2.41   2.25   3.28   2.17   5.84   6.35   3.84   3.24 
  4.41   4.26   9.46   8.43   3.57   3.84   5.75   4.59   4.02   9.75   3.15   5.05   4.65   5.74   6.28   6.72   3.99   9.32   5.55   4.23   7.60   9.45   7.18   4.99   9.40   3.40   6.12   6.70   3.71   4.97   2.88   2.92   7.99   3.96   3.56   9.33   4.16   2.50   9.23   8.56   6.45   9.22   3.90   9.18   3.33   2.14   6.08   7.88   3.45 
  6.28   8.86   8.34   4.38   5.07   5.83   4.47   9.38   9.31   7.73   3.69   6.98   2.53   3.12   6.54   8.25   2.42   8.78   5.78   4.56   6.59   4.66   7.14   9.12   3.79   8.74   8.94   9.35   3.22   9.32   4.16   6.64   7.89   8.94   6.82   9.52   8.73   3.53   9.48   7.08   6.65   4.36   9.44   7.78   4.89   7.54   7.13   5.74   8.74 
  6.92   4.92   8.71   5.58   8.90   8.66   3.01   2.96   5.46   6.21   2.55   3.78   6.22   4.89   7.53   4.92   4.81   4.31   3.05   8.72   6.11   6.80   4.61   6.81   7.59   5.24   7.99   5.25   6.45   8.86   5.39   8.77   3.43   5.28   8.38   6.40   3.33   4.43   5.48   9.25   3.25   6.98   3.68   7.32   6.61   8.62   3.93   3.00   3.96 
  9.30   4.82   3.64   8.30   8.80   5.88   7.55   5.06   6.66   4.72   5.73   7.55   2.77   4.83   5.27   4.79   7.22   3.25   9.88   5.39   9.35   4.19   4.81   6.55   7.95   5.39   6.04   8.74   6.77   2.99   5.28   4.42   8.53   4.20   8.13   9.72   5.69   5.24   3.10   2.46   8.84   7.64   7.25   4.85   4.37   8.41   7.38   2.70   3.13 
---
