G_down: 49 50
  0.26   0.22   0.56   0.10   0.16   0.80   0.98   0.75   0.39   0.91   0.32   0.43   0.71   0.20   0.96   0.35   0.77   0.12   0.66   0.96   0.71   0.56   0.18   0.36   0.59   0.82   0.84   0.78   0.53   0.52   0.31   0.31   0.69   0.57   0.55   0.51   0.80   0.78   0.55   0.24   0.94   0.85   0.78   0.54   0.27   0.50   0.77   0.51   0.32   0.90 
  0.35   0.78   0.54   0.12   0.14   0.85   0.34   0.73   0.39   0.68   0.58   0.74   0.60   0.52   0.50   0.96   0.15   0.25   0.22   0.22   0.64   0.24   0.29   0.24   0.27   0.47   0.50   0.85   0.97   0.86   0.95   0.24   0.86   0.82   0.22   0.40   0.77   0.65   0.31   0.73   0.82   0.14   0.22   0.38   0.71   0.87   0.39   0.43   0.50   0.73 
  0.36   0.20   0.95   0.86   0.29   0.77   0.91   0.65   0.18   0.54   0.19   0.97   0.58   0.50   0.24   0.18   0.82   0.21   0.23   0.94   0.27   0.40   0.91   0.54   0.67   0.35   0.53   0.37   0.32   0.19   0.43   0.14   0.42   0.60   0.66   0.58   0.65   0.29   0.32   0.81   0.81   0.73   0.11   0.25   0.54   0.18   0.50   0.21   0.75   0.27 
  0.92   0.76   0.41   0.24   0.42   0.51   0.67   0.95   0.11   0.53   0.29   0.36   0.81   0.45   0.95   0.32   0.18   0.62   0.42   0.53   0.60   0.52   0.17   0.38   0.57   0.50   0.62   0.46   0.77   0.88   0.71   0.82   0.61   0.77   0.34   0.81   0.91   0.70   0.36   0.15   0.83   0.84   0.93   0.39   0.18   0.19   0.15   0.30   0.46   0.62 
  0.16   0.59   0.80   0.50   0.61   0.26   0.78   0.36   0.36   0.23   0.80   0.60   0.45   0.27   0.80   0.32   0.98   0.38   0.41   0.24   0.17   0.64   0.28   0.38   0.55   0.44   0.26   0.98   0.74   0.95   0.81   0.34   0.49   0.67   0.41   0.97   0.51   0.92   0.94   0.78   0.83   0.84   0.60   0.83   0.37   0.36   0.51   0.55   0.11   0.61 
  0.82   0.85   0.40   0.25   0.21   0.25   0.30   0.60   0.77   0.23   0.16   0.28   0.78   0.58   0.96   0.88   0.59   0.15   0.34   0.54   0.33   0.87   0.46   0.36   0.94   0.82   0.37   0.77   0.49   0.21   0.95   0.37   0.16   0.73   0.61   0.62   0.66   0.71   0.52   0.76   0.75   0.47   0.67   0.45   0.19   0.46   0.24   0.81   0.34   0.81 
  0.65   0.64   0.17   0.54   0.53   0.56   0.49   0.48   0.15   0.92   0.14   0.66   0.81   0.88   0.78   0.39   0.53   0.54   0.79   0.48   0.54   0.78   0.21   0.33   0.59   0.45   0.66   0.61   0.30   0.22   0.17   0.41   0.83   0.54   0.55   0.14   0.12   0.80   0.91   0.98   0.17   0.34   0.14   0.92   0.36   0.17   0.68   0.23   0.48   0.98 
  0.25   0.28   0.89   0.53   0.24   0.81   0.80   0.90   0.40   0.56   0.49   0.54   0.11   0.51   0.12   0.61   0.69   0.95   0.92   0.56   0.42   0.39   0.98   0.92   0.19   0.38   0.87   0.14   0.40   0.94   0.61   0.50   0.37   0.78   0.52   0.30   0.39   0.57   0.78   0.21   0.57   0.20   0.54   0.44   0.52   0.58   0.83   0.47   0.48   0.77 
  0.41   0.40   0.78   0.52   0.23   0.79   0.96   0.27   0.13   0.81   0.46   0.24   0.45   0.16   0.85   0.29   0.68   0.11   0.89   0.13   0.48   0.67   0.16   0.65   0.48   0.58   0.17   0.10   0.35   0.63   0.71   0.16   0.78   0.80   0.35   0.65   0.82   0.51   0.86   0.30   0.54   0.30   0.43   0.95   0.51   0.30   0.28   0.43   0.58   0.76 
  0.76   0.73   0.32   0.54   0.25   0.25   0.34   0.96   0.17   0.72   0.46   0.50   0.67   0.41   0.10   0.20   0.32   0.85   0.16   0.12   0.33   0.29   0.66   0.75   0.65   0.42   0.32   0.54   0.12   0.41   0.25   0.20   0.42   0.88   0.39   0.86   0.90   0.12   0.84   0.17   0.67   0.49   0.79   0.68   0.15   0.73   0.84   0.75   0.47   0.61 
  0.74   0.58   0.30   0.90   0.96   0.24   0.97   0.74   0.11   0.23   0.18   0.13   0.20   0.70   0.70   0.47   0.39   0.36   0.98   0.49   0.20   0.52   0.78   0.30   0.81   0.87   0.65   0.20   0.43   0.80   0.54   0.42   0.56   0.18   0.52   0.59   0.30   0.28   0.43   0.31   0.69   0.43   0.74   0.98   0.47   0.82   0.88   0.24   0.38   0.46 
  0.86   0.73   0.38   0.74   0.32   0.83   0.41   0.64   0.39   0.18   0.64   0.87   0.40   0.48   0.36   0.99   0.73   0.25   0.23   0.20   0.54   0.53   0.98   0.89   0.21   0.48   0.32   0.73   0.92   0.17   0.69   0.47   0.72   0.60   0.75   0.60   0.20   0.97   0.72   0.83   0.74   0.31   0.83   0.89   0.71   0.20   0.13   0.98   0.52   0.41 
  0.76   0.34   0.19   0.14   0.28   0.41   0.15   0.81   0.61   0.38   0.45   0.30   0.21   0.52   0.60   0.97   0.22   0.17   0.64   0.37   0.82   0.20   0.41   0.63   0.86   0.68   0.18   0.94   0.54   0.38   0.38   0.94   0.70   0.35   0.79   0.80   0.76   0.68   0.71   0.56   0.34   0.23   0.26   0.38   0.68   0.91   0.76   0.88   0.24   0.75 
  0.50   0.15   0.14   0.77   0.87   0.68   0.40   0.88   0.80   0.78   0.16   0.75   0.75   0.84   0.56   0.73   0.92   0.70   0.95   0.29   0.85   0.55   0.80   0.48   0.17   0.73   0.87   0.91   0.82   0.31   0.11   0.51   0.88   0.64   0.76   0.86   0.76   0.49   0.27   0.54   0.77   0.54   0.66   0.24   0.96   0.93   0.53   0.12   0.78   0.69 
  0.15   0.21   0.41   0.50   0.78   0.59   0.99   0.19   0.88   0.23   0.89   0.73   0.78   0.12   0.62   0.90   0.33   0.64   0.25   0.42   0.32   0.87   0.44   0.65   0.33   0.81   0.55   0.29   0.16   0.96   0.17   0.45   0.34   0.80   0.78   0.24   0.78   0.30   0.16   0.41   0.52   0.53   0.50   0.64   0.88   0.92   0.81   0.55   0.50   0.26 
  0.40   0.78   0.72   0.82   0.71   0.26   0.97   0.18   0.35   0.19   0.67   0.97   0.19   0.91   0.16   0.39   0.75   0.41   0.72   0.39   0.69   0.44   0.14   0.12   0.83   0.97   0.32   0.80   0.78   0.11   0.62   0.82   0.82   0.11   0.87   0.80   0.93   0.48   0.12   0.88   0.86   0.55   0.50   0.37   0.61   0.32   0.28   0.69   0.61   0.64 
  0.64   0.23   0.89   0.94   0.20   0.13   0.76   0.11   0.71   0.49   0.56   0.77   0.30   0.97   0.49   0.42   0.27   0.62   0.35   0.82   0.39   0.32   0.42   0.74   0.87   0.78   0.98   0.49   0.53   0.76   0.90   0.54   0.34   0.62   0.88   0.42   0.73   0.73   0.91   0.67   0.44   0.14   0.84   0.16   0.93   0.33   0.91   0.83   0.76   0.52 
  0.46   0.11   0.80   0.36   0.47   0.31   0.87   0.97   0.23   0.57   0.59   0.21   0.85   0.87   0.81   0.54   0.62   0.89   0.91   0.93   0.20   0.61   0.90   0.69   0.79   0.58   0.70   0.69   0.17   0.87   0.95   0.58   0.46   0.41   0.12   0.81   0.39   0.73   0.67   0.92   0.41   0.94   0.41   0.28   0.15   0.22   0.45   0.37   0.64   0.94 
  0.22   0.25   0.96   0.81   0.96   0.43   0.44   0.97   0.45   0.41   0.48   0.61   0.50   0.34   0.87   0.44   0.29   0.74   0.97   0.65   0.89   0.96   0.21   0.42   0.35   0.24   0.16   0.15   0.69   0.31   0.96   0.75   0.20   0.43   0.69   0.16   0.50   0.16   0.32   0.11   0.24   0.79   0.94   0.69   0.61   0.33   0.65   0.89   0.30   0.97 
  0.34   0.83   0.29   0.58   0.59   0.71   0.95   0.55   0.31   0.75   0.78   0.31   0.17   0.67   0.67   0.69   0.66   0.15   0.38   0.49   0.43   0.81   0.50   0.76   0.97   0.48   0.71   0.86   0.31   0.53   0.60   0.89   0.77   0.15   0.57   0.66   0.96   0.92   0.56   0.55   0.18   0.31   0.26   0.84   0.58   0.36   0.27   0.18   0.61   0.49 
  0.67   0.74   0.86   0.20   0.23   0.97   0.28   0.44   0.65   0.79   0.38   0.63   0.67   0.49   0.73   0.39   0.97   0.59   0.61   0.20   0.48   0.36   0.32   0.71   0.95   0.13   0.93   0.61   0.41   0.28   0.73   0.72   0.68   0.64   0.83   0.50   0.22   0.12   0.25   0.49   0.43   0.14   0.54   0.74   0.74   0.76   0.19   0.76   0.39   0.84 
  0.57   0.66   0.46   0.46   0.40   0.97   0.61   0.69   0.53   0.95   0.95   0.32   0.67   0.88   0.38   0.95   0.75   0.42   0.20   0.18   0.64   0.11   0.62   0.61   0.71   0.97   0.47   0.15   0.40   0.72   0.85   0.57   0.46   0.59   0.67   0.20   0.61   0.98   0.20   0.70   0.39   0.97   0.74   0.85   0.21   0.95   0.22   0.37   0.63   0.10 
  0.24   0.30   0.52   0.16   0.34   0.48   0.69   0.79   0.60   0.31   0.85   0.25   0.15   0.65   0.42   0.98   0.82   0.57   0.64   0.95   0.78   0.23   0.39   0.95   0.62   0.47   0.60   0.93   0.18   0.89   0.75   0.61   0.97   0.86   0.14   0.96   0.87   0.78   0.68   0.93   0.94   0.22   0.84   0.58   0.55   0.67   0.54   0.89   0.28   0.60 
  0.97   0.29   0.98   0.13   0.82   0.28   0.36   0.47   0.58   0.54   0.66   0.82   0.93   0.20   0.20   0.82   0.16   0.32   0.89   0.72   0.39   0.42   0.23   0.76   0.53   0.21   0.30   0.66   0.16   0.81   0.77   0.75   0.87   0.30   0.35   0.55   0.42   0.10   0.42   0.74   0.73   0.39   0.94   0.71   0.84   0.46   0.31   0.68   0.21   0.60 
  0.31   0.87   0.80   0.41   0.77   0.90   0.85   0.24   0.74   0.20   0.63   0.24   0.21   0.80   0.77   0.41   0.32   0.89   0.27   0.70   0.73   0.22   0.72   0.10   0.53   0.35   0.72   0.60   0.46   0.60   0.96   0.90   0.64   0.71   0.19   0.44   0.97   0.97   0.11   0.48   0.61   0.76   0.28   0.34   0.21   0.55   0.77   0.27   0.61   0.26 
  0.34   0.37   0.21   0.29   0.33   0.23   0.90   0.40   0.17   0.97   0.96   0.71   0.72   0.17   0.18   0.73   0.15   0.84   0.65   0.75   0.25   0.81   0.52   0.27   0.78   0.71   0.55   0.46   0.32   0.66   0.82   0.32   0.50   0.96   0.13   0.81   0.69   0.72   0.65   0.77   0.92   0.17   0.22   0.51   0.66   0.86   0.58   0.16   0.65   0.34 
  0.50   0.30   0.60   0.17   0.57   0.23   0.55   0.49   0.82   0.78   0.24   0.59   0.28   0.18   0.32   0.58   0.61   0.49   0.39   0.14   0.91   0.11   0.98   0.48   0.31   0.27   0.16   0.96   0.28   0.39   0.34   0.28   0.27   0.14   0.25   0.95   0.76   0.30   0.35   0.45   0.19   0.79   0.30   0.49   0.60   0.71   0.21   0.70   0.29   0.73 
  0.33   0.46   0.46   0.62   0.11   0.84   0.55   0.40   0.79   0.12   0.83   0.91   0.37   0.15   0.71   0.21   0.13   0.65   0.14   0.81   0.31   0.89   0.82   0.39   0.94   0.58   0.34   0.12   0.52   0.91   0.29   0.78   0.53   0.65   0.75   0.40   0.66   0.45   0.93   0.87   0.95   0.64   0.71   0.20   0.66   0.35   0.97   0.58   0.43   0.49 
  0.17   0.75   0.88   0.70   0.24   0.14   0.75   0.51   0.73   0.41   0.81   0.21   0.48   0.19   0.69   0.82   0.51   0.99   0.13   0.53   0.96   0.70   0.99   0.76   0.23   0.66   0.19   0.18   0.19   0.94   0.82   0.82   0.83   0.70   0.47   0.14   0.92   0.88   0.56   0.89   0.62   0.38   0.71   0.50   0.99   0.47   0.59   0.79   0.29   0.81 
  0.57   0.33   0.47   0.33   0.30   0.84   0.40   0.22   0.20   0.97   0.13   0.53   0.57   0.86   0.80   0.14   0.68   0.87   0.90   0.69   0.85   0.11   0.16   0.37   0.11   0.16   0.53   0.27   0.80   0.88   0.30   0.79   0.97   0.88   0.57   0.73   0.73   0.89   0.69   0.39   0.46   0.74   0.64   0.85   0.15   0.33   0.36   0.70   0.45   0.70 
  0.83   0.40   0.90   0.28   0.85   0.65   0.91   0.42   0.17   0.79   0.44   0.13   0.52   0.59   0.69   0.46   0.31   0.96   0.36   0.38   0.22   0.40   0.28   0.25   0.61   0.63   0.35   0.55   0.85   0.85   0.61   0.64   0.34   0.45   0.97   0.24   0.12   0.65   0.97   0.49   0.70   0.33   0.82   0.53   0.26   0.55   0.16   0.36   0.75   0.91 
  0.32   0.94   0.75   0.15   0.11   0.52   0.59   0.45   0.23   0.65   0.41   0.16   0.87   0.53   0.55   0.83   0.89   0.90   0.11   0.61   0.59   0.42   0.68   0.19   0.23   0.48   0.66   0.47   0.49   0.77   0.71   0.67   0.77   0.75   0.29   0.44   0.63   0.21   0.67   0.62   0.72   0.74   0.55   0.59   0.23   0.68   0.41   0.31   0.14   0.35 
  0.62   0.21   0.67   0.53   0.27   0.69   0.27   0.23   0.88   0.85   0.12   0.56   0.25   0.33   0.37   0.85   0.10   0.49   0.49   0.88   0.27   0.94   0.56   0.28   0.97   0.16   0.19   0.92   0.35   0.14   0.61   0.87   0.47   0.66   0.15   0.21   0.59   0.64   0.44   0.51   0.24   0.41   0.89   0.98   0.37   0.18   0.67   0.31   0.97   0.85 
  0.24   0.42   0.55   0.59   0.33   0.25   0.54   0.44   0.34   0.24   0.91   0.54   0.17   0.74   0.95   0.63   0.57   0.81   0.48   0.67   0.66   0.68   0.71   0.37   0.32   0.10   0.90   0.31   0.34   0.82   0.80   0.52   0.92   0.15   0.84   0.88   0.44   0.46   0.18   0.65   0.36   0.71   0.63   0.19   0.39   0.93   0.40   0.58   0.20   0.96 
  0.50   0.53   0.98   0.80   0.22   0.75   0.44   0.14   0.30   0.83   0.63   0.87   0.84   0.15   0.90   0.39   0.83   0.82   0.19   0.20   0.40   0.23   0.73   0.66   0.12   0.77   0.71   0.77   0.33   0.20   0.14   0.40   0.55   0.61   0.67   0.43   0.13   0.23   0.91   0.93   0.46   0.49   0.33   0.22   0.90   0.57   0.26   0.83   0.43   0.22 
  0.78   0.17   0.92   0.77   0.64   0.15   0.58   0.68   0.88   0.23   0.37   0.32   0.55   0.38   0.68   0.61   0.14   0.94   0.85   0.35   0.61   0.46   0.90   0.85   0.51   0.37   0.59   0.75   0.94   0.90   0.72   0.99   0.30   0.73   0.74   0.50   0.54   0.13   0.30   0.23   0.58   0.61   0.16   0.71   0.46   0.57   0.96   0.64   0.44   0.41 
  0.91   0.50   0.13   0.12   0.59   0.76   0.83   0.75   0.87   0.19   0.56   0.68   0.13   0.19   0.31   0.16   0.49   0.21   0.93   0.55   0.86   0.41   0.79   0.23   0.20   0.83   0.24   0.14   0.72   0.39   0.19   0.32   0.59   0.49   0.97   0.19   0.26   0.39   0.42   0.72   0.66   0.26   0.23   0.38   0.81   0.56   0.17   0.49   0.58   0.19 
  0.72   0.82   0.59   0.13   0.18   0.10   0.76   0.72   0.87   0.22   0.19   0.77   0.18   0.13   0.22   0.90   0.63   0.52   0.59   0.90   0.91   0.11   0.91   0.75   0.33   0.69   0.83   0.95   0.48   0.65   0.28   0.86   0.45   0.86   0.63   0.72   0.64   0.55   0.34   0.35   0.86   0.23   0.25   0.44   0.87   0.32   0.47   0.46   0.77   0.71 
  0.36   0.51   0.15   0.77   0.53   0.18   0.42   0.46   0.49   0.75   0.26   0.54   0.70   0.54   0.29   0.70   0.93   0.51   0.59   0.63   0.37   0.21   0.74   0.32   0.79   0.43   0.99   0.75   0.51   0.61   0.64   0.74   0.76   0.64   0.26   0.45   0.88   0.49   0.86   0.92   0.55   0.71   0.26   0.10   0.76   0.97   0.26   0.15   0.35   0.99 
  0.54   0.47   0.95   0.45   0.37   0.33   0.48   0.88   0.96   0.90   0.65   0.50   0.21   0.63   0.45   0.96   0.54   0.16   0.49   0.86   0.52   0.42   0.93   0.24   0.27   0.98   0.50   0.27   0.70   0.56   0.13   0.87   0.32   0.10   0.82   0.22   0.96   0.25   0.18   0.16   0.21   0.47   0.88   0.52   0.24   0.62   0.88   0.40   0.52   0.47 
  0.21   0.85   0.73   0.51   0.26   0.59   0.92   0.28   0.82   0.92   0.16   0.77   0.95   0.89   0.71   0.36   0.83   0.53   0.15   0.76   0.85   0.25   0.78   0.71   0.71   0.26   0.85   0.65   0.88   0.58   0.84   0.61   0.37   0.31   0.65   0.26   0.69   0.30   0.85   0.50   0.93   0.35   0.44   0.77   0.98   0.85   0.19   0.88   0.87   0.40 
  0.59   0.39   0.49   0.28   0.70   0.97   0.98   0.95   0.18   0.76   0.56   0.32   0.36   0.72   0.79   0.31   0.30   0.38   0.48   0.64   0.24   0.75   0.16   0.84   0.96   0.83   0.50   0.90   0.93   0.64   0.67   0.44   0.34   0.48   0.56   0.17   0.47   0.91   0.54   0.24   0.13   0.92   0.31   0.22   0.47   0.75   0.88   0.82   0.57   0.98 
  0.40   0.96   0.14   0.90   0.64   0.53   0.84   0.52   0.16   0.98   0.57   0.24   0.72   0.90   0.52   0.78   0.61   0.12   0.19   0.80   0.50   0.27   0.83   0.91   0.26   0.84   0.39   0.13   0.51   0.25   0.24   0.81   0.55   0.59   0.15   0.29   0.62   0.34   0.97   0.90   0.62   0.50   0.27   0.20   0.11   0.13   0.49   0.68   0.71   0.10 
  0.13   0.17   0.70   0.55   0.28   0.47   0.27   0.34   0.44   0.50   0.81   0.25   0.89   0.53   0.30   0.15   0.50   0.93   0.40   0.58   0.67   0.36   0.32   0.14   0.54   0.16   0.77   0.39   0.63   0.69   0.86   0.65   0.84   0.21   0.65   0.49   0.46   0.63   0.42   0.18   0.21   0.96   0.20   0.75   0.87   0.60   0.79   0.28   0.94   0.12 
  0.78   0.16   0.27   0.64   0.89   0.25   0.91   0.53   0.15   0.35   0.60   0.32   0.67   0.67   0.46   0.63   0.57   0.13   0.60   0.17   0.14   0.51   0.60   0.32   0.60   0.16   0.71   0.73   0.92   0.48   0.15   0.82   0.39   0.44   0.17   0.86   0.57   0.52   0.28   0.34   0.92   0.95   0.42   0.38   0.22   0.24   0.86   0.79   0.73   0.52 
  0.48   0.36   0.51   0.15   0.66   0.90   0.56   0.78   0.29   0.55   0.83   0.93   0.75   0.72   0.55   0.11   0.22   0.21   0.13   0.84   0.67   0.51   0.15   0.78   0.37   0.96   0.92   0.84   0.62   0.76   0.98   0.40   0.35   0.57   0.51   0.21   0.71   0.60   0.43   0.52   0.93   0.74   0.89   0.26   0.87   0.36   0.91   0.29   0.46   0.17 
  0.96   0.51   0.73   0.11   0.66   0.11   0.95   0.63   0.32   0.36   0.78   0.36   0.90   0.41   0.70   0.15   0.51   0.27   0.98   0.36   0.76   0.47   0.63   0.61   0.79   0.55   0.25   0.26   0.39   0.49   0.20   0.47   0.97   0.39   0.37   0.47   0.49   0.94   0.47   0.12   0.22   0.33   0.96   0.92   0.84   0.76   0.85   0.20   0.12   0.66 
  0.64   0.56   0.31   0.50   0.25   0.26   0.58   0.75   0.28   0.12   0.72   0.40   0.16   0.45   0.62   0.85   0.72   0.68   0.95   0.42   0.53   0.69   0.89   0.95   0.16   0.30   0.12   0.78   0.84   0.13   0.69   0.19   0.64   0.13   0.15   0.67   0.87   0.83   0.39   0.50   0.54   0.63   0.74   0.60   0.79   0.65   0.15   0.75   0.39   0.20 
  0.49   0.32   0.18   0.49   0.49   0.53   0.88   0.90   0.72   0.65   0.95   0.53   0.69   0.74   0.48   0.42   0.60   0.22   0.34   0.76   0.83   0.75   0.35   0.14   0.18   0.60   0.87   0.68   0.23   0.76   0.76   0.30   0.94   0.96   0.87   0.80   0.31   0.89   0.20   0.93   0.24   0.45   0.16   0.74   0.98   0.64   0.63   0.76   0.87   0.60 
---
G_right: 50 49
  0.90   0.31   0.14   0.54   0.99   0.11   0.52   0.64   0.83   0.22   0.50   0.87   0.25   0.33   0.71   0.29   0.89   0.50   0.39   0.72   0.26   0.29   0.94   0.13   0.74   0.31   0.98   0.32   0.22   0.31   0.65   0.48   0.62   0.20   0.61   0.94   0.40   0.91   0.33   0.95   0.81   0.14   0.47   0.15   0.22   0.87   0.70   0.45   0.89 
  0.85   0.39   0.32   0.10   0.94   0.45   0.88   0.45   0.13   0.26   0.20   0.67   0.95   0.45   0.58   0.38   0.98   0.44   0.17   0.40   0.63   0.81   0.47   0.41   0.87   0.79   0.29   0.70   0.91   0.48   0.65   0.11   0.29   0.46   0.83   0.28   0.54   0.43   0.51   0.73   0.63   0.20   0.69   0.30   0.12   0.97   0.66   0.27   0.84 
  0.14   0.58   0.29   0.82   0.85   0.31   0.10   0.40   0.29   0.47   0.86   0.14   0.89   0.13   0.93   0.39   0.26   0.24   0.13   0.60   0.49   0.44   0.13   0.21   0.21   0.66   0.94   0.76   0.41   0.73   0.63   0.90   0.39   0.49   0.73   0.74   0.74   0.16   0.24   0.51   0.23   0.34   0.72   0.77   0.41   0.31   0.82   0.11   0.73 
  0.37   0.82   0.95   0.57   0.66   0.96   0.43   0.94   0.50   0.15   0.39   0.96   0.36   0.51   0.92   0.80   0.39   0.45   0.34   0.41   0.83   0.21   0.16   0.91   0.95   0.85   0.94   0.34   0.69   0.18   0.55   0.25   0.94   0.16   0.25   0.22   0.39   0.44   0.37   0.63   0.28   0.41   0.14   0.31   0.60   0.90   0.20   0.81   0.78 
  0.14   0.89   0.47   0.92   0.27   0.39   0.99   0.42   0.80   0.63   0.13   0.53   0.73   0.21   0.59   0.66   0.38   0.72   0.31   0.77   0.74   0.33   0.97   0.33   0.10   0.75   0.94   0.12   0.59   0.43   0.57   0.83   0.66   0.97   0.55   0.27   0.61   0.41   0.48   0.52   0.69   0.85   0.94   0.52   0.72   0.73   0.46   0.58   0.41 
  0.74   0.62   0.80   0.40   0.66   0.34   0.42   0.94   0.66   0.75   0.52   0.90   0.44   0.25   0.82   0.97   0.19   0.71   0.98   0.23   0.50   0.14   0.81   0.25   0.63   0.37   0.21   0.80   0.94   0.60   0.77   0.58   0.71   0.68   0.56   0.44   0.61   0.93   0.52   0.48   0.60   0.20   0.96   0.92   0.49   0.21   0.29   0.34   0.55 
  0.45   0.97   0.69   0.74   0.15   0.79   0.40   0.79   0.32   0.32   0.62   0.63   0.46   0.23   0.20   0.59   0.95   0.19   0.36   0.27   0.11   0.86   0.49   0.86   0.89   0.93   0.91   0.77   0.29   0.22   0.18   0.79   0.82   0.15   0.40   0.51   0.41   0.29   0.64   0.16   0.23   0.18   0.27   0.85   0.90   0.32   0.20   0.29   0.57 
  0.53   0.56   0.18   0.42   0.23   0.25   0.67   0.33   0.20   0.92   0.31   0.72   0.89   0.15   0.51   0.58   0.70   0.42   0.52   0.50   0.64   0.88   0.79   0.94   0.27   0.54   0.70   0.27   0.45   0.47   0.97   0.76   0.40   0.46   0.49   0.92   0.28   0.89   0.22   0.13   0.53   0.76   0.41   0.29   0.51   0.37   0.63   0.77   0.12 
  0.55   0.40   0.15   0.63   0.12   0.24   0.20   0.41   0.99   0.46   0.23   0.53   0.81   0.85   0.61   0.76   0.19   0.57   0.71   0.75   0.12   0.46   0.81   0.83   0.78   0.18   0.44   0.49   0.12   0.93   0.95   0.26   0.62   0.51   0.34   0.75   0.84   0.66   0.82   0.13   0.55   0.69   0.90   0.20   0.13   0.46   0.80   0.87   0.21 
  0.93   0.67   0.39   0.37   0.51   0.17   0.86   0.63   0.93   0.22   0.93   0.18   0.94   0.23   0.19   0.94   0.73   0.14   0.96   0.35   0.93   0.67   0.53   0.64   0.96   0.22   0.84   0.19   0.59   0.31   0.98   0.27   0.22   0.80   0.27   0.56   0.31   0.74   0.32   0.98   0.32   0.13   0.38   0.58   0.54   0.77   0.75   0.84   0.68 
  0.89   0.87   0.88   0.85   0.81   0.86   0.31   0.83   0.79   0.62   0.59   0.59   0.15   0.80   0.54   0.55   0.26   0.73   0.76   0.77   0.32   0.22   0.29   0.71   0.27   0.80   0.50   0.35   0.32   0.13   0.38   0.63   0.16   0.88   0.12   0.64   0.30   0.94   0.63   0.37   0.23   0.76   0.26   0.37   0.50   0.69   0.50   0.79   0.26 
  0.48   0.82   0.68   0.62   0.27   0.62   0.23   0.91   0.78   0.88   0.10   0.66   0.90   0.11   0.57   0.73   0.37   0.25   0.74   0.91   0.10   0.58   0.47   0.52   0.30   0.55   0.89   0.75   0.56   0.41   0.52   0.79   0.27   0.21   0.55   0.68   0.83   0.35   0.35   0.79   0.66   0.33   0.30   0.59   0.62   0.63   0.25   0.41   0.15 
  0.42   0.25   0.12   0.74   0.62   0.22   0.40   0.22   0.59   0.32   0.83   0.59   0.84   0.76   0.35   0.32   0.44   0.94   0.57   0.46   0.22   0.21   0.61   0.75   0.35   0.72   0.57   0.47   0.10   0.80   0.22   0.61   0.53   0.70   0.45   0.20   0.64   0.96   0.97   0.65   0.59   0.66   0.51   0.33   0.79   0.36   0.46   0.48   0.90 
  0.44   0.50   0.49   0.63   0.36   0.76   0.51   0.70   0.49   0.13   0.16   0.52   0.64   0.42   0.89   0.73   0.64   0.80   0.40   0.90   0.39   0.63   0.37   0.97   0.67   0.46   0.73   0.47   0.84   0.20   0.46   0.27   0.25   0.12   0.71   0.83   0.80   0.76   0.34   0.51   0.49   0.77   0.16   0.71   0.28   0.44   0.69   0.73   0.88 
  0.81   0.13   0.41   0.41   0.22   0.92   0.61   0.92   0.43   0.29   0.85   0.75   0.91   0.86   0.19   0.73   0.95   0.90   0.15   0.70   0.52   0.92   0.89   0.69   0.80   0.51   0.77   0.27   0.53   0.85   0.68   0.98   0.96   0.24   0.81   0.27   0.90   0.85   0.93   0.60   0.81   0.43   0.44   0.50   0.87   0.94   0.37   0.13   0.35 
  0.44   0.35   0.79   0.35   0.21   0.36   0.33   0.86   0.76   0.89   0.16   0.69   0.86   0.48   0.21   0.25   0.59   0.24   0.53   0.34   0.67   0.61   0.21   0.11   0.64   0.79   0.35   0.85   0.65   0.45   0.87   0.40   0.80   0.64   0.80   0.76   0.21   0.59   0.67   0.26   0.46   0.56   0.48   0.86   0.65   0.70   0.23   0.38   0.11 
  0.77   0.40   0.35   0.36   0.89   0.56   0.82   0.95   0.77   0.98   0.59   0.23   0.48   0.15   0.49   0.71   0.55   0.27   0.28   0.85   0.55   0.68   0.13   0.65   0.11   0.68   0.23   0.86   0.21   0.49   0.34   0.91   0.38   0.84   0.62   0.20   0.71   0.22   0.87   0.28   0.71   0.79   0.59   0.83   0.43   0.13   0.58   0.18   0.49 
  0.51   0.76   0.53   0.33   0.93   0.63   0.82   0.64   0.33   0.36   0.73   0.12   0.30   0.25   0.80   0.91   0.42   0.24   0.35   0.72   0.96   0.92   0.75   0.49   0.53   0.45   0.14   0.26   0.30   0.69   0.53   0.82   0.51   0.56   0.47   0.29   0.53   0.83   0.14   0.72   0.32   0.85   0.69   0.85   0.56   0.82   0.98   0.79   0.16 
  0.26   0.79   0.20   0.96   0.16   0.23   0.49   0.38   0.94   0.79   0.22   0.45   0.51   0.66   0.12   0.82   0.91   0.56   0.79   0.98   0.47   0.90   0.99   0.14   0.57   0.11   0.82   0.18   0.93   0.41   0.67   0.76   0.16   0.11   0.23   0.59   0.54   0.12   0.74   0.41   0.60   0.19   0.24   0.63   0.33   0.40   0.85   0.48   0.52 
  0.18   0.17   0.89   0.12   0.69   0.88   0.61   0.49   0.41   0.72   0.73   0.74   0.12   0.41   0.22   0.91   0.62   0.69   0.55   0.77   0.72   0.48   0.46   0.85   0.80   0.93   0.95   0.30   0.32   0.44   0.77   0.61   0.24   0.55   0.94   0.97   0.16   0.42   0.26   0.97   0.45   0.58   0.18   0.65   0.41   0.41   0.54   0.27   0.76 
  0.18   0.38   0.53   0.70   0.51   0.60   0.22   0.79   0.60   0.72   0.34   0.22   0.15   0.71   0.83   0.32   0.79   0.32   0.15   0.60   0.70   0.41   0.93   0.93   0.19   0.98   0.98   0.24   0.63   0.23   0.10   0.55   0.52   0.60   0.86   0.63   0.68   0.41   0.45   0.50   0.33   0.14   0.57   0.79   0.89   0.77   0.63   0.56   0.59 
  0.69   0.13   0.84   0.46   0.30   0.83   0.52   0.86   0.48   0.19   0.74   0.27   0.28   0.11   0.27   0.19   0.97   0.59   0.11   0.91   0.87   0.46   0.52   0.19   0.38   0.94   0.39   0.34   0.93   0.53   0.20   0.22   0.46   0.85   0.95   0.77   0.51   0.80   0.62   0.81   0.72   0.53   0.60   0.58   0.65   0.16   0.13   0.30   0.53 
  0.49   0.60   0.76   0.45   0.18   0.41   0.63   0.69   0.15   0.20   0.24   0.71   0.10   0.26   0.29   0.32   0.81   0.37   0.12   0.20   0.88   0.75   0.54   0.42   0.80   0.52   0.89   0.23   0.30   0.84   0.50   0.51   0.66   0.98   0.22   0.48   0.59   0.24   0.99   0.12   0.29   0.42   0.72   0.86   0.19   0.21   0.23   0.24   0.17 
  0.67   0.17   0.80   0.24   0.25   0.11   0.41   0.74   0.75   0.55   0.48   0.65   0.38   0.27   0.48   0.65   0.52   0.78   0.89   0.59   0.14   0.94   0.59   0.81   0.51   0.40   0.77   0.81   0.96   0.43   0.54   0.40   0.66   0.28   0.64   0.37   0.56   0.44   0.96   0.49   0.43   0.23   0.46   0.70   0.73   0.12   0.34   0.16   0.81 
  0.51   0.97   0.38   0.53   0.40   0.29   0.14   0.68   0.25   0.79   0.80   0.87   0.63   0.11   0.60   0.73   0.30   0.49   0.53   0.66   0.52   0.45   0.51   0.17   0.57   0.13   0.71   0.65   0.56   0.10   0.16   0.53   0.42   0.36   0.93   0.89   0.68   0.94   0.33   0.88   0.76   0.22   0.45   0.75   0.64   0.13   0.16   0.22   0.95 
  0.22   0.54   0.41   0.48   0.10   0.23   0.65   0.64   0.39   0.77   0.47   0.96   0.12   0.11   0.47   0.76   0.35   0.65   0.86   0.89   0.21   0.34   0.81   0.22   0.50   0.88   0.68   0.95   0.70   0.40   0.81   0.66   0.54   0.88   0.25   0.97   0.51   0.22   0.37   0.28   0.31   0.81   0.30   0.88   0.75   0.59   0.54   0.67   0.84 
  0.93   0.36   0.41   0.98   0.17   0.21   0.59   0.93   0.49   0.55   0.85   0.69   0.33   0.33   0.73   0.78   0.60   0.78   0.55   0.37   0.84   0.74   0.56   0.32   0.42   0.76   0.23   0.75   0.25   0.24   0.46   0.24   0.38   0.53   0.13   0.43   0.73   0.36   0.96   0.73   0.76   0.21   0.31   0.47   0.45   0.33   0.49   0.87   0.72 
  0.55   0.72   0.94   0.88   0.86   0.68   0.28   0.86   0.13   0.20   0.48   0.74   0.73   0.34   0.70   0.40   0.22   0.77   0.45   0.25   0.62   0.49   0.20   0.41   0.66   0.76   0.44   0.86   0.85   0.55   0.16   0.83   0.51   0.28   0.43   0.18   0.69   0.56   0.52   0.54   0.27   0.48   0.52   0.82   0.35   0.37   0.61   0.97   0.61 
  0.95   0.98   0.13   0.66   0.39   0.92   0.10   0.43   0.30   0.70   0.50   0.31   0.94   0.94   0.46   0.40   0.65   0.11   0.58   0.42   0.95   0.69   0.31   0.21   0.66   0.98   0.34   0.62   0.56   0.28   0.79   0.46   0.47   0.90   0.75   0.64   0.18   0.16   0.27   0.60   0.68   0.81   0.34   0.39   0.88   0.49   0.38   0.28   0.31 
  0.38   0.57   0.57   0.67   0.13   0.14   0.56   0.25   0.89   0.87   0.80   0.17   0.12   0.88   0.31   0.28   0.27   0.12   0.86   0.30   0.78   0.36   0.83   0.59   0.96   0.79   0.27   0.36   0.81   0.40   0.12   0.56   0.15   0.89   0.17   0.89   0.15   0.75   0.58   0.54   0.45   0.55   0.80   0.30   0.44   0.13   0.56   0.87   0.11 
  0.52   0.79   0.59   0.97   0.11   0.75   0.61   0.94   0.18   0.70   0.24   0.81   0.44   0.59   0.55   0.25   0.27   0.83   0.47   0.51   0.22   0.13   0.57   0.54   0.47   0.84   0.81   0.77   0.82   0.49   0.66   0.69   0.80   0.72   0.94   0.74   0.12   0.91   0.77   0.57   0.96   0.59   0.59   0.37   0.96   0.74   0.82   0.16   0.18 
  0.13   0.95   0.22   0.50   0.29   0.25   0.28   0.11   0.23   0.19   0.40   0.37   0.67   0.56   0.13   0.42   0.48   0.29   0.44   0.44   0.89   0.29   0.44   0.87   0.61   0.89   0.75   0.38   0.94   0.65   0.13   0.49   0.97   0.45   0.50   0.58   0.53   0.38   0.28   0.74   0.94   0.64   0.90   0.15   0.77   0.55   0.83   0.57   0.12 
  0.59   0.16   0.15   0.95   0.61   0.57   0.15   0.42   0.33   0.50   0.82   0.20   0.76   0.28   0.68   0.56   0.12   0.39   0.52   0.42   0.97   0.65   0.12   0.48   0.38   0.13   0.65   0.90   0.13   0.78   0.57   0.27   0.30   0.25   0.80   0.86   0.51   0.90   0.89   0.59   0.83   0.40   0.45   0.51   0.11   0.71   0.68   0.80   0.95 
  0.41   0.12   0.98   0.88   0.81   0.81   0.14   0.70   0.20   0.18   0.75   0.15   0.78   0.35   0.36   0.94   0.11   0.27   0.72   0.71   0.12   0.52   0.53   0.62   0.31   0.30   0.77   0.53   0.18   0.80   0.12   0.46   0.45   0.74   0.20   0.32   0.76   0.23   0.57   0.84   0.57   0.95   0.91   0.82   0.42   0.17   0.46   0.39   0.87 
  0.34   0.12   0.93   0.85   0.70   0.38   0.10   0.55   0.96   0.31   0.65   0.96   0.82   0.93   0.74   0.91   0.44   0.88   0.16   0.38   0.87   0.40   0.20   0.42   0.56   0.25   0.47   0.96   0.56   0.13   0.55   0.64   0.35   0.98   0.58   0.80   0.95   0.46   0.34   0.15   0.61   0.18   0.81   0.71   0.27   0.85   0.70   0.13   0.80 
  0.82   0.28   0.71   0.80   0.46   0.25   0.85   0.30   0.18   0.35   0.76   0.44   0.93   0.78   0.87   0.52   0.44   0.32   0.86   0.82   0.88   0.85   0.95   0.78   0.56   0.90   0.95   0.92   0.82   0.76   0.25   0.39   0.98   0.24   0.94   0.97   0.41   0.22   0.14   0.82   0.57   0.12   0.58   0.47   0.45   0.49   0.53   0.75   0.47 
  0.29   0.83   0.54   0.78   0.94   0.67   0.67   0.86   0.45   0.62   0.87   0.30   0.68   0.76   0.63   0.92   0.83   0.29   0.92   0.43   0.60   0.31   0.97   0.84   0.78   0.32   0.67   0.11   0.83   0.26   0.87   0.86   0.79   0.67   0.47   0.86   0.52   0.10   0.68   0.85   0.24   0.33   0.82   0.52   0.66   0.67   0.90   0.31   0.87 
  0.30   0.72   0.83   0.59   0.75   0.31   0.82   0.44   0.92   0.84   0.21   0.83   0.35   0.78   0.60   0.23   0.67   0.33   0.38   0.77   0.49   0.68   0.94   0.33   0.37   0.96   0.27   0.37   0.19   0.16   0.62   0.55   0.44   0.25   0.15   0.44   0.33   0.42   0.29   0.97   0.74   0.32   0.36   0.72   0.11   0.53   0.38   0.76   0.20 
  0.19   0.32   0.85   0.46   0.45   0.43   0.90   0.24   0.85   0.85   0.53   0.48   0.46   0.48   0.31   0.64   0.68   0.28   0.58   0.44   0.98   0.52   0.52   0.69   0.99   0.11   0.61   0.33   0.32   0.68   0.34   0.83   0.54   0.80   0.17   0.78   0.36   0.88   0.37   0.50   0.92   0.53   0.75   0.69   0.53   0.66   0.67   0.53   0.49 
  0.33   0.34   0.38   0.28   0.42   0.41   0.79   0.57   0.30   0.45   0.51   0.90   0.71   0.38   0.42   0.36   0.48   0.96   0.20   0.73   0.41   0.86   0.63   0.48   0.19   0.83   0.22   0.84   0.81   0.26   0.65   0.51   0.26   0.94   0.11   0.96   0.91   0.67   0.94   0.94   0.51   0.46   0.77   0.28   0.97   0.98   0.46   0.76   0.83 
  0.48   0.25   0.57   0.22   0.22   0.34   0.85   0.87   0.28   0.60   0.86   0.13   0.91   0.57   0.50   0.98   0.84   0.22   0.13   0.88   0.69   0.95   0.82   0.46   0.30   0.13   0.15   0.61   0.34   0.35   0.52   0.98   0.69   0.59   0.32   0.62   0.51   0.40   0.49   0.28   0.75   0.14   0.74   0.65   0.68   0.92   0.14   0.38   0.21 
  0.81   0.77   0.58   0.10   0.22   0.75   0.12   0.18   0.56   0.72   0.65   0.17   0.86   0.66   0.46   0.59   0.85   0.70   0.28   0.40   0.31   0.60   0.14   0.70   0.80   0.26   0.69   0.59   0.58   0.61   0.34   0.34   0.99   0.59   0.50   0.52   0.47   0.96   0.41   0.67   0.63   0.18   0.64   0.90   0.48   0.87   0.16   0.27   0.50 
  0.12   0.11   0.63   0.74   0.89   0.30   0.21   0.17   0.79   0.89   0.74   0.76   0.11   0.98   0.13   0.95   0.24   0.18   0.90   0.62   0.99   0.89   0.12   0.24   0.80   0.77   0.15   0.21   0.11   0.42   0.44   0.54   0.38   0.61   0.59   0.21   0.92   0.96   0.26   0.94   0.77   0.96   0.93   0.66   0.87   0.89   0.78   0.81   0.37 
  0.93   0.57   0.36   0.81   0.82   0.98   0.50   0.97   0.33   0.74   0.95   0.67   0.22   0.39   0.11   0.54   0.47   0.91   0.66   0.46   0.71   0.91   0.71   0.25   0.33   0.98   0.40   0.60   0.45   0.73   0.18   0.87   0.27   0.62   0.39   0.86   0.86   0.63   0.12   0.29   0.39   0.14   0.25   0.48   0.60   0.36   0.23   0.74   0.58 
  0.41   0.41   0.72   0.61   0.37   0.25   0.88   0.75   0.74   0.16   0.19   0.69   0.74   0.24   0.73   0.20   0.11   0.70   0.57   0.41   0.73   0.28   0.70   0.68   0.76   0.66   0.47   0.78   0.49   0.36   0.57   0.75   0.61   0.22   0.64   0.44   0.34   0.76   0.84   0.59   0.51   0.45   0.59   0.65   0.84   0.84   0.66   0.75   0.54 
  0.15   0.93   0.35   0.45   0.26   0.91   0.16   0.11   0.83   0.71   0.20   0.68   0.58   0.87   0.14   0.16   0.74   0.71   0.15   0.24   0.56   0.22   0.44   0.43   0.14   0.49   0.37   0.85   0.53   0.18   0.54   0.34   0.93   0.17   0.76   0.66   0.10   0.94   0.15   0.29   0.68   0.11   0.74   0.90   0.35   0.88   0.89   0.44   0.48 
  0.63   0.82   0.28   0.49   0.98   0.95   0.39   0.52   0.34   0.85   0.32   0.16   0.81   0.28   0.72   0.76   0.97   0.15   0.27   0.28   0.93   0.21   0.17   0.63   0.69   0.44   0.79   0.60   0.26   0.30   0.32   0.45   0.80   0.14   0.82   0.91   0.58   0.30   0.24   0.80   0.34   0.36   0.55   0.15   0.65   0.59   0.61   0.43   0.30 
  0.69   0.98   0.67   0.77   0.59   0.54   0.19   0.60   0.75   0.79   0.92   0.11   0.99   0.54   0.86   0.72   0.81   0.84   0.52   0.16   0.28   0.62   0.60   0.12   0.50   0.16   0.41   0.25   0.94   0.80   0.66   0.65   0.48   0.98   0.61   0.77   0.36   0.89   0.31   0.16   0.98   0.35   0.90   0.54   0.56   0.25   0.42   0.60   0.25 
  0.65   0.72   0.32   0.21   0.55   0.94   0.45   0.48   0.35   0.89   0.16   0.45   0.30   0.88   0.78   0.88   0.54   0.35   0.48   0.23   0.59   0.86   0.46   0.22   0.30   0.13   0.12   0.66   0.24   0.13   0.48   0.42   0.59   0.86   0.25   0.49   0.72   0.48   0.89   0.30   0.53   0.63   0.25   0.88   0.31   0.40   0.61   0.66   0.40 
  0.31   0.36   0.33   0.22   0.51   0.81   0.38   0.12   0.91   0.41   0.98   0.26   0.33   0.22   0.32   0.77   0.17   0.53   0.59   0.29   0.40   0.67   0.55   0.78   0.16   0.15   0.66   0.32   0.32   0.79   0.96   0.83   0.75   0.94   0.37   0.94   0.80   0.95   0.64   0.42   0.40   0.22   0.95   0.14   0.13   0.71   0.48   0.90   0.98 
---
G_diag: 49 49
  3.27   7.73   5.11   2.70   4.05   9.07   9.60   2.13   6.19   5.18   3.46   7.22   5.72   7.85   7.43   6.98   6.89   3.81   6.51   6.34   7.15   5.94   4.89   7.20   9.66   6.31   3.95   3.29   7.95   3.37   4.12   2.12   9.83   7.18   5.39   3.60   7.32   6.10   6.70   4.42   2.96   3.00   6.41   3.66   9.65   4.14   4.48   8.19   9.41 
  3.04   2.34   3.82   4.78   9.87   2.53   4.66   8.21   9.74   4.55   6.95   3.23   9.48   2.57   9.68   5.15   8.87   8.84   2.45   4.25   6.06   9.27   9.55   8.10   3.49   8.64   7.78   9.43   8.75   4.12   3.56   3.94   8.98   2.64   6.77   7.29   4.21   3.46   4.83   3.06   4.38   3.89   8.27   3.75   6.71   6.15   7.22   8.48   8.12 
  6.73   2.28   4.97   6.61   8.73   7.40   5.27   2.52   8.18   6.32   6.33   9.57   6.73   6.46   9.34   2.21   4.89   6.72   2.69   9.64   7.55   9.14   8.65   5.43   9.74   7.19   2.31   2.47   8.79   2.75   6.17   7.24   5.37   3.02   7.14   4.76   9.80   6.13   6.59   4.36   8.51   6.33   6.51   6.40   3.55   9.27   9.48   3.40   5.66 
  9.27   8.57   8.46   6.83   3.07   7.38   3.49   4.11   2.10   4.13   6.35   5.73   8.57   6.52   9.53   3.23   4.84   3.34   5.14   5.11   3.78   8.99   6.52   3.94   9.38   6.78   5.33   7.97   7.37   8.42   3.46   6.36   2.88   8.50   6.53   7.14   3.34   7.17   4.34   3.23   8.50   2.14   4.41   7.57   9.58   9.34   4.24   6.06   9.21 
  4.82   8.66   4.12   7.03   7.18   4.98   3.03   3.20   4.83   6.65   8.64   3.68   9.68   9.17   8.39   5.92   7.62   7.18   4.13   4.77   3.74   4.39   7.44   5.94   8.60   5.61   3.54   4.77   7.89   6.73   2.50   3.81   3.22   7.56   2.39   6.68   8.03   6.23   4.11   4.94   9.30   7.03   5.82   7.05   3.65   6.63   7.92   7.45   9.25 
  9.39   9.15   6.42   9.37   5.25   9.17   8.73   2.31   3.24   4.05   8.12   8.78   2.71   2.38   7.75   9.01   2.34   5.67   8.69   8.05   5.36   2.62   7.75   9.47   2.82   5.83   6.37   3.03   6.88   8.28   9.56   4.91   2.47   3.77   7.98   2.78   5.99   3.70   9.33   7.90   8.26   7.26   7.76   3.39   3.57   8.06   7.96   6.24   7.42 
  2.24   3.19   3.65   7.67   7.29   7.28   5.24   2.15   3.77   3.28   6.73   3.04   2.22   4.27   6.76   5.47   9.13   8.95   2.91   7.44   7.81   8.70   6.41   4.79   3.35   5.09   9.90   3.34   4.98   2.92   2.16   4.95   5.66   5.66   5.49   4.72   8.86   2.73   7.65   7.87   7.44   8.91   2.27   8.19   4.75   9.06   8.28   4.12   2.99 
  7.72   3.50   8.69   2.86   8.92   6.69   7.53   3.37   4.62   4.45   8.21   4.38   4.98   2.78   3.99   5.53   9.23   2.71   7.62   3.31   4.68   8.76   4.63   5.67   9.41   5.95   4.34   6.31   5.77   2.61   4.32   4.72   8.97   8.21   7.10   6.29   9.61   9.51   7.94   9.05   2.77   4.05   3.11   2.81   6.30   9.72   7.38   4.57   4.44 
  8.99   8.37   5.25   2.74   6.14   9.66   3.72   4.85   7.24   7.13   4.38   3.17   2.80   4.29   7.05   7.32   6.42   3.50   8.45   2.48   8.84   4.15   6.55   3.45   9.09   3.20   5.35   7.44   9.24   6.50   8.28   2.79   8.82   5.35   9.63   8.73   9.85   3.62   2.72   8.61   8.06   3.34   8.98   6.99   7.43   6.49   8.71   2.50   6.88 
  4.94   4.99   8.98   2.63   9.72   4.15   9.74   7.40   3.28   5.99   7.35   7.10   2.72   4.63   5.53   3.81   2.68   3.17   3.93   7.65   3.14   5.88   7.26   5.22   2.48   8.84   8.49   7.74   9.46   7.79   2.44   6.98   5.31   7.47   8.02   6.22   6.31   3.62   7.13   8.28   3.59   5.70   7.46   8.39   3.82   9.24   4.86   4.57   7.44 
  5.60   7.46   2.85   2.55   7.05   2.55   7.90   2.67   4.62   8.97   6.62   7.59   6.69   6.06   2.65   9.68   8.02   7.46   6.11   2.21   6.76   7.28   9.86   5.20   9.19   8.83   5.39   6.29   2.59   2.27   8.03   5.01   9.78   4.45   4.48   5.50   4.71   4.87   3.89   8.93   2.38   9.68   8.84   7.50   8.36   2.67   6.70   4.52   3.95 
  4.50   3.35   8.31   7.33   3.12   9.78   6.75   4.99   2.84   4.84   3.83   3.63   6.30   7.72   9.82   7.50   2.46   8.48   6.24   8.87   5.29   7.00   2.18   4.26   6.02   5.91   6.73   6.12   6.32   7.08   4.75   5.14   7.74   5.38   4.21   2.11   8.22   3.76   6.29   6.77   7.20   8.83   3.92   6.50   6.30   9.53   7.87   4.65   6.69 
  8.47   6.16   7.03   2.13   6.80   5.67   2.94   5.32   4.01   3.98   9.47   4.10   9.43   3.05   8.63   4.88   9.83   8.66   8.54   9.45   9.49   6.73   5.96   2.32   6.65   2.87   5.99   9.39   5.07   8.36   5.32   3.92   5.04   5.52   5.86   3.57   7.90   9.59   9.16   4.88   2.75   5.43   8.82   3.14   2.63   7.83   3.65   6.51   7.17 
  5.18   5.12   5.29   4.02   8.54   2.58   7.09   5.72   9.85   2.87   8.11   2.39   6.04   5.64   2.60   6.40   4.34   6.83   3.61   5.61   7.19   6.27   5.05   7.65   5.99   2.67   5.76   9.41   5.62   2.44   7.65   3.85   3.37   3.20   2.42   6.06   4.81   6.34   5.72   6.84   4.23   8.19   8.12   4.19   4.85   7.85   7.54   7.68   6.69 
  5.86   3.07   6.92   3.86   8.26   6.18   3.62   4.72   4.23   5.50   5.14   4.38   9.54   5.22   6.19   5.61   9.49   4.95   4.10   5.15   9.20   7.27   8.69   6.65   9.49   3.15   4.83   7.49   9.00   3.82   6.47   7.80   3.11   8.11   5.52   4.67   5.05   7.91   4.14   7.48   8.50   7.35   5.97   9.86   2.36   5.33   3.21   2.57   7.24 
  3.95   6.96   2.32   9.46   8.92   9.33   9.63   3.71   7.46   3.18   9.62   7.42   9.33   2.37   4.55   6.95   7.45   3.19   6.60   8.97   6.83   2.80   7.36   2.45   5.41   2.16   4.61   5.54   8.90   9.50   6.59   8.83   5.69   6.49   3.77   3.55   4.72   2.41   6.86   3.78   6.16   6.19   8.08   2.75   2.31   3.65   3.67   2.40   2.80 
  2.15   2.18   4.99   5.21   5.84   3.76   3.55   9.54   9.72   3.41   2.20   5.36   2.70   8.56   5.79   2.47   5.42   8.03   8.24   8.65   9.62   2.40   5.03   7.56   6.81   8.60   2.64   6.66   6.63   3.51   6.71   9.72   6.46   9.59   6.35   8.57   8.66   8.01   9.63   2.45   9.43   4.30   5.41   2.98   6.36   7.96   3.93   8.92   2.52 
  4.10   9.10   9.28   6.72   3.11   8.46   9.26   4.87   7.81   5.92   2.96   2.77   7.74   2.87   2.72   4.35   6.30   5.88   2.16   9.61   4.27   6.27   7.09   5.28   3.44   6.63   9.65   3.34   8.55   4.91   5.71   9.08   6.99   5.57   8.60   2.97   7.29   2.42   2.73   3.34   4.35   8.99   8.38   3.82   5.06   4.18   9.73   6.42   2.45 
  9.07   2.24   7.02   2.11   7.86   6.66   8.47   2.95   2.32   2.27   4.45   9.27   4.71   7.49   5.92   7.06   9.68   6.33   7.71   3.66   2.89   9.85   3.45   9.71   6.98   2.81   3.70   8.01   6.46   9.21   8.76   4.27   2.71   8.75   3.01   2.82   5.56   6.13   6.24   4.33   8.19   6.97   4.91   6.33   7.05   9.77   4.55   5.88   2.64 
  6.43   7.66   2.23   5.64   6.83   6.91   7.63   8.94   2.13   3.72   3.99   3.84   5.42   5.60   4.11   6.75   6.52   9.35   6.56   9.13   2.51   2.25   5.98   4.96   3.76   8.54   8.03   8.04   2.93   5.28   8.81   5.43   7.50   9.53   8.24   8.67   6.25   3.35   3.45   3.71   3.44   6.52   2.23   5.86   5.39   6.46   7.69   6.92   9.00 
  9.13   5.76   9.18   9.52   4.82   2.69   3.81   2.87   3.11   7.13   2.36   3.94   4.99   9.15   7.64   7.57   7.87   4.02   4.15   8.16   9.66   7.97   8.11   8.32   7.27   7.57   5.92   3.35   5.37   2.19   7.62   2.40   7.67   3.82   4.15   9.72   2.80   9.05   2.64   2.91   4.64   3.17   7.64   8.00   7.78   5.36   6.74   6.34   4.22 
  2.90   2.37   7.50   7.09   5.87   3.74   9.22   3.98   2.40   5.24   2.42   8.11   3.70   8.08   2.18   2.76   8.54   2.15   6.78   3.67   8.69   7.92   5.16   3.80   6.84   4.60   2.70   8.18   6.62   3.65   7.09   6.60   2.13   8.72   7.00   9.08   3.19   9.26   4.96   9.56   6.06   5.18   7.88   2.75   2.66   7.06   8.86   6.01   5.32 
  3.02   6.96   6.45   4.51   4.48   3.14   4.90   7.68   4.48   3.25   4.20   7.83   9.26   7.16   3.28   9.32   2.68   4.00   9.79   9.81   8.40   5.66   9.22   9.39   5.44   4.67   3.22   5.31   6.14   2.31   6.39   7.58   5.06   3.86   7.72   9.36   8.67   3.78   5.64   6.70   3.33   6.11   7.34   8.67   5.20   5.99   5.97   4.24   3.24 
  9.89   6.14   2.36   8.22   2.43   8.39   3.93   4.37   6.22   7.43   2.79   6.52   7.35   7.64   7.36   7.20   3.84   9.51   3.06   9.19   6.21   3.73   7.57   6.49   9.28   9.46   6.26   8.72   6.75   4.87   8.03   2.58   4.67   4.81   2.44   2.96   9.85   6.25   2.35   3.83   3.56   7.53   3.15   3.58   8.70   8.19   2.99   3.48   7.70 
  2.26   7.48   3.78   4.13   8.62   9.56   7.13   7.72   5.93   4.56   5.73   7.65   6.58   3.57   6.85   6.31   9.54   7.26   7.01   9.53   9.41   6.09   3.98   7.50   7.46   3.66   5.01   3.50   7.71   3.74   8.48   8.92   3.75   5.62   5.20   6.95   2.51   3.35   7.89   3.51   9.49   7.64   4.08   6.86   2.30   9.81   4.82   6.47   9.56 
  4.44   6.32   8.97   6.46   9.40   8.67   6.13   3.38   5.03   5.86   5.71   9.15   4.09   6.36   9.16   5.34   4.07   2.82   8.91   8.94   8.59   5.82   9.70   9.17   9.04   4.93   8.29   6.25   2.34   2.93   3.73   7.17   7.22   7.91   8.42   8.81   3.73   5.68   7.87   7.96   3.05   9.26   4.55   7.20   4.05   6.15   2.42   3.21   8.67 
  7.52   9.64   3.38   4.38   8.01   4.81   3.97   8.85   5.01   5.13   3.16   6.00   5.14   5.04   9.89   2.59   2.94   2.90   4.66   3.28   6.72   6.77   8.92   5.07   3.75   2.84   2.92   6.32   9.48   7.55   6.64   7.95   5.78   7.07   3.18   2.19   9.72   4.87   2.73   4.24   2.73   2.82   2.81   3.63   7.22   8.18   7.47   7.61   5.59 
  4.90   9.66   3.57   7.51   6.83   8.35   8.23   8.36   7.01   8.62   3.51   2.38   3.09   7.31   6.26   3.20   4.27   9.31   9.36   2.98   5.38   9.57   7.26   5.37   3.72   9.57   9.78   8.00   7.23   9.53   2.78   2.45   2.43   5.73   9.54   7.27   9.85   9.38   2.74   2.93   4.81   4.33   9.53   5.07   2.40   2.75   7.81   4.98   2.77 
  6.87   3.21   7.74   5.26   3.99   3.92   4.29   2.26   7.66   3.28   6.28   2.48   5.55   3.85   6.35   6.16   7.13   3.16   7.99   8.17   3.78   4.01   5.48   4.69   5.99   9.75   6.29   7.06   4.34   2.34   7.26   9.81   7.56   9.03   7.84   5.01   7.28   3.50   6.61   6.71   5.55   2.76   7.95   9.58   6.26   4.79   5.48   9.55   2.38 
  9.09   7.66   9.26   2.51   6.65   6.16   9.72   5.26   5.93   2.43   4.58   2.72   9.32   5.88   9.13   4.05   8.34   2.74   5.54   2.79   2.84   3.19   7.41   6.09   9.23   8.65   6.18   2.71   4.48   5.13   2.84   5.01   7.02   2.71   2.16   2.81   7.70   2.93   5.83   9.75   4.48   5.52   6.69   3.34   9.50   7.18   7.27   2.67   9.82 
  7.55   6.12   4.64   4.04   9.78   4.28   4.34   5.23   3.99   2.61   8.26   7.23   8.52   9.51   5.81   9.88   8.47   8.47   2.97   8.61   8.28   8.54   4.55   8.61   6.85   9.26   2.80   8.80   3.11   5.38   4.66   9.78   5.79   8.51   6.76   2.12   8.50   7.15   9.05   9.08   8.17   8.44   8.38   8.64   6.51   3.02   3.02   4.07   7.72 
  6.98   4.94   3.55   5.34   3.05   7.34   5.13   7.09   7.71   2.30   6.66   7.47   2.31   6.97   5.74   3.73   5.27   7.22   5.21   5.81   4.52   4.42   6.80   5.37   7.03   4.01   9.73   6.94   5.22   5.13   5.64   8.97   4.22   9.62   5.51   2.73   9.49   4.11   7.31   4.47   7.87   3.41   7.63   8.25   7.35   5.10   9.16   4.76   5.98 
  9.66   9.67   6.46   6.84   8.84   8.72   2.50   7.44   2.74   6.76   4.80   9.83   2.44   9.16   4.94   6.63   3.27   2.17   3.92   7.87   5.19   5.04   3.47   6.20   7.33   3.82   9.81   5.72   8.22   5.93   8.85   3.24   3.18   8.07   4.66   2.11   5.40   6.54   5.05   5.55   8.04   9.01   7.65   6.01   7.15   6.28   4.47   4.96   2.74 
  3.53   7.75   7.36   5.73   6.74   6.78   4.96   2.31   5.90   9.08   5.99   2.66   6.00   8.49   7.01   8.07   6.15   3.20   5.37   5.24   4.29   3.45   4.05   7.48   6.56   3.88   5.38   7.76   9.31   4.37   5.81   4.74   5.36   7.95   7.16   2.40   6.41   5.01   8.32   2.21   6.29   4.23   8.13   9.30   9.45   5.95   4.77   8.87   5.08 
  6.64   2.11   5.31   4.43   8.93   7.06   9.47   8.40   7.93   6.09   4.82   8.62   3.02   8.36   2.84   2.65   6.84   8.27   6.16   8.15   8.98   8.16   3.32   7.50   9.07   9.71   5.72   2.49   8.47   2.89   3.79   3.48   9.27   4.28   5.58   7.84   9.77   7.54   5.45   9.36   3.15   6.78   8.39   3.89   9.69   5.37   8.67   3.73   7.61 
  2.24   6.56   7.33   8.55   6.25   7.99   7.38   9.33   8.50   3.26   4.77   9.25   4.76   2.13   4.98   7.48   9.20   7.15   8.36   5.51   9.80   5.34   6.59   2.14   3.08   4.24   3.60   3.90   6.75   7.72   7.47   9.19   8.71   3.86   6.24   3.16   9.88   7.49   7.65   7.93   8.06   5.27   2.32   4.25   3.53   6.72   3.56   6.67   5.55 
  8.85   6.40   2.24   8.39   4.37   3.73   9.76   7.15   9.03   7.16   7.36   4.31   7.63   7.13   2.97   8.25   6.35   5.73   2.11   6.85   9.42   6.47   4.12   3.08   3.69   2.22   3.51   6.34   9.22   7.43   7.12   6.17   6.72   9.51   6.15   2.84   3.06   8.92   5.72   8.82   3.23   4.94   3.16   6.17   2.40   8.28   3.56   8.84   6.61 
  7.97   4.59   4.73   8.36   4.30   9.33   9.07   6.50   4.34   7.11   6.10   7.52   5.65   4.36   7.36   9.60   7.99   6.25   5.67   2.97   2.95   3.61   8.72   6.56   4.14   7.48   5.71   3.61   7.13   5.48   6.77   4.95   6.50   9.86   5.59   3.80   2.38   5.20   8.92   9.20   7.83   2.63   5.70   7.48   3.39   2.42   8.14   8.99   7.78 
  7.72   5.11   7.58   9.82   3.72   4.97   4.50   9.41   3.79   3.67   2.11   9.34   3.63   9.06   4.09   5.31   3.54   7.71   5.00   7.90   9.03   5.36   2.71   5.31   3.34   5.57   8.51   9.32   5.55   4.29   7.85   2.27   6.70   4.91   2.98   2.82   5.87   5.76   4.31   4.68   3.79   4.98   4.96   6.76   8.26   8.22   3.10   9.16   3.49 
  2.42   3.38   5.79   9.41   2.37   8.07   9.32   8.30   5.11   3.44   4.21   3.75   4.78   5.00   4.27   2.15   3.75   7.97   7.45   2.18   5.83   8.52   6.91   2.90   4.16   3.72   5.44   9.10   4.02   8.42   7.05   7.24   6.31   4.93   8.32   2.12   9.28   7.86   8.30   3.47   9.84   6.55   5.75   5.93   7.42   7.20   9.62   5.67   4.71 
  3.05   5.04   2.40   7.63   4.87   3.10   7.21   6.52   9.37   6.36   6.91   7.58   8.39   5.24   7.05   9.26   9.88   5.18   7.17   5.34   7.00   5.89   2.58   3.88   4.09   8.32   9.64   8.21   6.89   9.13   2.24   2.26   6.32   9.60   8.28   9.61   6.18   7.40   6.03   2.58   4.73   9.52   9.00   6.22   6.85   8.10   6.17   7.28   6.95 
  7.29   9.25   6.92   3.49   6.77   6.90   2.61   3.59   6.97   3.99   9.17   8.75   6.32   6.67   9.73   3.66   4.33   5.18   5.24   8.44   7.58   8.41   8.85   5.07   4.37   2.41   9.46   9.21   4.26   9.88   8.87   2.19   2.31   5.03   2.10   2.33   9.23   5.64   7.74   8.72   7.94   5.44   8.89   8.79   6.55   3.70   5.92   5.29   8.23 
  8.04   4.60   9.79   7.37   3.84   2.93   6.12   7.85   7.52   7.01   7.05   4.39   8.22   5.60   2.90   2.55   4.01   8.29   9.72   8.75   8.61   5.18   8.31   3.08   2.28   5.13   2.42   6.64   2.65   3.17   3.13   6.71   4.14   9.42   6.05   8.87   4.16   8.83   4.06   5.69   4.46   3.59   9.24   6.24   9.76   2.96   7.36   7.68   3.31 
  2.98   2.27   6.58   2.23   3.67   6.47   2.12   2.44   9.30   8.87   2.89   8.96   2.71   8.77   8.37   3.41   9.36   4.20   7.99   2.73   7.79   4.08   5.46   4.98   3.08   5.48   5.30   5.70   2.20   7.54   2.39   8.69   3.12   6.24   8.98   6.91   2.73   3.05   9.85   9.28   3.81   4.73   5.93   2.31   2.66   9.07   9.59   4.86   4.46 
  9.50   9.32   7.67   4.39   3.12   4.34   6.77   6.42   4.31   3.30   7.98   4.10   3.00   2.19   4.13   2.58   6.83   8.53   7.70   3.25   7.14   5.63   5.18   3.58   7.01   9.16   6.09   5.16   6.31   5.63   8.60   4.18   4.61   2.43   3.49   6.13   4.26   4.12   9.77   6.69   8.46   8.15   9.07   6.18   9.56   5.54   5.23   5.73   5.10 
  8.25   6.34   2.27   5.97   5.04   6.22   4.15   4.83   2.69   8.04   8.76   3.88   4.79   3.85   3.73   7.33   6.93   2.16   7.51   2.95   7.12   5.33   6.45   8.94   6.79   8.39   8.53   7.97   9.42   6.54   5.42   7.74   4.97   8.57   9.24   4.63   6.38   2.25   2.79   7.77   2.53   2.72   4.11   9.03   2.42   5.79   2.61   6.25   3.66 
  5.01   8.86   2.59   4.44   4.32   4.02   3.17   2.72   9.22   6.99   9.27   7.22   7.67   9.61   4.85   9.55   7.83   6.25   5.35   6.48   7.73   4.96   5.05   8.74   3.67   4.31   7.36   3.62   4.67   4.15   5.90   7.50   5.31   7.79   9.19   3.14   3.57   9.11   5.09   8.89   9.36   6.51   9.45   7.35   4.55   4.64   2.48   4.52   8.50 
  4.32   7.06   8.32   4.63   3.70   3.40   4.14   4.16   5.92   7.55   2.51   8.89   5.79   6.61   8.69   2.65   3.12   8.03   3.97   7.72   7.06   6.34   2.55   7.60   7.05   3.12   8.62   4.63   4.36   7.51   2.18   7.37   3.13   5.17   7.65   4.89   9.04   2.15   5.35   5.79   7.56   8.23   2.19   7.10   5.91   3.46   4.68   9.52   8.62 
  9.24   4.65   2.49   7.99   2.61   7.69   3.09   9.71   2.21   5.88   4.34   9.27   2.21   9.80   8.02   7.87   3.24   6.84   3.75   6.54   3.46   9.30   3.87   4.46   6.26   9.34   3.48   9.22   8.61   6.37   3.12   3.44   3.11   5.81   7.67   3.42   7.94   7.72   3.06   2.32   7.00   7.34   6.82   9.77   2.30   7.70   6.34   5.79   3.42 
---
