G_down: 49 50
  0.75   0.92   0.87   0.30   0.60   0.35   0.89   0.11   0.77   0.68   0.89   0.24   0.47   0.95   0.41   0.13   0.17   0.24   0.69   0.35   0.66   0.49   0.51   0.92   0.80   0.61   0.30   0.96   0.27   0.24   0.93   0.52   0.64   0.64   0.34   0.48   0.64   0.46   0.93   0.38   0.86   0.69   0.75   0.83   0.80   0.48   0.26   0.60   0.25   0.24 
  0.68   0.83   0.74   0.62   0.54   0.29   0.92   0.80   0.70   0.44   0.92   0.90   0.30   0.53   0.65   0.69   0.13   0.32   0.58   0.35   0.69   0.67   0.90   0.54   0.58   0.91   0.40   0.90   0.32   0.87   0.71   0.96   0.76   0.55   0.54   0.53   0.61   0.11   0.33   0.53   0.72   0.62   0.83   0.33   0.14   0.11   0.27   0.35   0.63   0.37 
  0.61   0.16   0.70   0.77   0.72   0.90   0.52   0.82   0.98   0.27   0.65   0.32   0.93   0.20   0.18   0.11   0.27   0.70   0.92   0.74   0.90   0.49   0.55   0.96   0.17   0.72   0.73   0.20   0.36   0.74   0.26   0.62   0.54   0.56   0.52   0.13   0.29   0.94   0.72   0.32   0.24   0.45   0.96   0.77   0.52   0.68   0.49   0.97   0.14   0.20 
  0.16   0.85   0.74   0.51   0.69   0.82   0.26   0.53   0.31   0.82   0.63   0.31   0.45   0.54   0.16   0.30   0.71   0.95   0.16   0.87   0.41   0.74   0.53   0.58   0.86   0.73   0.36   0.10   0.61   0.92   0.64   0.39   0.74   0.21   0.68   0.36   0.65   0.33   0.73   0.89   0.26   0.30   0.99   0.74   0.67   0.11   0.94   0.14   0.67   0.44 
  0.12   0.27   0.39   0.19   0.66   0.14   0.92   0.82   0.64   0.34   0.31   0.29   0.59   0.80   0.88   0.19   0.61   0.41   0.63   0.68   0.80   0.88   0.36   0.31   0.51   0.42   0.59   0.76   0.86   0.56   0.63   0.44   0.39   0.51   0.97   0.89   0.57   0.16   0.81   0.52   0.93   0.72   0.83   0.57   0.13   0.14   0.94   0.34   0.62   0.28 
  0.34   0.15   0.24   0.82   0.45   0.66   0.14   0.44   0.35   0.70   0.37   0.47   0.17   0.53   0.53   0.93   0.51   0.51   0.45   0.72   0.13   0.47   0.61   0.85   0.87   0.99   0.96   0.10   0.35   0.77   0.25   0.55   0.14   0.62   0.46   0.90   0.51   0.29   0.25   0.12   0.23   0.90   0.87   0.58   0.90   0.46   0.93   0.84   0.54   0.91 
  0.62   0.31   0.45   0.69   0.48   0.76   0.49   0.34   0.95   0.45   0.14   0.77   0.45   0.53   0.85   0.76   0.92   0.78   0.10   0.69   0.27   0.26   0.57   0.53   0.65   0.99   0.76   0.79   0.32   0.90   0.49   0.22   0.42   0.40   0.29   0.94   0.23   0.69   0.37   0.19   0.91   0.66   0.73   0.26   0.96   0.23   0.87   0.24   0.77   0.71 
  0.20   0.82   0.61   0.56   0.48   0.95   0.23   0.48   0.61   0.25   0.24   0.70   0.77   0.30   0.50   0.74   0.24   0.67   0.36   0.94   0.34   0.90   0.17   0.28   0.84   0.36   0.43   0.43   0.24   0.53   0.10   0.79   0.57   0.82   0.20   0.75   0.85   0.25   0.58   0.21   0.67   0.18   0.77   0.62   0.56   0.75   0.80   0.36   0.34   0.96 
  0.86   0.65   0.77   0.74   0.41   0.75   0.46   0.47   0.61   0.65   0.68   0.95   0.34   0.31   0.97   0.12   0.11   0.11   0.32   0.97   0.68   0.41   0.90   0.79   0.70   0.41   0.91   0.19   0.87   0.52   0.15   0.74   0.37   0.78   0.38   0.23   0.85   0.40   0.79   0.96   0.79   0.87   0.18   0.62   0.41   0.60   0.70   0.38   0.67   0.42 
  0.69   0.42   0.29   0.49   0.51   0.81   0.23   0.70   0.25   0.28   0.80   0.92   0.50   0.89   0.32   0.73   0.82   0.46   0.93   0.35   0.92   0.95   0.17   0.54   0.30   0.46   0.54   0.61   0.18   0.72   0.32   0.63   0.42   0.29   0.52   0.48   0.82   0.88   0.62   0.25   0.71   0.24   0.42   0.98   0.49   0.98   0.78   0.96   0.95   0.73 
  0.23   0.12   0.52   0.47   0.81   0.20   0.35   0.81   0.46   0.82   0.32   0.77   0.57   0.66   0.44   0.18   0.44   0.39   0.38   0.65   0.43   0.45   0.20   0.33   0.18   0.27   0.82   0.45   0.67   0.93   0.63   0.84   0.83   0.81   0.98   0.40   0.85   0.86   0.84   0.60   0.31   0.30   0.27   0.22   0.23   0.61   0.67   0.36   0.50   0.91 
  0.94   0.67   0.31   0.98   0.34   0.90   0.20   0.42   0.65   0.35   0.95   0.65   0.76   0.16   0.80   0.79   0.12   0.70   0.66   0.18   0.81   0.23   0.19   0.83   0.77   0.70   0.93   0.20   0.79   0.62   0.39   0.25   0.41   0.70   0.45   0.62   0.30   0.71   0.95   0.94   0.71   0.23   0.48   0.22   0.58   0.62   0.55   0.17   0.27   0.83 
  0.62   0.40   0.82   0.38   0.54   0.25   0.59   0.33   0.87   0.16   0.39   0.41   0.85   0.93   0.98   0.26   0.22   0.77   0.89   0.60   0.13   0.30   0.50   0.69   0.76   0.28   0.51   0.51   0.84   0.81   0.29   0.64   0.48   0.81   0.84   0.95   0.89   0.38   0.46   0.29   0.73   0.67   0.28   0.18   0.92   0.91   0.14   0.44   0.59   0.47 
  0.24   0.93   0.81   0.35   0.39   0.24   0.79   0.16   0.83   0.95   0.86   0.20   0.63   0.84   0.84   0.23   0.39   0.74   0.55   0.30   0.56   0.73   0.90   0.48   0.27   0.28   0.96   0.30   0.52   0.22   0.57   0.42   0.72   0.59   0.96   0.55   0.32   0.18   0.57   0.16   0.21   0.32   0.33   0.10   0.13   0.47   0.86   0.38   0.23   0.32 
  0.48   0.21   0.61   0.79   0.61   0.51   0.98   0.45   0.68   0.59   0.37   0.92   0.50   0.15   0.74   0.19   0.27   0.77   0.90   0.94   0.49   0.49   0.79   0.16   0.33   0.72   0.19   0.26   0.85   0.81   0.19   0.48   0.58   0.75   0.19   0.16   0.35   0.59   0.27   0.28   0.46   0.76   0.98   0.59   0.61   0.41   0.33   0.27   0.19   0.58 
  0.27   0.47   0.51   0.95   0.57   0.69   0.46   0.99   0.82   0.98   0.39   0.51   0.98   0.83   0.25   0.14   0.65   0.52   0.17   0.11   0.57   0.13   0.68   0.25   0.35   0.41   0.44   0.79   0.81   0.42   0.92   0.47   0.15   0.47   0.42   0.26   0.86   0.74   0.81   0.32   0.42   0.43   0.95   0.26   0.38   0.29   0.72   0.12   0.14   0.96 
  0.37   0.43   0.82   0.13   0.43   0.45   0.33   0.13   0.57   0.48   0.54   0.37   0.18   0.14   0.21   0.80   0.39   0.74   0.20   0.60   0.48   0.48   0.79   0.78   0.16   0.92   0.94   0.75   0.95   0.97   0.98   0.53   0.70   0.65   0.41   0.55   0.26   0.91   0.96   0.57   0.52   0.77   0.54   0.30   0.78   0.83   0.53   0.28   0.85   0.19 
  0.79   0.17   0.21   0.78   0.63   0.69   0.91   0.96   0.71   0.31   0.43   0.76   0.41   0.23   0.35   0.48   0.37   0.41   0.55   0.68   0.79   0.40   0.55   0.37   0.58   0.40   0.24   0.64   0.98   0.48   0.22   0.62   0.19   0.83   0.96   0.28   0.89   0.26   0.63   0.14   0.86   0.78   0.68   0.72   0.45   0.65   0.28   0.27   0.56   0.92 
  0.36   0.39   0.65   0.46   0.76   0.67   0.13   0.44   0.34   0.75   0.54   0.32   0.92   0.38   0.21   0.83   0.60   0.54   0.63   0.18   0.60   0.94   0.49   0.32   0.25   0.83   0.62   0.21   0.74   0.29   0.88   0.28   0.33   0.41   0.71   0.80   0.11   0.80   0.20   0.23   0.34   0.49   0.53   0.41   0.17   0.64   0.54   0.87   0.63   0.83 
  0.81   0.83   0.24   0.65   0.83   0.37   0.83   0.68   0.12   0.67   0.39   0.10   0.45   0.89   0.67   0.74   0.98   0.82   0.19   0.48   0.36   0.24   0.13   0.65   0.29   0.46   0.77   0.58   0.31   0.82   0.20   0.72   0.33   0.20   0.78   0.60   0.92   0.23   0.17   0.40   0.35   0.88   0.68   0.25   0.74   0.44   0.52   0.51   0.67   0.37 
  0.24   0.85   0.65   0.79   0.65   0.16   0.85   0.95   0.64   0.52   0.86   0.73   0.42   0.37   0.29   0.31   0.39   0.55   0.12   0.22   0.76   0.87   0.29   0.11   0.42   0.24   0.43   0.81   0.21   0.24   0.19   0.72   0.71   0.55   0.71   0.17   0.80   0.36   0.30   0.87   0.61   0.72   0.25   0.24   0.13   0.41   0.56   0.77   0.76   0.48 
  0.15   0.16   0.21   0.94   0.34   0.55   0.42   0.92   0.56   0.57   0.76   0.64   0.34   0.19   0.96   0.42   0.53   0.60   0.45   0.70   0.28   0.78   0.83   0.93   0.49   0.54   0.31   0.38   0.33   0.49   0.79   0.67   0.60   0.97   0.73   0.79   0.35   0.55   0.88   0.51   0.54   0.17   0.24   0.42   0.91   0.78   0.62   0.86   0.84   0.92 
  0.25   0.18   0.68   0.48   0.83   0.74   0.43   0.96   0.53   0.92   0.79   0.91   0.64   0.98   0.72   0.21   0.97   0.91   0.76   0.57   0.59   0.70   0.33   0.21   0.85   0.76   0.48   0.59   0.16   0.75   0.80   0.43   0.14   0.57   0.51   0.38   0.68   0.91   0.42   0.94   0.42   0.15   0.49   0.95   0.58   0.43   0.12   0.66   0.31   0.85 
  0.57   0.91   0.75   0.88   0.51   0.15   0.26   0.26   0.32   0.48   0.61   0.20   0.44   0.13   0.76   0.43   0.97   0.64   0.78   0.88   0.78   0.72   0.32   0.45   0.71   0.18   0.46   0.50   0.58   0.42   0.88   0.67   0.84   0.96   0.71   0.35   0.66   0.65   0.79   0.10   0.17   0.76   0.26   0.91   0.58   0.36   0.55   0.18   0.27   0.77 
  0.84   0.49   0.19   0.96   0.30   0.28   0.98   0.64   0.34   0.94   0.55   0.73   0.81   0.49   0.93   0.24   0.46   0.27   0.42   0.43   0.87   0.72   0.71   0.66   0.61   0.86   0.25   0.82   0.56   0.10   0.25   0.80   0.58   0.42   0.36   0.31   0.96   0.60   0.29   0.77   0.92   0.13   0.57   0.11   0.28   0.11   0.26   0.28   0.92   0.98 
  0.33   0.94   0.48   0.24   0.97   0.64   0.47   0.86   0.32   0.86   0.85   0.37   0.63   0.30   0.71   0.18   0.39   0.65   0.94   0.55   0.56   0.54   0.34   0.16   0.45   0.64   0.93   0.92   0.51   0.98   0.14   0.60   0.34   0.81   0.58   0.84   0.24   0.25   0.45   0.96   0.52   0.67   0.19   0.34   0.90   0.38   0.16   0.34   0.86   0.50 
  0.81   0.27   0.73   0.93   0.16   0.33   0.88   0.78   0.46   0.96   0.36   0.78   0.63   0.30   0.38   0.28   0.43   0.79   0.98   0.74   0.12   0.37   0.27   0.37   0.88   0.85   0.59   0.82   0.74   0.47   0.13   0.72   0.74   0.29   0.97   0.22   0.21   0.52   0.97   0.91   0.73   0.26   0.60   0.97   0.33   0.71   0.56   0.62   0.33   0.90 
  0.82   0.48   0.52   0.87   0.67   0.72   0.78   0.42   0.66   0.82   0.25   0.17   0.31   0.52   0.36   0.11   0.60   0.10   0.33   0.18   0.95   0.72   0.96   0.50   0.89   0.61   0.45   0.64   0.57   0.14   0.31   0.90   0.87   0.89   0.90   0.97   0.37   0.42   0.19   0.47   0.26   0.26   0.59   0.11   0.65   0.65   0.64   0.86   0.10   0.57 
  0.17   0.18   0.88   0.91   0.10   0.49   0.17   0.76   0.98   0.89   0.66   0.87   0.64   0.45   0.91   0.80   0.55   0.56   0.40   0.54   0.85   0.63   0.76   0.93   0.84   0.71   0.31   0.86   0.28   0.80   0.80   0.21   0.94   0.39   0.86   0.35   0.34   0.34   0.43   0.29   0.59   0.54   0.64   0.48   0.36   0.34   0.35   0.41   0.49   0.23 
  0.37   0.38   0.16   0.19   0.60   0.89   0.82   0.65   0.42   0.22   0.28   0.77   0.72   0.81   0.14   0.89   0.59   0.41   0.11   0.32   0.20   0.38   0.59   0.86   0.83   0.16   0.87   0.52   0.20   0.91   0.45   0.77   0.87   0.57   0.87   0.63   0.73   0.81   0.77   0.85   0.12   0.15   0.24   0.39   0.26   0.79   0.35   0.64   0.53   0.66 
  0.30   0.64   0.95   0.37   0.74   0.31   0.34   0.30   0.13   0.23   0.50   0.11   0.72   0.75   0.95   0.76   0.67   0.66   0.19   0.55   0.96   0.55   0.79   0.78   0.40   0.95   0.11   0.86   0.16   0.54   0.37   0.72   0.32   0.40   0.83   0.58   0.74   0.22   0.85   0.24   0.68   0.82   0.84   0.23   0.28   0.28   0.15   0.39   0.66   0.80 
  0.94   0.40   0.47   0.81   0.29   0.98   0.55   0.59   0.96   0.28   0.76   0.68   0.28   0.84   0.78   0.98   0.11   0.81   0.64   0.87   0.45   0.66   0.41   0.99   0.18   0.80   0.53   0.98   0.97   0.18   0.59   0.82   0.13   0.55   0.30   0.32   0.36   0.82   0.81   0.32   0.28   0.35   0.57   0.46   0.63   0.89   0.91   0.75   0.98   0.64 
  0.26   0.43   0.87   0.34   0.46   0.26   0.54   0.84   0.70   0.28   0.61   0.87   0.24   0.16   0.35   0.43   0.54   0.54   0.51   0.10   0.18   0.11   0.69   0.63   0.32   0.94   0.62   0.43   0.16   0.88   0.64   0.51   0.55   0.95   0.55   0.78   0.74   0.27   0.65   0.22   0.84   0.48   0.13   0.41   0.68   0.84   0.47   0.23   0.87   0.30 
  0.17   0.41   0.22   0.92   0.42   0.72   0.26   0.83   0.33   0.37   0.39   0.97   0.36   0.76   0.89   0.45   0.65   0.16   0.83   0.66   0.47   0.43   0.59   0.87   0.23   0.52   0.72   0.95   0.94   0.60   0.28   0.98   0.54   0.67   0.16   0.49   0.94   0.17   0.19   0.75   0.28   0.80   0.53   0.53   0.61   0.12   0.39   0.65   0.49   0.68 
  0.91   0.25   0.59   0.29   0.89   0.23   0.73   0.71   0.28   0.70   0.77   0.42   0.37   0.39   0.98   0.13   0.68   0.20   0.42   0.22   0.50   0.56   0.82   0.76   0.25   0.50   0.40   0.18   0.60   0.77   0.81   0.93   0.57   0.55   0.93   0.70   0.57   0.25   0.62   0.51   0.35   0.24   0.33   0.29   0.65   0.52   0.65   0.27   0.90   0.86 
  0.77   0.32   0.41   0.76   0.78   0.89   0.28   0.63   0.74   0.59   0.43   0.87   0.90   0.80   0.12   0.14   0.65   0.64   0.12   0.66   0.23   0.10   0.64   0.22   0.48   0.65   0.93   0.56   0.19   0.35   0.37   0.45   0.41   0.45   0.30   0.90   0.45   0.75   0.23   0.63   0.46   0.74   0.57   0.17   0.36   0.46   0.49   0.34   0.93   0.61 
  0.47   0.49   0.41   0.16   0.90   0.42   0.39   0.29   0.55   0.26   0.42   0.53   0.59   0.65   0.88   0.38   0.54   0.64   0.30   0.27   0.85   0.92   0.38   0.34   0.54   0.32   0.49   0.94   0.45   0.85   0.25   0.95   0.27   0.21   0.92   0.39   0.85   0.74   0.84   0.25   0.37   0.42   0.12   0.43   0.80   0.78   0.69   0.50   0.96   0.83 
  0.93   0.50   0.47   0.56   0.68   0.74   0.87   0.95   0.14   0.34   0.77   0.75   0.49   0.61   0.76   0.24   0.29   0.33   0.54   0.21   0.83   0.82   0.27   0.93   0.89   0.54   0.88   0.82   0.13   0.28   0.84   0.22   0.73   0.45   0.68   0.91   0.90   0.80   0.25   0.89   0.70   0.61   0.53   0.70   0.40   0.38   0.70   0.75   0.67   0.15 
  0.54   0.24   0.42   0.80   0.19   0.71   0.71   0.11   0.68   0.31   0.28   0.57   0.39   0.31   0.10   0.59   0.59   0.21   0.99   0.38   0.18   0.35   0.77   0.98   0.38   0.12   0.42   0.23   0.55   0.93   0.44   0.73   0.28   0.93   0.96   0.85   0.98   0.11   0.45   0.28   0.26   0.81   0.20   0.45   0.85   0.88   0.52   0.57   0.97   0.28 
  0.18   0.89   0.69   0.21   0.26   0.97   0.28   0.13   0.31   0.22   0.98   0.69   0.98   0.65   0.37   0.17   0.85   0.58   0.99   0.74   0.66   0.14   0.94   0.49   0.97   0.39   0.62   0.84   0.74   0.22   0.14   0.94   0.23   0.53   0.68   0.64   0.80   0.66   0.44   0.39   0.76   0.15   0.19   0.59   0.61   0.73   0.37   0.16   0.96   0.95 
  0.68   0.82   0.38   0.52   0.13   0.76   0.86   0.53   0.44   0.85   0.57   0.86   0.23   0.52   0.44   0.21   0.49   0.71   0.41   0.25   0.57   0.32   0.80   0.46   0.35   0.58   0.70   0.37   0.13   0.70   0.60   0.97   0.98   0.15   0.46   0.33   0.57   0.15   0.97   0.71   0.93   0.49   0.65   0.83   0.57   0.65   0.67   0.51   0.16   0.26 
  0.98   0.15   0.54   0.89   0.98   0.61   0.73   0.19   0.38   0.34   0.95   0.17   0.62   0.81   0.26   0.95   0.46   0.50   0.95   0.60   0.73   0.12   0.22   0.25   0.85   0.81   0.26   0.20   0.96   0.51   0.77   0.69   0.33   0.54   0.41   0.12   0.28   0.43   0.37   0.82   0.27   0.90   0.76   0.20   0.47   0.66   0.62   0.36   0.30   0.28 
  0.27   0.14   0.89   0.83   0.17   0.87   0.91   0.62   0.85   0.64   0.19   0.28   0.38   0.48   0.30   0.45   0.65   0.65   0.51   0.40   0.48   0.65   0.17   0.22   0.22   0.40   0.11   0.11   0.12   0.38   0.79   0.11   0.49   0.94   0.84   0.34   0.37   0.14   0.81   0.29   0.57   0.32   0.83   0.29   0.11   0.49   0.75   0.40   0.76   0.64 
  0.98   0.67   0.52   0.85   0.73   0.76   0.49   0.67   0.56   0.35   0.57   0.50   0.45   0.47   0.69   0.67   0.71   0.76   0.18   0.48   0.79   0.18   0.80   0.34   0.95   0.97   0.16   0.86   0.69   0.34   0.17   0.57   0.56   0.85   0.57   0.62   0.38   0.27   0.45   0.31   0.60   0.17   0.99   0.42   0.35   0.37   0.11   0.53   0.97   0.23 
  0.94   0.55   0.43   0.44   0.67   0.44   0.13   0.62   0.46   0.82   0.19   0.69   0.63   0.56   0.77   0.10   0.34   0.77   0.25   0.52   0.23   0.57   0.41   0.37   0.98   0.95   0.88   0.18   0.64   0.93   0.44   0.68   0.10   0.42   0.84   0.70   0.74   0.22   0.26   0.16   0.76   0.50   0.84   0.55   0.39   0.79   0.89   0.49   0.65   0.27 
  0.70   0.93   0.77   0.31   0.75   0.69   0.71   0.14   0.33   0.25   0.45   0.44   0.74   0.34   0.87   0.86   0.37   0.60   0.38   0.45   0.85   0.63   0.39   0.80   0.18   0.46   0.74   0.70   0.70   0.14   0.94   0.34   0.73   0.50   0.79   0.77   0.47   0.89   0.34   0.93   0.67   0.39   0.65   0.79   0.59   0.43   0.48   0.15   0.29   0.98 
  0.25   0.27   0.25   0.98   0.54   0.64   0.79   0.62   0.93   0.93   0.62   0.25   0.19   0.40   0.90   0.91   0.13   0.76   0.95   0.25   0.69   0.41   0.90   0.10   0.14   0.59   0.30   0.95   0.77   0.30   0.22   0.40   0.52   0.82   0.65   0.71   0.75   0.65   0.39   0.39   0.20   0.58   0.25   0.19   0.32   0.36   0.11   0.20   0.26   0.68 
  0.61   0.27   0.91   0.80   0.77   0.52   0.24   0.61   0.73   0.53   0.45   0.21   0.47   0.71   0.51   0.41   0.17   0.71   0.63   0.25   0.20   0.26   0.97   0.34   0.24   0.29   0.98   0.71   0.54   0.21   0.32   0.29   0.91   0.44   0.14   0.62   0.62   0.41   0.65   0.80   0.18   0.14   0.86   0.74   0.38   0.51   0.16   0.46   0.58   0.91 
  0.45   0.51   0.62   0.54   0.34   0.90   0.11   0.45   0.51   0.76   0.64   0.40   0.71   0.60   0.70   0.97   0.29   0.24   0.46   0.38   0.93   0.63   0.20   0.92   0.17   0.86   0.24   0.17   0.71   0.94   0.11   0.15   0.58   0.83   0.33   0.15   0.43   0.34   0.74   0.59   0.73   0.62   0.94   0.71   0.12   0.18   0.82   0.60   0.35   0.29 
---
G_right: 50 49
  0.69   0.79   0.94   0.18   0.78   0.11   0.11   0.62   0.11   0.96   0.33   0.12   0.19   0.98   0.66   0.28   0.90   0.58   0.71   0.63   0.61   0.38   0.65   0.98   0.77   0.98   0.68   0.59   0.68   0.94   0.48   0.37   0.68   0.75   0.94   0.33   0.33   0.15   0.54   0.61   0.76   0.41   0.45   0.15   0.20   0.36   0.71   0.75   0.46 
  0.30   0.47   0.20   0.51   0.24   0.54   0.69   0.64   0.54   0.59   0.89   0.25   0.25   0.69   0.33   0.87   0.35   0.91   0.93   0.25   0.63   0.31   0.73   0.84   0.75   0.14   0.84   0.70   0.35   0.22   0.40   0.50   0.70   0.78   0.63   0.20   0.67   0.61   0.96   0.44   0.67   0.72   0.79   0.87   0.15   0.54   0.66   0.15   0.65 
  0.91   0.68   0.64   0.71   0.24   0.17   0.22   0.12   0.23   0.44   0.92   0.69   0.22   0.64   0.35   0.64   0.20   0.43   0.15   0.30   0.17   0.96   0.90   0.97   0.23   0.14   0.64   0.50   0.53   0.12   0.56   0.54   0.23   0.83   0.37   0.55   0.28   0.40   0.34   0.34   0.72   0.74   0.81   0.74   0.52   0.91   0.31   0.86   0.27 
  0.38   0.62   0.45   0.81   0.91   0.57   0.14   0.77   0.51   0.47   0.46   0.63   0.96   0.73   0.95   0.93   0.81   0.32   0.50   0.10   0.18   0.83   0.17   0.90   0.98   0.27   0.24   0.18   0.80   0.38   0.42   0.45   0.82   0.15   0.26   0.86   0.25   0.54   0.66   0.70   0.49   0.96   0.24   0.54   0.28   0.20   0.69   0.37   0.57 
  0.33   0.93   0.51   0.17   0.34   0.47   0.97   0.97   0.75   0.98   0.59   0.97   0.19   0.97   0.53   0.96   0.27   0.50   0.38   0.94   0.27   0.21   0.66   0.31   0.14   0.94   0.88   0.28   0.27   0.69   0.76   0.12   0.60   0.56   0.55   0.52   0.33   0.97   0.68   0.94   0.56   0.55   0.17   0.21   0.43   0.25   0.90   0.69   0.47 
  0.28   0.57   0.19   0.65   0.88   0.38   0.47   0.47   0.90   0.33   0.24   0.47   0.17   0.71   0.19   0.44   0.19   0.34   0.40   0.64   0.31   0.74   0.43   0.76   0.52   0.37   0.69   0.61   0.47   0.13   0.74   0.93   0.50   0.46   0.74   0.71   0.16   0.21   0.61   0.83   0.53   0.18   0.25   0.84   0.88   0.83   0.87   0.30   0.92 
  0.87   0.80   0.11   0.62   0.74   0.64   0.93   0.73   0.45   0.94   0.85   0.78   0.42   0.91   0.60   0.61   0.69   0.52   0.84   0.44   0.10   0.52   0.13   0.45   0.60   0.52   0.58   0.78   0.76   0.90   0.16   0.26   0.53   0.58   0.86   0.37   0.47   0.71   0.21   0.45   0.95   0.93   0.91   0.84   0.86   0.33   0.22   0.61   0.48 
  0.56   0.83   0.83   0.85   0.25   0.20   0.32   0.89   0.13   0.87   0.74   0.55   0.54   0.85   0.89   0.89   0.79   0.41   0.52   0.45   0.83   0.79   0.42   0.58   0.75   0.29   0.81   0.56   0.95   0.70   0.48   0.87   0.51   0.97   0.41   0.77   0.70   0.48   0.28   0.59   0.43   0.94   0.72   0.73   0.78   0.62   0.69   0.57   0.32 
  0.85   0.20   0.52   0.65   0.37   0.99   0.84   0.88   0.34   0.90   0.13   0.59   0.84   0.59   0.22   0.16   0.65   0.13   0.56   0.11   0.37   0.53   0.19   0.55   0.18   0.67   0.93   0.24   0.54   0.84   0.74   0.98   0.13   0.30   0.64   0.38   0.34   0.16   0.65   0.57   0.81   0.72   0.41   0.13   0.47   0.86   0.50   0.73   0.29 
  0.50   0.41   0.53   0.35   0.90   0.20   0.27   0.49   0.45   0.65   0.65   0.20   0.50   0.69   0.37   0.53   0.81   0.47   0.31   0.73   0.30   0.99   0.88   0.71   0.92   0.42   0.81   0.12   0.58   0.34   0.55   0.45   0.21   0.17   0.23   0.91   0.43   0.54   0.10   0.27   0.61   0.89   0.98   0.49   0.44   0.67   0.25   0.74   0.90 
  0.29   0.41   0.45   0.66   0.56   0.27   0.12   0.42   0.34   0.50   0.33   0.73   0.93   0.98   0.89   0.23   0.65   0.74   0.56   0.34   0.89   0.94   0.53   0.84   0.12   0.15   0.17   0.74   0.69   0.72   0.41   0.60   0.72   0.94   0.75   0.89   0.80   0.87   0.31   0.22   0.73   0.67   0.45   0.28   0.55   0.63   0.77   0.17   0.85 
  0.92   0.44   0.79   0.39   0.48   0.88   0.58   0.24   0.19   0.64   0.94   0.40   0.77   0.53   0.48   0.47   0.54   0.65   0.85   0.54   0.21   0.90   0.38   0.97   0.34   0.87   0.32   0.85   0.32   0.49   0.95   0.85   0.30   0.63   0.76   0.32   0.73   0.70   0.64   0.24   0.89   0.20   0.15   0.86   0.90   0.51   0.49   0.36   0.82 
  0.15   0.58   0.47   0.10   0.77   0.15   0.92   0.88   0.50   0.26   0.25   0.91   0.36   0.37   0.11   0.78   0.60   0.63   0.48   0.64   0.60   0.77   0.11   0.22   0.18   0.74   0.16   0.90   0.26   0.96   0.93   0.62   0.73   0.71   0.85   0.73   0.80   0.35   0.18   0.52   0.70   0.25   0.15   0.44   0.14   0.85   0.56   0.79   0.71 
  0.92   0.62   0.95   0.50   0.23   0.53   0.20   0.66   0.50   0.41   0.21   0.97   0.90   0.44   0.37   0.58   0.30   0.22   0.90   0.70   0.96   0.27   0.95   0.63   0.20   0.31   0.27   0.46   0.79   0.59   0.89   0.77   0.60   0.22   0.18   0.31   0.42   0.65   0.23   0.21   0.64   0.64   0.58   0.69   0.87   0.17   0.92   0.75   0.67 
  0.35   0.84   0.16   0.55   0.44   0.93   0.90   0.84   0.66   0.36   0.60   0.83   0.48   0.62   0.79   0.96   0.30   0.56   0.42   0.87   0.88   0.89   0.17   0.30   0.80   0.90   0.30   0.22   0.96   0.44   0.25   0.72   0.60   0.60   0.71   0.78   0.82   0.85   0.76   0.28   0.41   0.24   0.71   0.12   0.37   0.40   0.61   0.14   0.62 
  0.31   0.73   0.71   0.12   0.52   0.25   0.16   0.77   0.77   0.25   0.83   0.85   0.66   0.89   0.98   0.40   0.93   0.26   0.65   0.38   0.85   0.27   0.20   0.37   0.65   0.90   0.54   0.77   0.17   0.76   0.54   0.23   0.10   0.93   0.67   0.98   0.98   0.81   0.19   0.75   0.80   0.39   0.34   0.38   0.88   0.53   0.41   0.73   0.32 
  0.98   0.58   0.11   0.78   0.47   0.16   0.45   0.31   0.96   0.90   0.44   0.81   0.73   0.18   0.39   0.60   0.84   0.30   0.81   0.18   0.96   0.72   0.52   0.98   0.38   0.84   0.46   0.58   0.53   0.17   0.17   0.48   0.50   0.41   0.92   0.70   0.11   0.90   0.78   0.85   0.98   0.10   0.76   0.41   0.80   0.86   0.53   0.87   0.59 
  0.70   0.19   0.41   0.83   0.35   0.74   0.35   0.57   0.24   0.66   0.26   0.61   0.87   0.26   0.62   0.52   0.15   0.23   0.13   0.61   0.57   0.73   0.33   0.68   0.47   0.69   0.89   0.18   0.32   0.70   0.31   0.11   0.93   0.60   0.85   0.73   0.55   0.14   0.45   0.73   0.40   0.48   0.13   0.83   0.27   0.57   0.95   0.54   0.27 
  0.77   0.35   0.17   0.60   0.16   0.47   0.57   0.36   0.37   0.94   0.42   0.88   0.91   0.54   0.77   0.94   0.14   0.14   0.16   0.59   0.12   0.95   0.63   0.47   0.16   0.64   0.15   0.30   0.98   0.75   0.49   0.14   0.19   0.98   0.88   0.77   0.92   0.89   0.70   0.62   0.63   0.57   0.74   0.62   0.86   0.39   0.47   0.58   0.47 
  0.89   0.78   0.30   0.38   0.68   0.98   0.38   0.19   0.69   0.35   0.14   0.48   0.75   0.73   0.22   0.38   0.63   0.36   0.68   0.36   0.52   0.14   0.69   0.86   0.89   0.97   0.81   0.56   0.68   0.40   0.90   0.21   0.64   0.23   0.45   0.52   0.39   0.39   0.13   0.97   0.42   0.87   0.54   0.85   0.21   0.26   0.14   0.14   0.17 
  0.17   0.47   0.53   0.66   0.69   0.38   0.19   0.58   0.77   0.10   0.28   0.67   0.75   0.55   0.18   0.67   0.35   0.14   0.88   0.65   0.12   0.60   0.81   0.56   0.50   0.31   0.94   0.31   0.97   0.20   0.34   0.73   0.26   0.61   0.79   0.87   0.69   0.62   0.89   0.23   0.51   0.53   0.16   0.30   0.56   0.69   0.71   0.30   0.63 
  0.77   0.24   0.65   0.38   0.73   0.79   0.35   0.13   0.55   0.85   0.52   0.89   0.68   0.25   0.63   0.74   0.28   0.48   0.98   0.79   0.82   0.90   0.28   0.21   0.97   0.79   0.79   0.46   0.93   0.53   0.68   0.45   0.38   0.28   0.82   0.11   0.32   0.84   0.45   0.85   0.97   0.33   0.54   0.31   0.39   0.79   0.35   0.80   0.89 
  0.73   0.28   0.46   0.40   0.10   0.26   0.76   0.55   0.68   0.32   0.22   0.70   0.55   0.34   0.23   0.12   0.74   0.40   0.37   0.13   0.56   0.46   0.97   0.72   0.50   0.52   0.82   0.51   0.46   0.73   0.85   0.59   0.76   0.80   0.79   0.65   0.37   0.16   0.49   0.53   0.64   0.38   0.53   0.92   0.34   0.65   0.73   0.12   0.78 
  0.23   0.45   0.74   0.96   0.77   0.45   0.28   0.74   0.52   0.47   0.12   0.71   0.81   0.11   0.86   0.24   0.34   0.74   0.35   0.86   0.78   0.30   0.94   0.70   0.14   0.37   0.67   0.61   0.97   0.62   0.64   0.92   0.49   0.31   0.56   0.91   0.16   0.33   0.35   0.87   0.50   0.69   0.89   0.35   0.19   0.19   0.25   0.22   0.12 
  0.67   0.13   0.71   0.45   0.79   0.13   0.14   0.63   0.38   0.28   0.68   0.46   0.48   0.22   0.56   0.38   0.96   0.81   0.53   0.90   0.19   0.14   0.31   0.82   0.60   0.44   0.33   0.53   0.46   0.82   0.45   0.16   0.61   0.92   0.37   0.56   0.30   0.44   0.69   0.97   0.60   0.15   0.21   0.87   0.92   0.80   0.96   0.84   0.25 
  0.26   0.32   0.73   0.53   0.66   0.18   0.95   0.64   0.40   0.46   0.63   0.59   0.12   0.77   0.53   0.17   0.79   0.19   0.29   0.56   0.41   0.71   0.92   0.54   0.32   0.42   0.67   0.72   0.96   0.98   0.97   0.59   0.12   0.44   0.54   0.21   0.21   0.76   0.21   0.36   0.78   0.78   0.32   0.74   0.22   0.92   0.48   0.98   0.13 
  0.66   0.95   0.76   0.52   0.24   0.43   0.28   0.22   0.11   0.23   0.31   0.68   0.96   0.60   0.56   0.91   0.56   0.51   0.30   0.39   0.28   0.36   0.97   0.30   0.68   0.52   0.80   0.37   0.28   0.59   0.15   0.39   0.18   0.88   0.17   0.42   0.43   0.84   0.12   0.39   0.28   0.50   0.59   0.87   0.13   0.35   0.66   0.87   0.91 
  0.18   0.65   0.85   0.51   0.40   0.36   0.43   0.96   0.96   0.77   0.50   0.22   0.80   0.65   0.96   0.28   0.33   0.76   0.40   0.57   0.30   0.52   0.35   0.65   0.54   0.23   0.27   0.27   0.85   0.18   0.88   0.47   0.41   0.30   0.77   0.32   0.83   0.18   0.26   0.74   0.10   0.34   0.95   0.73   0.76   0.30   0.70   0.77   0.45 
  0.17   0.49   0.11   0.42   0.36   0.20   0.84   0.27   0.26   0.26   0.78   0.73   0.71   0.54   0.40   0.78   0.97   0.27   0.91   0.25   0.62   0.57   0.99   0.28   0.80   0.75   0.85   0.26   0.46   0.62   0.92   0.37   0.77   0.92   0.12   0.74   0.45   0.34   0.47   0.90   0.91   0.31   0.53   0.50   0.92   0.75   0.33   0.13   0.41 
  0.29   0.32   0.69   0.21   0.94   0.47   0.34   0.12   0.22   0.16   0.98   0.34   0.28   0.50   0.55   0.28   0.21   0.40   0.99   0.30   0.26   0.85   0.38   0.33   0.30   0.27   0.16   0.74   0.22   0.15   0.95   0.36   0.78   0.33   0.87   0.26   0.75   0.62   0.21   0.17   0.92   0.84   0.20   0.91   0.63   0.69   0.37   0.94   0.75 
  0.90   0.26   0.57   0.96   0.77   0.55   0.64   0.35   0.24   0.98   0.33   0.40   0.75   0.21   0.52   0.89   0.48   0.15   0.12   0.18   0.48   0.84   0.27   0.44   0.30   0.40   0.67   0.65   0.71   0.61   0.35   0.55   0.19   0.13   0.48   0.65   0.84   0.19   0.91   0.20   0.12   0.44   0.32   0.97   0.35   0.12   0.40   0.25   0.14 
  0.32   0.76   0.83   0.39   0.49   0.26   0.79   0.83   0.11   0.13   0.64   0.66   0.83   0.41   0.64   0.82   0.95   0.80   0.51   0.33   0.68   0.52   0.78   0.21   0.22   0.69   0.83   0.92   0.68   0.68   0.85   0.56   0.20   0.40   0.20   0.60   0.23   0.68   0.70   0.58   0.27   0.55   0.25   0.71   0.42   0.60   0.36   0.76   0.58 
  0.18   0.34   0.18   0.50   0.97   0.94   0.43   0.23   0.99   0.44   0.33   0.34   0.84   0.40   0.57   0.89   0.42   0.34   0.27   0.62   0.78   0.79   0.32   0.47   0.63   0.40   0.39   0.33   0.62   0.13   0.31   0.88   0.68   0.44   0.14   0.17   0.47   0.25   0.57   0.73   0.15   0.97   0.57   0.11   0.34   0.19   0.54   0.70   0.83 
  0.88   0.31   0.67   0.12   0.20   0.69   0.89   0.13   0.94   0.71   0.91   0.22   0.66   0.21   0.28   0.13   0.23   0.53   0.12   0.46   0.32   0.93   0.80   0.74   0.73   0.31   0.92   0.95   0.27   0.53   0.77   0.25   0.35   0.33   0.55   0.68   0.52   0.96   0.84   0.48   0.98   0.11   0.18   0.47   0.49   0.16   0.33   0.40   0.92 
  0.60   0.71   0.45   0.70   0.46   0.54   0.17   0.39   0.68   0.38   0.25   0.38   0.64   0.14   0.70   0.48   0.33   0.40   0.19   0.24   0.63   0.54   0.54   0.55   0.56   0.37   0.32   0.98   0.74   0.92   0.92   0.74   0.48   0.12   0.53   0.71   0.71   0.68   0.28   0.65   0.51   0.98   0.74   0.13   0.58   0.62   0.38   0.69   0.18 
  0.75   0.83   0.11   0.33   0.62   0.80   0.69   0.20   0.32   0.73   0.68   0.40   0.83   0.73   0.17   0.62   0.41   0.57   0.98   0.29   0.33   0.50   0.24   0.83   0.80   0.75   0.63   0.75   0.48   0.38   0.52   0.15   0.49   0.96   0.83   0.90   0.21   0.53   0.60   0.49   0.38   0.98   0.85   0.40   0.19   0.33   0.65   0.31   0.48 
  0.65   0.72   0.13   0.31   0.62   0.35   0.14   0.64   0.87   0.52   0.98   0.62   0.55   0.19   0.90   0.92   0.38   0.93   0.85   0.13   0.10   0.30   0.18   0.61   0.53   0.76   0.34   0.85   0.68   0.62   0.75   0.11   0.68   0.29   0.74   0.35   0.38   0.42   0.32   0.32   0.50   0.44   0.35   0.55   0.49   0.87   0.46   0.65   0.72 
  0.55   0.13   0.71   0.93   0.19   0.32   0.57   0.69   0.84   0.18   0.25   0.72   0.17   0.90   0.97   0.38   0.52   0.27   0.95   0.78   0.37   0.15   0.11   0.21   0.22   0.38   0.11   0.47   0.44   0.79   0.75   0.25   0.79   0.18   0.27   0.15   0.71   0.98   0.24   0.70   0.33   0.56   0.97   0.50   0.67   0.49   0.79   0.71   0.41 
  0.95   0.47   0.63   0.84   0.85   0.45   0.96   0.46   0.29   0.46   0.45   0.45   0.49   0.35   0.63   0.90   0.69   0.78   0.39   0.50   0.89   0.74   0.45   0.88   0.97   0.81   0.25   0.57   0.86   0.53   0.49   0.67   0.69   0.47   0.13   0.23   0.29   0.36   0.27   0.80   0.44   0.71   0.64   0.60   0.70   0.74   0.97   0.47   0.38 
  0.97   0.34   0.80   0.32   0.68   0.55   0.94   0.82   0.94   0.39   0.81   0.88   0.22   0.78   0.59   0.85   0.93   0.37   0.28   0.73   0.23   0.45   0.35   0.24   0.48   0.57   0.44   0.68   0.43   0.40   0.21   0.74   0.75   0.28   0.54   0.97   0.81   0.86   0.61   0.36   0.10   0.29   0.91   0.73   0.48   0.39   0.88   0.84   0.96 
  0.66   0.15   0.25   0.12   0.23   0.30   0.76   0.10   0.89   0.34   0.66   0.71   0.80   0.83   0.49   0.55   0.98   0.12   0.12   0.74   0.10   0.42   0.55   0.21   0.77   0.10   0.15   0.82   0.75   0.40   0.83   0.55   0.13   0.52   0.36   0.47   0.53   0.66   0.66   0.44   0.18   0.33   0.41   0.94   0.91   0.30   0.19   0.65   0.79 
  0.89   0.85   0.71   0.82   0.46   0.24   0.90   0.74   0.43   0.48   0.54   0.19   0.48   0.54   0.41   0.97   0.39   0.84   0.59   0.76   0.52   0.83   0.56   0.27   0.45   0.20   0.74   0.76   0.81   0.78   0.78   0.56   0.82   0.49   0.77   0.68   0.68   0.17   0.80   0.14   0.92   0.17   0.88   0.27   0.49   0.23   0.64   0.35   0.26 
  0.10   0.52   0.75   0.90   0.68   0.65   0.56   0.97   0.43   0.96   0.48   0.61   0.33   0.64   0.59   0.90   0.33   0.65   0.57   0.65   0.53   0.94   0.47   0.35   0.82   0.93   0.23   0.32   0.31   0.16   0.91   0.99   0.21   0.63   0.22   0.52   0.15   0.92   0.21   0.66   0.72   0.42   0.66   0.31   0.39   0.35   0.38   0.88   0.18 
  0.44   0.35   0.85   0.32   0.84   0.83   0.61   0.70   0.66   0.19   0.17   0.37   0.88   0.68   0.97   0.93   0.62   0.56   0.51   0.37   0.79   0.26   0.78   0.58   0.55   0.61   0.90   0.50   0.69   0.66   0.23   0.65   0.86   0.14   0.24   0.29   0.78   0.46   0.61   0.93   0.92   0.82   0.93   0.83   0.28   0.54   0.40   0.13   0.75 
  0.67   0.87   0.44   0.98   0.36   0.79   0.58   0.32   0.56   0.25   0.97   0.86   0.72   0.72   0.26   0.49   0.42   0.39   0.60   0.75   0.91   0.82   0.60   0.95   0.80   0.52   0.71   0.43   0.95   0.39   0.45   0.24   0.19   0.60   0.62   0.85   0.18   0.35   0.86   0.32   0.83   0.98   0.83   0.54   0.50   0.90   0.40   0.43   0.40 
  0.80   0.89   0.67   0.27   0.63   0.31   0.87   0.26   0.96   0.37   0.70   0.89   0.46   0.90   0.12   0.61   0.67   0.23   0.28   0.97   0.62   0.20   0.57   0.67   0.12   0.77   0.45   0.40   0.32   0.93   0.16   0.19   0.98   0.54   0.73   0.34   0.22   0.68   0.13   0.69   0.10   0.97   0.87   0.97   0.59   0.55   0.23   0.52   0.97 
  0.52   0.80   0.62   0.52   0.56   0.97   0.94   0.97   0.45   0.27   0.85   0.15   0.19   0.72   0.97   0.65   0.44   0.59   0.77   0.31   0.54   0.49   0.83   0.17   0.79   0.65   0.41   0.18   0.32   0.66   0.18   0.71   0.91   0.19   0.56   0.47   0.36   0.58   0.78   0.39   0.41   0.45   0.37   0.28   0.57   0.79   0.73   0.56   0.42 
  0.93   0.20   0.93   0.29   0.20   0.35   0.79   0.42   0.90   0.82   0.59   0.83   0.36   0.43   0.66   0.15   0.93   0.92   0.47   0.20   0.95   0.52   0.57   0.71   0.87   0.92   0.98   0.47   0.63   0.80   0.48   0.83   0.34   0.29   0.48   0.98   0.98   0.40   0.72   0.62   0.56   0.73   0.52   0.25   0.77   0.46   0.22   0.29   0.35 
  0.33   0.31   0.28   0.60   0.92   0.25   0.60   0.13   0.67   0.75   0.98   0.44   0.83   0.76   0.37   0.32   0.26   0.70   0.63   0.29   0.45   0.85   0.61   0.63   0.65   0.35   0.29   0.25   0.21   0.83   0.39   0.96   0.79   0.91   0.69   0.75   0.49   0.50   0.19   0.53   0.32   0.94   0.78   0.56   0.25   0.74   0.86   0.51   0.56 
  0.57   0.31   0.92   0.45   0.53   0.26   0.43   0.63   0.42   0.39   0.52   0.84   0.63   0.52   0.68   0.71   0.84   0.88   0.93   0.70   0.58   0.74   0.77   0.74   0.26   0.29   0.33   0.69   0.26   0.24   0.35   0.64   0.35   0.50   0.41   0.39   0.91   0.50   0.38   0.32   0.45   0.19   0.62   0.54   0.23   0.11   0.54   0.42   0.46 
---
G_diag: 49 49
  4.91   3.85   8.93   9.59   5.51   4.67   2.11   7.58   6.68   5.46   7.83   6.25   5.60   5.78   2.43   7.40   8.89   3.83   8.31   6.44   7.00   3.70   6.14   2.79   3.39   9.41   5.43   4.95   4.49   4.96   9.63   8.18   4.29   6.68   6.79   9.65   6.05   4.45   3.48   7.32   5.30   5.84   7.42   3.32   9.86   8.91   8.15   6.24   7.14 
  4.66   6.31   3.27   8.28   8.32   4.61   3.89   9.43   8.21   4.92   8.87   3.44   8.75   4.37   2.94   3.64   5.93   9.44   8.41   7.70   5.29   3.69   7.80   8.33   6.50   9.54   5.60   6.46   3.88   8.70   4.32   9.88   6.75   8.17   8.98   6.53   9.05   7.32   8.46   7.51   7.65   5.20   9.74   8.56   3.61   5.53   8.03   6.01   9.22 
  3.82   4.80   3.07   9.79   4.50   6.14   4.71   8.14   9.49   8.83   6.51   5.68   4.08   3.51   4.30   4.89   4.19   3.15   5.39   2.11   6.57   4.06   5.47   8.78   6.81   5.10   8.49   7.20   9.59   3.27   8.81   8.40   7.75   5.88   9.26   9.16   9.33   2.25   8.94   3.97   5.82   7.51   3.96   6.39   6.47   3.17   4.22   5.86   5.43 
  8.90   7.47   7.54   6.56   5.47   3.94   6.79   6.77   5.42   3.07   4.40   2.78   2.72   3.46   6.10   3.32   5.49   2.22   8.84   4.29   5.88   3.52   3.71   6.08   7.81   9.44   4.65   3.86   5.43   7.03   4.37   4.34   3.43   3.12   3.75   9.56   6.03   8.62   5.27   4.81   5.22   8.02   5.61   3.82   4.02   6.96   2.60   7.25   2.62 
  9.12   3.88   7.35   5.40   5.69   6.11   7.89   9.26   9.45   3.25   5.26   8.84   7.90   3.45   4.23   9.14   6.91   8.44   6.84   6.53   2.35   7.16   4.80   7.14   2.86   2.21   4.12   7.64   6.72   7.73   8.57   4.94   5.77   7.29   8.89   3.88   5.64   3.21   3.91   3.32   2.29   5.61   5.88   5.04   2.50   2.59   9.61   6.79   6.32 
  8.03   5.30   8.88   5.16   9.83   8.36   7.98   2.78   8.11   8.45   5.69   3.89   2.56   6.71   4.30   3.37   7.54   7.11   3.17   8.13   7.00   7.32   2.17   5.50   2.78   4.88   4.41   8.63   5.91   6.61   4.51   6.57   2.63   2.24   8.20   4.40   5.13   8.05   2.34   5.20   4.15   7.83   2.67   3.36   6.69   8.93   7.95   7.11   3.59 
  5.07   4.15   8.27   4.60   4.72   9.82   7.42   2.38   3.71   7.16   8.80   8.18   2.75   8.66   6.11   4.64   3.00   6.68   7.36   8.22   9.36   7.37   3.30   9.16   3.76   5.10   7.79   8.96   9.71   6.83   3.38   9.79   4.57   7.48   6.83   5.59   2.84   2.97   9.18   3.90   2.75   7.23   7.72   9.04   9.59   2.80   2.91   6.61   8.17 
  4.66   9.17   5.49   8.42   9.67   2.53   8.44   7.91   4.43   4.61   9.24   4.74   7.96   6.27   4.49   2.78   7.97   5.06   5.12   9.46   6.02   6.58   4.40   4.82   3.85   8.00   3.56   3.42   7.72   9.86   6.55   7.35   4.93   3.10   5.14   2.22   5.97   4.13   7.17   5.26   9.77   3.73   6.64   5.19   3.03   6.48   4.20   8.34   5.24 
  5.32   5.48   2.77   3.45   5.98   9.14   2.16   3.84   7.62   9.65   4.75   2.29   8.32   6.98   7.98   4.44   9.27   7.02   3.14   8.25   7.60   5.29   8.29   9.54   8.28   2.79   9.17   4.34   5.96   6.00   8.62   5.23   3.33   8.58   7.84   7.15   9.54   4.12   4.79   9.00   7.69   4.77   8.61   6.81   2.82   7.06   5.19   8.95   8.95 
  4.72   7.75   8.48   2.96   9.36   6.74   7.39   7.56   2.37   7.90   7.10   5.32   3.69   9.41   7.25   4.65   3.91   4.38   8.03   8.06   5.90   6.84   7.11   3.15   6.11   4.45   8.63   5.48   5.86   6.39   7.79   2.43   8.38   3.29   8.51   4.50   6.35   7.41   5.47   4.48   3.93   7.39   9.00   6.43   6.46   8.76   8.71   7.01   4.95 
  6.05   7.46   2.80   8.00   4.59   6.34   5.08   7.56   6.26   9.82   2.31   5.76   8.99   6.03   6.74   9.44   6.06   7.56   5.74   2.18   3.94   8.57   8.09   6.28   8.65   9.12   3.14   8.59   7.60   2.78   4.91   4.79   5.82   7.44   4.95   2.56   3.52   3.65   6.31   2.71   5.84   6.19   4.08   2.61   5.40   5.33   4.30   2.68   4.31 
  7.05   7.78   8.48   3.98   5.94   4.16   6.41   2.91   7.37   7.27   6.02   6.96   5.25   8.49   7.28   3.63   6.87   5.62   2.66   9.52   2.24   4.74   3.55   2.37   8.22   6.55   9.41   5.98   6.47   2.62   3.32   8.38   3.92   7.47   4.13   3.04   9.59   7.75   9.12   4.98   7.91   5.92   8.35   6.11   9.84   6.53   5.70   5.92   9.05 
  4.59   4.29   7.35   3.99   3.99   9.22   4.06   2.47   3.77   3.01   7.87   3.02   2.73   7.51   3.72   2.81   4.87   7.56   7.02   3.70   3.15   6.43   7.30   5.28   5.65   6.73   9.61   8.33   5.24   3.60   4.10   3.57   4.29   5.98   5.98   8.28   9.03   7.92   3.39   4.66   8.35   9.51   6.20   6.53   2.59   8.00   6.27   3.40   9.07 
  9.74   8.17   5.35   4.23   5.22   4.31   2.20   5.18   3.19   2.37   6.29   9.63   9.44   4.70   8.19   3.27   5.61   4.64   7.02   9.23   9.65   8.62   6.45   5.65   8.14   6.55   7.60   5.87   5.50   2.34   3.01   4.53   4.61   8.44   5.45   9.05   5.62   7.71   5.74   2.18   3.36   6.68   9.34   4.68   5.09   6.87   3.53   6.29   9.88 
  2.52   4.63   4.24   5.58   7.35   6.13   9.11   5.56   7.25   3.25   2.24   4.37   2.43   9.21   4.33   2.49   8.57   3.07   4.57   8.03   4.64   3.96   6.22   8.23   3.07   3.25   6.24   5.81   3.40   5.61   6.05   8.01   2.11   2.97   4.09   3.00   4.87   5.38   3.92   9.51   6.78   4.85   4.92   8.20   5.03   8.52   6.08   9.77   4.67 
  5.49   3.30   5.40   4.07   5.96   9.56   5.21   4.46   8.03   7.19   2.26   4.72   3.88   8.74   9.23   7.67   5.19   4.76   9.63   5.40   9.04   4.54   5.93   5.66   2.61   7.99   4.68   6.16   2.43   3.90   4.25   8.37   4.27   4.19   5.18   8.30   5.66   8.96   8.81   7.54   3.43   8.39   4.45   3.83   3.84   6.37   2.15   3.65   2.18 
  6.60   9.68   3.42   3.44   9.31   5.41   2.92   3.98   4.89   6.33   6.06   9.23   8.66   9.34   2.19   4.19   6.47   7.15   9.03   5.09   2.89   8.51   6.71   2.30   3.56   6.81   7.50   3.15   7.50   4.12   9.88   4.81   3.28   4.66   2.96   2.36   4.46   7.51   9.05   6.12   8.35   5.23   8.08   3.65   5.95   3.67   8.77   2.34   5.28 
  3.65   5.33   7.36   8.81   9.69   7.74   6.53   5.09   5.40   8.79   5.97   4.56   7.39   8.70   3.46   4.17   5.60   6.68   5.31   2.96   7.91   2.96   6.08   6.58   5.76   7.36   3.04   4.54   3.75   6.97   8.91   7.93   9.19   2.14   4.12   7.04   2.73   6.21   5.06   5.59   3.90   5.63   8.14   2.46   4.20   7.62   8.60   4.27   5.39 
  3.26   4.35   4.50   9.13   5.94   8.60   7.80   4.56   4.82   3.40   6.60   9.73   7.43   4.93   7.03   9.26   3.13   4.49   9.68   6.30   4.14   3.58   9.55   6.49   3.13   3.61   5.89   8.00   5.35   6.40   6.92   8.42   2.41   5.89   9.27   7.70   6.51   5.31   6.86   4.83   3.38   5.32   3.35   8.58   9.90   7.53   7.42   3.77   9.35 
  5.32   4.80   4.71   5.86   9.65   4.52   9.49   3.58   4.16   4.14   2.51   5.44   2.87   8.17   4.46   2.33   5.59   7.14   7.46   3.49   9.86   9.32   9.52   3.25   5.95   4.83   4.79   3.59   3.29   3.92   5.54   8.57   6.03   3.08   9.84   6.81   7.92   8.95   9.28   7.41   9.66   8.49   7.58   2.90   5.66   8.88   5.22   5.67   5.86 
  9.59   7.82   3.18   7.07   3.89   7.23   5.94   4.53   4.46   8.24   4.56   5.53   5.93   4.45   6.15   8.89   9.76   6.44   9.52   9.09   3.96   2.29   9.53   2.87   5.47   9.65   3.29   5.50   7.00   5.33   4.12   7.36   9.24   6.12   3.27   8.71   2.92   9.27   5.57   9.18   5.00   3.73   9.89   6.75   4.65   8.33   7.00   6.12   8.09 
  6.25   9.12   8.96   6.16   4.54   6.46   8.23   9.81   4.77   7.57   5.51   8.17   2.77   7.28   9.13   7.44   6.83   4.51   4.97   3.16   8.25   3.59   8.84   3.76   7.30   6.69   7.04   8.06   4.47   9.43   6.38   5.60   6.71   8.00   7.82   6.86   4.50   9.32   9.49   5.68   8.59   6.29   3.23   6.85   7.43   3.79   5.66   2.58   4.94 
  3.93   6.28   7.50   7.46   2.23   3.10   2.87   4.91   8.96   6.54   4.45   4.41   9.79   6.66   9.38   7.58   5.22   3.79   9.66   3.90   6.76   7.67   7.86   2.54   9.76   4.72   6.94   2.72   4.81   9.43   6.74   9.60   6.65   5.02   2.33   8.86   2.51   4.28   4.92   9.64   8.32   3.97   3.41   5.03   9.33   4.02   3.93   9.11   8.24 
  9.02   7.03   3.62   9.06   2.72   3.16   2.13   2.28   5.72   5.91   8.55   5.56   3.52   3.02   5.73   7.22   6.33   5.72   8.31   4.90   7.32   7.97   8.55   5.60   9.57   8.39   6.99   6.60   6.50   4.28   4.76   3.06   4.86   7.91   9.18   5.71   2.60   7.67   7.57   8.17   8.27   8.86   8.26   7.79   7.72   3.59   7.93   4.59   4.16 
  7.37   7.09   5.37   5.98   7.61   7.82   4.89   8.99   2.34   6.32   3.98   5.02   7.34   6.66   4.91   2.39   3.03   5.12   3.16   2.67   7.49   3.33   9.46   2.21   6.87   8.07   2.10   3.88   6.98   9.15   6.26   6.89   3.39   7.61   9.00   3.43   5.03   6.09   3.72   9.51   5.05   8.92   8.30   7.73   8.49   4.80   3.72   9.56   3.62 
  6.73   2.55   2.88   4.13   7.46   5.32   2.75   4.04   9.33   8.60   8.62   6.40   4.39   3.14   8.78   2.70   6.12   8.67   4.60   4.44   5.97   2.21   2.45   4.28   9.68   9.72   8.06   2.68   3.81   4.11   2.92   5.90   9.86   4.79   9.76   3.13   5.22   5.69   9.71   2.91   3.61   5.90   3.33   7.84   3.15   6.93   8.02   9.19   8.73 
  4.53   3.72   5.05   4.09   9.56   6.59   6.42   2.46   2.81   5.98   3.90   5.68   9.68   4.04   7.70   3.74   7.30   7.13   2.29   4.90   9.81   5.28   6.53   6.95   7.64   9.62   2.16   6.02   5.21   9.81   2.99   7.09   6.76   2.13   3.97   8.00   8.53   5.77   3.48   9.86   2.90   8.39   3.65   5.03   6.34   3.48   9.39   6.70   9.87 
  4.11   3.99   4.87   2.69   4.45   4.44   8.33   5.08   5.70   5.57   9.81   3.50   4.18   2.91   8.10   5.08   3.74   7.05   6.86   2.96   5.54   4.57   6.36   9.69   9.56   5.48   8.00   8.23   4.95   8.04   4.60   5.11   3.48   5.74   9.49   8.85   4.91   4.00   3.99   6.57   7.35   9.22   5.65   4.79   6.99   4.94   8.86   3.41   9.82 
  2.38   8.84   8.42   7.21   3.26   7.94   5.29   8.24   8.86   2.94   8.32   2.76   6.03   8.42   6.26   5.55   7.30   2.45   8.76   5.45   2.67   4.59   7.41   2.82   2.22   5.18   4.15   4.61   9.75   6.30   8.43   3.07   7.54   5.40   6.74   6.15   2.52   2.25   5.02   9.65   6.51   5.52   7.04   2.47   4.15   5.26   5.72   9.43   5.11 
  2.71   7.73   2.81   3.44   4.05   9.24   6.47   6.83   9.75   8.47   4.92   5.37   3.20   4.08   6.26   3.97   5.06   5.26   4.13   5.75   3.64   6.66   2.50   8.17   5.95   5.73   3.40   4.59   2.21   5.15   8.08   3.90   4.78   3.13   6.60   5.26   9.66   2.45   3.97   9.23   2.27   9.25   4.93   7.15   2.85   8.80   3.44   6.00   9.89 
  9.21   3.85   4.53   6.40   8.52   9.64   6.05   5.18   3.20   6.72   8.22   3.70   7.05   5.32   7.25   2.21   9.09   5.14   9.10   8.42   3.76   8.10   9.75   7.06   3.14   5.46   5.00   4.68   9.40   2.69   3.47   4.83   3.61   3.69   5.08   8.50   5.45   6.72   5.60   7.99   3.64   7.70   2.39   2.84   5.19   5.57   7.71   3.01   8.13 
  8.14   3.01   6.25   2.18   9.44   3.94   4.24   7.48   2.92   8.17   6.30   7.81   2.17   3.59   9.08   8.85   9.12   8.27   6.77   3.71   5.62   6.90   8.34   3.31   6.65   2.12   8.46   3.29   9.87   5.46   8.54   6.71   5.35   3.94   7.37   9.85   9.52   9.70   2.24   8.17   5.00   8.21   4.05   4.60   5.52   2.55   7.41   3.91   7.57 
  3.43   5.07   8.44   6.15   5.89   9.90   3.92   5.62   5.54   4.62   5.72   9.78   2.38   5.85   5.73   6.33   3.23   9.17   5.34   2.37   7.91   5.82   7.95   4.76   2.50   4.93   2.15   9.25   2.59   3.25   8.22   7.89   9.53   2.22   2.96   7.66   8.21   6.19   9.85   8.76   2.37   6.71   7.11   4.33   6.02   3.71   4.96   3.52   4.40 
  2.83   3.33   3.14   4.28   9.24   4.71   2.90   5.73   7.05   2.13   7.06   5.56   8.02   8.77   2.24   9.86   5.97   6.26   6.11   7.58   7.71   6.36   8.79   3.29   8.66   9.17   3.86   8.80   6.76   6.86   2.79   4.34   9.32   4.28   9.82   6.73   8.62   8.30   8.63   3.69   2.27   5.96   9.07   9.81   5.22   3.91   9.74   6.58   4.63 
  4.96   5.35   9.38   5.08   3.78   7.98   5.48   5.86   4.68   8.50   8.50   6.67   5.31   4.33   8.29   8.33   3.47   7.85   6.85   3.53   4.49   9.12   3.38   5.43   3.61   8.86   4.36   6.62   8.37   3.72   8.57   5.98   2.97   4.06   8.17   5.50   2.36   3.13   2.77   4.40   6.19   3.22   2.38   3.11   7.92   6.44   9.08   6.88   4.94 
  3.42   9.35   9.01   9.81   2.19   6.80   5.13   8.38   5.87   2.74   7.59   4.07   8.86   4.78   9.48   5.34   6.84   9.26   6.89   8.62   9.37   7.57   8.20   9.83   3.54   2.25   6.29   7.12   4.00   2.14   9.29   4.68   3.97   3.74   2.27   7.50   3.70   6.06   5.98   3.30   3.95   4.01   7.51   6.94   8.25   2.77   9.25   9.00   3.14 
  6.96   5.66   3.35   4.71   3.32   2.60   7.43   2.18   3.11   5.13   2.17   7.64   6.01   5.06   6.06   9.41   4.46   4.64   2.37   3.34   6.75   6.07   5.22   7.33   4.89   8.06   9.39   7.11   8.52   9.31   3.26   6.51   8.91   2.10   7.10   4.33   7.46   6.83   7.73   7.01   2.84   7.69   7.79   4.18   2.32   8.13   4.54   4.17   9.42 
  7.97   9.83   4.53   6.89   3.54   9.47   7.82   7.08   5.89   2.70   6.76   7.57   7.73   4.48   5.96   7.17   2.36   5.86   2.73   5.12   6.09   5.18   9.87   8.05   9.21   8.41   2.84   2.16   3.27   8.34   8.03   2.77   3.65   6.17   6.05   6.70   3.16   3.76   6.97   2.61   4.18   9.72   4.99   2.96   3.02   4.96   5.00   6.18   3.62 
  8.11   4.71   2.81   9.65   2.70   3.12   2.16   7.14   6.66   5.07   8.46   7.56   6.57   5.94   9.64   5.17   5.35   8.86   2.50   4.34   2.78   9.82   7.75   9.42   4.51   2.48   9.81   4.44   7.16   5.12   5.93   5.12   3.03   7.22   7.47   2.60   9.63   6.29   5.39   5.43   4.51   2.91   9.66   5.40   4.13   3.17   4.74   8.97   7.30 
  6.08   7.19   7.07   6.18   6.08   5.19   3.56   8.65   5.93   6.71   8.23   2.78   2.18   6.26   2.65   6.97   4.09   6.16   7.37   4.24   5.31   2.97   2.95   8.69   6.66   8.57   6.79   3.65   9.77   4.78   8.44   8.69   5.60   9.35   5.33   6.70   4.97   6.89   2.57   7.34   5.08   4.31   7.39   3.24   4.46   4.72   6.67   9.86   2.71 
  2.50   2.49   9.36   7.37   5.89   3.00   8.76   7.83   3.83   6.06   6.70   4.02   8.47   2.19   9.56   7.24   6.17   5.90   8.92   8.72   9.78   7.95   7.11   2.81   5.49   3.33   3.92   4.32   5.86   4.96   3.22   9.43   5.12   3.42   5.85   2.93   3.50   3.77   9.65   3.69   4.22   8.32   7.51   9.49   9.19   2.20   6.88   7.24   3.16 
  6.63   7.87   3.52   4.62   9.69   8.41   8.06   8.29   4.52   7.58   8.95   4.16   4.88   5.51   7.76   8.26   3.15   7.61   3.83   8.87   8.50   8.87   3.13   7.93   7.96   8.94   8.51   7.00   5.38   6.81   9.14   8.15   9.60   8.89   8.15   5.42   6.55   9.32   5.45   3.60   3.43   7.06   9.35   4.07   5.99   5.20   5.92   3.69   4.84 
  2.82   3.84   5.49   7.73   3.85   8.77   3.17   8.92   6.36   3.91   8.63   6.81   9.28   4.95   3.33   4.18   8.33   7.77   2.62   3.01   6.29   3.12   6.42   9.49   8.18   4.86   8.60   7.88   9.40   5.62   8.83   7.58   9.58   8.13   5.26   5.07   5.77   9.83   6.03   4.43   5.38   8.74   3.86   7.29   9.00   7.03   5.74   7.30   3.03 
  4.76   4.79   5.74   9.44   9.54   4.55   8.67   7.82   8.83   3.60   6.18   5.46   3.48   4.30   2.51   6.21   2.53   8.31   4.00   3.82   3.81   3.20   2.85   3.33   4.58   6.07   3.46   9.10   4.37   5.96   2.23   2.58   4.19   5.71   9.20   5.94   3.97   5.51   4.26   5.77   5.57   3.68   5.70   7.43   6.36   3.05   7.74   5.76   3.93 
  4.76   8.69   3.38   8.70   6.45   4.20   2.49   8.37   7.75   4.81   8.92   2.36   9.07   2.81   6.99   9.79   7.78   2.91   3.76   2.41   8.08   8.37   3.26   2.70   3.81   9.69   3.54   8.63   7.10   3.32   7.11   3.91   4.95   3.34   6.23   6.55   9.73   5.76   6.88   3.59   3.63   8.92   4.51   8.76   4.17   9.34   6.63   9.66   2.65 
  8.95   4.36   7.73   3.74   6.63   4.25   4.38   4.45   8.75   8.83   4.36   3.68   3.64   7.89   7.51   8.73   8.36   6.58   6.23   4.57   5.20   9.69   8.08   3.53   6.98   5.05   6.00   2.74   4.53   3.89   6.38   4.35   8.81   7.10   3.61   4.49   9.08   5.30   2.89   4.49   2.24   6.31   5.64   4.00   2.49   4.60   4.01   8.85   9.72 
  3.57   9.82   2.43   4.05   7.12   8.78   7.14   4.60   8.58   6.57   6.04   2.40   5.81   9.52   5.52   5.57   3.82   8.52   2.88   9.24   9.12   2.21   3.46   5.53   3.38   4.59   9.46   3.95   5.13   8.12   3.40   8.09   5.09   2.59   9.68   8.74   8.66   7.78   7.02   5.97   5.25   2.38   2.96   5.58   7.86   8.63   2.38   8.22   5.63 
  5.41   7.35   7.42   3.93   6.44   7.60   7.57   3.31   8.06   4.28   6.94   4.77   7.96   4.11   7.86   3.71   9.45   2.93   8.20   9.59   3.33   5.52   2.26   8.53   7.39   4.35   4.32   6.51   5.78   6.82   8.10   5.30   7.05   4.28   5.38   6.91   5.43   8.47   4.18   2.70   5.59   4.14   4.03   8.75   7.35   3.04   5.04   2.63   5.09 
  4.06   7.42   6.44   9.49   8.33   4.31   3.40   8.79   4.81   3.08   3.66   2.57   8.20   3.78   6.80   8.09   6.21   8.72   2.97   8.92   5.76   5.46   5.86   2.60   2.28   5.38   2.14   3.27   2.75   7.67   7.96   4.82   2.44   6.63   8.57   7.11   6.16   3.54   6.22   6.31   8.31   7.28   8.79   3.84   6.73   4.17   9.11   9.32   5.67 
---
