G_down: 49 50
  0.49   0.75   0.23   0.95   0.42   0.23   0.92   0.43   0.20   0.98   0.93   0.51   0.29   0.14   0.46   0.25   0.85   0.60   0.85   0.90   0.40   0.83   0.45   0.26   0.32   0.39   0.16   0.20   0.51   0.80   0.72   0.64   0.72   0.66   0.46   0.80   0.60   0.48   0.58   0.69   0.65   0.27   0.11   0.35   0.10   0.12   0.21   0.51   0.75   0.70 
  0.17   0.67   0.82   0.78   0.21   0.93   0.28   0.71   0.68   0.92   0.64   0.76   0.63   0.49   0.80   0.76   0.78   0.64   0.78   0.18   0.86   0.22   0.91   0.66   0.90   0.95   0.43   0.38   0.89   0.12   0.63   0.67   0.51   0.61   0.68   0.55   0.90   0.96   0.35   0.78   0.74   0.67   0.92   0.99   0.43   0.49   0.12   0.72   0.12   0.85 
  0.81   0.11   0.46   0.93   0.30   0.30   0.22   0.55   0.30   0.97   0.41   0.54   0.29   0.86   0.14   0.64   0.26   0.10   0.97   0.63   0.55   0.23   0.90   0.86   0.93   0.96   0.33   0.84   0.18   0.51   0.70   0.43   0.59   0.30   0.26   0.17   0.45   0.63   0.31   0.66   0.92   0.90   0.82   0.45   0.49   0.72   0.81   0.49   0.47   0.90 
  0.45   0.67   0.45   0.68   0.85   0.22   0.23   0.87   0.23   0.85   0.85   0.73   0.64   0.27   0.34   0.86   0.78   0.55   0.40   0.39   0.68   0.73   0.53   0.91   0.31   0.56   0.83   0.56   0.13   0.56   0.30   0.64   0.89   0.42   0.52   0.85   0.41   0.22   0.55   0.77   0.30   0.78   0.86   0.64   0.90   0.14   0.14   0.19   0.38   0.64 
  0.11   0.32   0.81   0.37   0.73   0.23   0.61   0.19   0.13   0.64   0.60   0.40   0.59   0.49   0.13   0.13   0.75   0.35   0.32   0.46   0.72   0.75   0.92   0.36   0.11   0.77   0.48   0.39   0.65   0.84   0.77   0.97   0.27   0.56   0.82   0.98   0.35   0.88   0.71   0.54   0.38   0.51   0.71   0.75   0.63   0.68   0.59   0.54   0.15   0.15 
  0.31   0.74   0.94   0.20   0.30   0.47   0.30   0.47   0.78   0.57   0.19   0.43   0.47   0.52   0.72   0.94   0.49   0.34   0.32   0.69   0.90   0.51   0.31   0.97   0.92   0.97   0.41   0.37   0.85   0.30   0.73   0.44   0.30   0.57   0.55   0.30   0.86   0.36   0.84   0.53   0.42   0.35   0.71   0.47   0.71   0.98   0.71   0.85   0.27   0.82 
  0.98   0.54   0.44   0.89   0.24   0.93   0.97   0.69   0.54   0.96   0.98   0.43   0.56   0.35   0.85   0.80   0.97   0.98   0.83   0.68   0.13   0.69   0.79   0.76   0.55   0.75   0.19   0.31   0.54   0.81   0.81   0.47   0.21   0.98   0.94   0.85   0.27   0.56   0.30   0.37   0.60   0.83   0.68   0.73   0.86   0.70   0.68   0.40   0.63   0.78 
  0.59   0.96   0.34   0.84   0.73   0.56   0.77   0.55   0.97   0.60   0.72   0.53   0.76   0.77   0.36   0.87   0.55   0.87   0.56   0.53   0.37   0.57   0.83   0.63   0.15   0.44   0.81   0.82   0.36   0.72   0.18   0.85   0.86   0.87   0.30   0.30   0.99   0.28   0.93   0.31   0.67   0.94   0.98   0.85   0.86   0.31   0.20   0.67   0.97   0.64 
  0.34   0.68   0.31   0.19   0.19   0.60   0.19   0.69   0.41   0.20   0.43   0.39   0.94   0.63   0.73   0.87   0.31   0.73   0.17   0.89   0.88   0.29   0.31   0.86   0.58   0.71   0.49   0.68   0.22   0.88   0.27   0.41   0.58   0.84   0.95   0.45   0.25   0.52   0.85   0.83   0.73   0.31   0.23   0.88   0.79   0.99   0.29   0.23   0.24   0.22 
  0.87   0.58   0.93   0.23   0.77   0.57   0.32   0.79   0.36   0.14   0.16   0.50   0.97   0.49   0.11   0.89   0.89   0.19   0.42   0.83   0.21   0.15   0.65   0.69   0.43   0.46   0.89   0.53   0.33   0.11   0.12   0.56   0.33   0.31   0.50   0.57   0.62   0.62   0.56   0.26   0.18   0.11   0.72   0.19   0.70   0.18   0.12   0.53   0.47   0.91 
  0.91   0.32   0.37   0.35   0.19   0.73   0.83   0.16   0.81   0.83   0.36   0.79   0.63   0.91   0.68   0.68   0.29   0.49   0.43   0.36   0.90   0.29   0.45   0.91   0.22   0.89   0.38   0.17   0.64   0.85   0.52   0.20   0.72   0.74   0.54   0.72   0.20   0.25   0.83   0.78   0.40   0.62   0.11   0.24   0.81   0.34   0.79   0.13   0.64   0.73 
  0.40   0.51   0.62   0.53   0.23   0.44   0.87   0.43   0.28   0.36   0.89   0.28   0.54   0.41   0.61   0.47   0.43   0.37   0.92   0.83   0.69   0.20   0.55   0.11   0.65   0.27   0.69   0.43   0.83   0.80   0.55   0.86   0.71   0.12   0.88   0.32   0.83   0.12   0.19   0.83   0.90   0.53   0.52   0.33   0.95   0.98   0.77   0.91   0.39   0.36 
  0.52   0.59   0.49   0.40   0.76   0.29   0.69   0.19   0.83   0.26   0.52   0.17   0.76   0.16   0.46   0.87   0.23   0.60   0.79   0.73   0.71   0.91   0.67   0.11   0.99   0.62   0.43   0.91   0.31   0.21   0.31   0.14   0.29   0.93   0.47   0.95   0.50   0.83   0.73   0.22   0.24   0.67   0.66   0.38   0.40   0.55   0.92   0.49   0.37   0.25 
  0.53   0.42   0.45   0.84   0.67   0.33   0.66   0.29   0.23   0.91   0.38   0.78   0.47   0.84   0.27   0.71   0.43   0.34   0.36   0.41   0.33   0.44   0.28   0.45   0.98   0.42   0.57   0.33   0.73   0.61   0.12   0.81   0.36   0.98   0.72   0.55   0.83   0.30   0.58   0.80   0.62   0.46   0.58   0.61   0.62   0.55   0.56   0.75   0.97   0.96 
  0.39   0.43   0.39   0.11   0.91   0.53   0.63   0.64   0.15   0.29   0.59   0.22   0.19   0.52   0.50   0.75   0.77   0.48   0.70   0.89   0.40   0.61   0.57   0.96   0.26   0.46   0.30   0.34   0.22   0.94   0.63   0.65   0.62   0.34   0.79   0.91   0.94   0.82   0.37   0.97   0.61   0.42   0.77   0.90   0.32   0.66   0.82   0.28   0.53   0.78 
  0.95   0.48   0.61   0.10   0.53   0.52   0.23   0.78   0.73   0.70   0.95   0.59   0.73   0.30   0.89   0.72   0.87   0.40   0.36   0.91   0.48   0.41   0.68   0.93   0.47   0.41   0.96   0.53   0.60   0.90   0.68   0.64   0.30   0.20   0.22   0.52   0.41   0.40   0.51   0.62   0.15   0.46   0.44   0.29   0.63   0.71   0.29   0.15   0.20   0.30 
  0.84   0.93   0.75   0.71   0.76   0.71   0.24   0.31   0.70   0.19   0.54   0.52   0.65   0.29   0.83   0.92   0.58   0.35   0.61   0.20   0.13   0.42   0.52   0.27   0.65   0.29   0.63   0.98   0.30   0.95   0.18   0.29   0.26   0.11   0.73   0.87   0.36   0.49   0.11   0.57   0.84   0.46   0.84   0.44   0.70   0.71   0.83   0.77   0.38   0.36 
  0.63   0.97   0.33   0.44   0.43   0.20   0.49   0.42   0.47   0.48   0.65   0.50   0.68   0.56   0.41   0.29   0.25   0.68   0.12   0.91   0.38   0.98   0.58   0.36   0.59   0.14   0.15   0.43   0.28   0.79   0.26   0.88   0.57   0.11   0.78   0.55   0.63   0.92   0.56   0.46   0.57   0.62   0.33   0.90   0.90   0.25   0.52   0.66   0.45   0.56 
  0.62   0.26   0.52   0.47   0.72   0.23   0.10   0.60   0.97   0.74   0.38   0.97   0.57   0.50   0.50   0.57   0.71   0.54   0.21   0.70   0.97   0.11   0.77   0.36   0.14   0.40   0.16   0.53   0.95   0.65   0.44   0.37   0.78   0.27   0.31   0.40   0.59   0.66   0.44   0.29   0.77   0.40   0.18   0.73   0.34   0.63   0.30   0.50   0.32   0.78 
  0.97   0.69   0.99   0.78   0.90   0.29   0.87   0.35   0.13   0.78   0.95   0.18   0.56   0.23   0.93   0.44   0.43   0.84   0.25   0.53   0.25   0.18   0.76   0.45   0.90   0.51   0.18   0.88   0.21   0.72   0.62   0.39   0.96   0.18   0.35   0.73   0.79   0.37   0.73   0.47   0.13   0.69   0.26   0.42   0.53   0.31   0.25   0.81   0.66   0.61 
  0.50   0.42   0.29   0.46   0.10   0.63   0.28   0.89   0.98   0.22   0.10   0.76   0.27   0.97   0.31   0.32   0.73   0.20   0.56   0.12   0.49   0.67   0.49   0.66   0.31   0.39   0.41   0.76   0.99   0.24   0.55   0.92   0.28   0.67   0.42   0.11   0.49   0.23   0.29   0.51   0.83   0.80   0.41   0.20   0.52   0.48   0.77   0.41   0.98   0.18 
  0.78   0.93   0.73   0.42   0.18   0.79   0.94   0.44   0.50   0.11   0.12   0.43   0.35   0.64   0.50   0.46   0.37   0.26   0.26   0.94   0.37   0.56   0.97   0.67   0.12   0.19   0.34   0.61   0.83   0.23   0.30   0.68   0.26   0.21   0.48   0.14   0.49   0.22   0.96   0.74   0.72   0.85   0.94   0.69   0.10   0.14   0.15   0.24   0.88   0.26 
  0.26   0.78   0.65   0.46   0.27   0.53   0.46   0.49   0.17   0.15   0.29   0.22   0.13   0.38   0.22   0.38   0.65   0.64   0.66   0.37   0.87   0.45   0.96   0.45   0.13   0.49   0.38   0.48   0.27   0.51   0.12   0.65   0.70   0.93   0.42   0.52   0.33   0.97   0.94   0.26   0.51   0.67   0.41   0.83   0.46   0.75   0.94   0.75   0.73   0.43 
  0.80   0.69   0.32   0.48   0.68   0.65   0.12   0.32   0.95   0.74   0.71   0.38   0.63   0.28   0.46   0.98   0.74   0.92   0.21   0.27   0.46   0.88   0.35   0.34   0.77   0.72   0.50   0.84   0.34   0.59   0.25   0.17   0.10   0.92   0.16   0.93   0.29   0.61   0.30   0.99   0.20   0.49   0.91   0.16   0.34   0.53   0.47   0.42   0.72   0.10 
  0.22   0.94   0.57   0.24   0.48   0.69   0.90   0.28   0.13   0.42   0.22   0.57   0.39   0.55   0.47   0.48   0.75   0.64   0.70   0.37   0.63   0.39   0.52   0.98   0.17   0.23   0.59   0.13   0.38   0.11   0.54   0.33   0.14   0.81   0.24   0.82   0.12   0.29   0.83   0.60   0.79   0.13   0.62   0.22   0.59   0.10   0.65   0.54   0.89   0.81 
  0.40   0.38   0.70   0.36   0.36   0.53   0.24   0.40   0.10   0.19   0.18   0.34   0.17   0.20   0.16   0.65   0.40   0.40   0.38   0.79   0.81   0.79   0.81   0.14   0.30   0.54   0.97   0.44   0.25   0.44   0.41   0.61   0.12   0.93   0.80   0.98   0.29   0.16   0.48   0.68   0.88   0.96   0.72   0.38   0.48   0.30   0.92   0.98   0.45   0.30 
  0.69   0.35   0.32   0.65   0.25   0.76   0.72   0.54   0.14   0.31   0.69   0.39   0.82   0.50   0.81   0.15   0.89   0.87   0.47   0.48   0.92   0.94   0.35   0.68   0.95   0.37   0.58   0.74   0.43   0.53   0.52   0.47   0.75   0.49   0.37   0.40   0.85   0.70   0.32   0.55   0.23   0.35   0.64   0.38   0.96   0.47   0.43   0.79   0.87   0.19 
  0.63   0.54   0.55   0.53   0.57   0.93   0.83   0.48   0.77   0.40   0.58   0.22   0.88   0.43   0.81   0.52   0.89   0.12   0.87   0.96   0.64   0.49   0.91   0.14   0.19   0.11   0.42   0.26   0.45   0.32   0.75   0.26   0.61   0.74   0.65   0.46   0.51   0.50   0.28   0.24   0.76   0.36   0.19   0.79   0.67   0.21   0.76   0.93   0.28   0.84 
  0.69   0.23   0.54   0.18   0.97   0.51   0.51   0.67   0.74   0.30   0.62   0.25   0.14   0.68   0.63   0.90   0.93   0.85   0.20   0.43   0.75   0.83   0.46   0.44   0.31   0.55   0.88   0.63   0.45   0.64   0.90   0.11   0.10   0.74   0.52   0.23   0.87   0.86   0.45   0.72   0.24   0.11   0.80   0.45   0.70   0.91   0.90   0.12   0.99   0.77 
  0.79   0.80   0.78   0.35   0.73   0.29   0.84   0.87   0.28   0.94   0.46   0.94   0.68   0.62   0.43   0.29   0.57   0.97   0.90   0.48   0.99   0.40   0.90   0.50   0.41   0.41   0.86   0.64   0.46   0.98   0.89   0.68   0.91   0.76   0.87   0.17   0.78   0.28   0.81   0.53   0.39   0.47   0.49   0.66   0.34   0.61   0.63   0.31   0.67   0.24 
  0.67   0.72   0.54   0.30   0.38   0.78   0.80   0.19   0.93   0.86   0.74   0.77   0.42   0.94   0.16   0.86   0.39   0.46   0.80   0.30   0.55   0.51   0.34   0.61   0.68   0.12   0.78   0.60   0.52   0.66   0.50   0.10   0.95   0.19   0.17   0.74   0.30   0.24   0.33   0.42   0.70   0.91   0.84   0.69   0.83   0.85   0.45   0.68   0.18   0.88 
  0.16   0.42   0.75   0.38   0.65   0.37   0.52   0.90   0.18   0.37   0.25   0.57   0.50   0.96   0.85   0.92   0.28   0.24   0.19   0.46   0.78   0.67   0.49   0.66   0.11   0.94   0.42   0.67   0.43   0.59   0.22   0.82   0.59   0.33   0.12   0.70   0.46   0.54   0.52   0.54   0.11   0.54   0.91   0.15   0.94   0.12   0.62   0.85   0.24   0.69 
  0.18   0.25   0.48   0.66   0.42   0.31   0.46   0.16   0.66   0.62   0.54   0.68   0.65   0.59   0.51   0.29   0.91   0.71   0.36   0.45   0.99   0.75   0.85   0.27   0.66   0.70   0.93   0.66   0.12   0.91   0.20   0.26   0.81   0.70   0.15   0.72   0.82   0.15   0.31   0.40   0.76   0.48   0.92   0.66   0.15   0.53   0.52   0.33   0.31   0.77 
  0.25   0.93   0.41   0.84   0.66   0.40   0.22   0.56   0.66   0.54   0.21   0.24   0.51   0.98   0.11   0.26   0.69   0.24   0.25   0.50   0.53   0.30   0.36   0.91   0.48   0.45   0.64   0.52   0.93   0.79   0.13   0.22   0.19   0.40   0.84   0.69   0.30   0.52   0.30   0.83   0.38   0.79   0.91   0.63   0.35   0.25   0.73   0.49   0.53   0.95 
  0.68   0.90   0.89   0.14   0.95   0.51   0.96   0.52   0.49   0.23   0.83   0.58   0.22   0.56   0.66   0.21   0.37   0.51   0.12   0.42   0.36   0.36   0.11   0.50   0.25   0.97   0.30   0.39   0.48   0.37   0.94   0.40   0.47   0.73   0.28   0.24   0.40   0.64   0.86   0.92   0.74   0.40   0.94   0.51   0.28   0.59   0.28   0.23   0.91   0.35 
  0.35   0.11   0.21   0.84   0.27   0.46   0.29   0.33   0.18   0.68   0.53   0.23   0.92   0.98   0.81   0.71   0.89   0.34   0.94   0.33   0.12   0.86   0.51   0.15   0.65   0.33   0.29   0.15   0.29   0.56   0.44   0.91   0.47   0.51   0.44   0.49   0.42   0.50   0.98   0.39   0.50   0.71   0.51   0.25   0.95   0.85   0.83   0.79   0.99   0.32 
  0.80   0.17   0.13   0.79   0.94   0.40   0.66   0.93   0.78   0.19   0.98   0.60   0.73   0.85   0.83   0.39   0.36   0.42   0.53   0.60   0.92   0.35   0.52   0.83   0.85   0.20   0.12   0.64   0.85   0.82   0.72   0.68   0.14   0.92   0.47   0.30   0.56   0.60   0.20   0.72   0.83   0.78   0.44   0.51   0.33   0.76   0.55   0.23   0.13   0.75 
  0.78   0.15   0.13   0.73   0.24   0.19   0.50   0.16   0.79   0.15   0.52   0.58   0.77   0.85   0.62   0.17   0.40   0.68   0.14   0.74   0.28   0.56   0.15   0.22   0.51   0.79   0.88   0.57   0.80   0.44   0.33   0.88   0.40   0.12   0.44   0.31   0.71   0.41   0.64   0.80   0.50   0.61   0.78   0.64   0.77   0.61   0.37   0.32   0.90   0.86 
  0.15   0.77   0.25   0.69   0.78   0.91   0.61   0.45   0.82   0.36   0.72   0.86   0.73   0.39   0.34   0.65   0.88   0.98   0.28   0.68   0.66   0.67   0.66   0.80   0.98   0.16   0.84   0.68   0.62   0.40   0.87   0.50   0.94   0.65   0.45   0.78   0.50   0.41   0.34   0.75   0.57   0.24   0.11   0.22   0.41   0.65   0.20   0.37   0.58   0.74 
  0.54   0.23   0.35   0.76   0.52   0.72   0.98   0.43   0.62   0.45   0.23   0.79   0.19   0.89   0.75   0.96   0.25   0.65   0.30   0.22   0.68   0.55   0.30   0.77   0.44   0.96   0.65   0.22   0.77   0.83   0.23   0.90   0.92   0.56   0.75   0.86   0.63   0.74   0.67   0.50   0.24   0.67   0.65   0.78   0.53   0.30   0.25   0.34   0.81   0.67 
  0.88   0.18   0.57   0.68   0.30   0.65   0.81   0.90   0.82   0.25   0.40   0.43   0.71   0.98   0.85   0.46   0.75   0.15   0.15   0.41   0.93   0.81   0.89   0.52   0.45   0.98   0.79   0.51   0.97   0.74   0.25   0.56   0.58   0.79   0.12   0.57   0.90   0.54   0.48   0.82   0.31   0.60   0.53   0.74   0.75   0.53   0.97   0.31   0.55   0.22 
  0.93   0.66   0.85   0.99   0.66   0.78   0.60   0.96   0.78   0.48   0.39   0.38   0.27   0.21   0.98   0.30   0.44   0.58   0.41   0.66   0.33   0.96   0.48   0.46   0.23   0.45   0.59   0.67   0.34   0.90   0.98   0.20   0.52   0.87   0.70   0.77   0.78   0.40   0.39   0.52   0.40   0.92   0.49   0.15   0.46   0.70   0.92   0.87   0.39   0.34 
  0.50   0.11   0.23   0.12   0.83   0.73   0.56   0.13   0.55   0.88   0.43   0.61   0.49   0.21   0.24   0.98   0.54   0.38   0.88   0.87   0.13   0.10   0.10   0.57   0.41   0.18   0.31   0.14   0.91   0.87   0.94   0.66   0.79   0.36   0.81   0.44   0.51   0.93   0.85   0.64   0.53   0.29   0.32   0.50   0.89   0.79   0.96   0.79   0.84   0.66 
  0.88   0.38   0.60   0.17   0.85   0.76   0.26   0.42   0.25   0.82   0.49   0.72   0.97   0.97   0.63   0.76   0.65   0.26   0.86   0.70   0.16   0.52   0.42   0.44   0.99   0.20   0.78   0.90   0.28   0.11   0.62   0.69   0.68   0.74   0.22   0.60   0.58   0.67   0.49   0.88   0.16   0.89   0.12   0.23   0.97   0.80   0.88   0.67   0.25   0.98 
  0.40   0.22   0.95   0.77   0.31   0.23   0.43   0.51   0.99   0.20   0.90   0.60   0.57   0.24   0.24   0.19   0.26   0.77   0.19   0.72   0.80   0.14   0.86   0.70   0.86   0.51   0.20   0.72   0.90   0.92   0.23   0.77   0.90   0.49   0.57   0.98   0.49   0.46   0.84   0.61   0.95   0.21   0.24   0.45   0.73   0.19   0.88   0.11   0.61   0.11 
  0.74   0.90   0.26   0.77   0.39   0.86   0.55   0.29   0.62   0.53   0.73   0.39   0.26   0.85   0.11   0.46   0.62   0.98   0.85   0.74   0.43   0.16   0.77   0.36   0.54   0.55   0.20   0.18   0.67   0.70   0.23   0.15   0.91   0.84   0.78   0.96   0.98   0.74   0.72   0.82   0.13   0.74   0.99   0.91   0.74   0.35   0.40   0.80   0.98   0.64 
  0.41   0.28   0.62   0.88   0.89   0.59   0.18   0.51   0.84   0.67   0.18   0.12   0.89   0.50   0.68   0.24   0.71   0.36   0.39   0.80   0.24   0.32   0.86   0.37   0.52   0.40   0.57   0.67   0.20   0.34   0.22   0.86   0.89   0.85   0.54   0.33   0.10   0.32   0.86   0.62   0.66   0.45   0.50   0.14   0.54   0.16   0.44   0.44   0.56   0.76 
  0.28   0.32   0.92   0.15   0.76   0.53   0.23   0.68   0.73   0.51   0.94   0.97   0.59   0.53   0.20   0.63   0.85   0.53   0.70   0.88   0.69   0.74   0.40   0.38   0.14   0.39   0.60   0.43   0.48   0.72   0.68   0.17   0.19   0.64   0.60   0.28   0.94   0.72   0.77   0.74   0.94   0.39   0.39   0.98   0.91   0.47   0.75   0.89   0.36   0.57 
  0.69   0.47   0.65   0.67   0.25   0.64   0.76   0.61   0.97   0.68   0.84   0.96   0.55   0.46   0.71   0.22   0.68   0.36   0.41   0.36   0.59   0.12   0.96   0.73   0.24   0.45   0.42   0.67   0.23   0.97   0.24   0.10   0.44   0.53   0.48   0.15   0.47   0.94   0.80   0.37   0.96   0.42   0.86   0.62   0.44   0.65   0.97   0.33   0.84   0.82 
---
G_right: 50 49
  0.70   0.48   0.26   0.12   0.72   0.87   0.25   0.67   0.64   0.95   0.51   0.61   0.20   0.58   0.83   0.41   0.78   0.67   0.14   0.22   0.63   0.56   0.56   0.45   0.84   0.19   0.84   0.79   0.96   0.71   0.53   0.13   0.42   0.67   0.34   0.53   0.35   0.28   0.93   0.66   0.27   0.80   0.45   0.76   0.17   0.72   0.79   0.16   0.52 
  0.97   0.21   0.42   0.19   0.14   0.32   0.63   0.94   0.77   0.77   0.61   0.78   0.73   0.53   0.24   0.25   0.88   0.20   0.94   0.12   0.86   0.95   0.51   0.36   0.44   0.50   0.90   0.19   0.41   0.28   0.26   0.23   0.25   0.96   0.78   0.24   0.33   0.29   0.90   0.43   0.56   0.87   0.92   0.65   0.35   0.47   0.68   0.97   0.56 
  0.56   0.59   0.30   0.96   0.50   0.37   0.94   0.21   0.92   0.63   0.52   0.59   0.44   0.86   0.63   0.88   0.98   0.57   0.32   0.55   0.24   0.23   0.94   0.89   0.72   0.42   0.94   0.28   0.43   0.36   0.22   0.47   0.59   0.83   0.79   0.64   0.23   0.28   0.66   0.96   0.41   0.72   0.91   0.46   0.44   0.96   0.28   0.84   0.25 
  0.87   0.73   0.25   0.57   0.53   0.80   0.28   0.86   0.57   0.28   0.89   0.41   0.28   0.80   0.87   0.63   0.41   0.93   0.27   0.23   0.64   0.71   0.14   0.31   0.82   0.96   0.26   0.74   0.29   0.92   0.72   0.46   0.38   0.92   0.63   0.47   0.86   0.66   0.19   0.64   0.81   0.11   0.53   0.11   0.66   0.94   0.48   0.64   0.63 
  0.66   0.41   0.67   0.39   0.12   0.56   0.97   0.81   0.78   0.83   0.83   0.42   0.90   0.37   0.81   0.72   0.56   0.28   0.42   0.49   0.26   0.32   0.42   0.39   0.94   0.21   0.46   0.61   0.40   0.64   0.98   0.26   0.53   0.37   0.71   0.18   0.75   0.94   0.24   0.20   0.44   0.57   0.15   0.26   0.26   0.57   0.64   0.69   0.39 
  0.22   0.19   0.67   0.67   0.70   0.36   0.59   0.69   0.29   0.65   0.53   0.96   0.53   0.22   0.11   0.65   0.65   0.65   0.40   0.40   0.45   0.20   0.42   0.40   0.23   0.57   0.48   0.63   0.85   0.66   0.94   0.79   0.27   0.58   0.71   0.98   0.33   0.54   0.83   0.36   0.69   0.49   0.32   0.15   0.45   0.11   0.90   0.11   0.83 
  0.31   0.13   0.41   0.85   0.60   0.79   0.67   0.12   0.34   0.54   0.57   0.76   0.42   0.84   0.14   0.34   0.91   0.36   0.87   0.32   0.98   0.41   0.40   0.18   0.68   0.11   0.26   0.92   0.76   0.43   0.43   0.13   0.93   0.16   0.23   0.37   0.62   0.90   0.54   0.42   0.28   0.65   0.35   0.22   0.83   0.40   0.66   0.26   0.36 
  0.26   0.94   0.74   0.11   0.63   0.67   0.23   0.89   0.91   0.50   0.35   0.34   0.16   0.12   0.83   0.92   0.83   0.19   0.72   0.63   0.69   0.45   0.33   0.48   0.60   0.14   0.68   0.27   0.63   0.60   0.38   0.46   0.95   0.44   0.69   0.96   0.24   0.55   0.75   0.22   0.71   0.40   0.98   0.22   0.32   0.49   0.63   0.24   0.41 
  0.88   0.92   0.63   0.80   0.50   0.14   0.20   0.54   0.19   0.87   0.73   0.85   0.53   0.57   0.60   0.82   0.42   0.63   0.45   0.45   0.43   0.74   0.59   0.81   0.37   0.66   0.42   0.90   0.69   0.74   0.93   0.28   0.64   0.95   0.18   0.19   0.76   0.76   0.91   0.17   0.57   0.30   0.63   0.37   0.24   0.27   0.66   0.83   0.62 
  0.70   0.95   0.31   0.19   0.67   0.73   0.79   0.54   0.37   0.54   0.20   0.40   0.13   0.96   0.86   0.67   0.14   0.76   0.42   0.41   0.87   0.39   0.64   0.11   0.43   0.86   0.63   0.67   0.52   0.38   0.19   0.69   0.96   0.30   0.27   0.53   0.46   0.84   0.19   0.43   0.81   0.21   0.77   0.19   0.45   0.35   0.62   0.25   0.91 
  0.26   0.94   0.66   0.53   0.25   0.24   0.96   0.13   0.53   0.36   0.28   0.75   0.14   0.39   0.87   0.69   0.53   0.59   0.50   0.50   0.67   0.90   0.89   0.30   0.12   0.28   0.92   0.61   0.92   0.60   0.11   0.88   0.26   0.13   0.97   0.37   0.51   0.54   0.90   0.62   0.37   0.70   0.39   0.29   0.18   0.89   0.13   0.76   0.86 
  0.13   0.86   0.68   0.71   0.10   0.56   0.74   0.74   0.27   0.88   0.19   0.95   0.84   0.68   0.35   0.52   0.65   0.49   0.70   0.36   0.55   0.73   0.38   0.94   0.20   0.27   0.71   0.11   0.27   0.44   0.25   0.76   0.78   0.62   0.22   0.98   0.73   0.91   0.26   0.63   0.38   0.47   0.87   0.45   0.35   0.50   0.18   0.76   0.26 
  0.50   0.20   0.39   0.18   0.49   0.62   0.81   0.44   0.28   0.49   0.78   0.57   0.88   0.62   0.53   0.35   0.93   0.62   0.72   0.73   0.92   0.12   0.72   0.94   0.21   0.30   0.27   0.23   0.10   0.51   0.60   0.54   0.44   0.82   0.84   0.98   0.65   0.50   0.73   0.71   0.93   0.87   0.70   0.26   0.11   0.82   0.46   0.14   0.14 
  0.98   0.36   0.74   0.88   0.94   0.85   0.71   0.29   0.54   0.98   0.19   0.38   0.98   0.15   0.56   0.26   0.89   0.35   0.93   0.85   0.98   0.76   0.32   0.17   0.82   0.89   0.18   0.67   0.25   0.83   0.13   0.16   0.77   0.20   0.60   0.42   0.36   0.43   0.99   0.74   0.60   0.45   0.54   0.37   0.17   0.33   0.39   0.29   0.82 
  0.95   0.95   0.93   0.79   0.85   0.40   0.90   0.55   0.89   0.13   0.54   0.85   0.96   0.71   0.17   0.84   0.58   0.24   0.14   0.82   0.96   0.96   0.59   0.70   0.46   0.19   0.92   0.24   0.15   0.78   0.93   0.11   0.67   0.50   0.32   0.40   0.16   0.96   0.53   0.59   0.47   0.86   0.65   0.47   0.23   0.80   0.83   0.97   0.41 
  0.23   0.86   0.45   0.29   0.96   0.36   0.11   0.81   0.21   0.13   0.65   0.25   0.79   0.80   0.44   0.61   0.19   0.94   0.90   0.46   0.26   0.35   0.83   0.15   0.71   0.57   0.13   0.43   0.45   0.62   0.95   0.56   0.61   0.96   0.65   0.39   0.30   0.64   0.29   0.83   0.92   0.95   0.35   0.57   0.35   0.55   0.81   0.81   0.91 
  0.65   0.47   0.61   0.53   0.58   0.76   0.85   0.79   0.85   0.96   0.86   0.33   0.90   0.44   0.65   0.80   0.50   0.14   0.18   0.59   0.74   0.48   0.67   0.41   0.28   0.33   0.86   0.52   0.79   0.18   0.62   0.62   0.26   0.96   0.69   0.57   0.27   0.52   0.27   0.90   0.69   0.18   0.62   0.78   0.29   0.65   0.28   0.53   0.87 
  0.37   0.53   0.85   0.43   0.76   0.97   0.66   0.45   0.44   0.98   0.81   0.14   0.29   0.21   0.34   0.80   0.82   0.18   0.97   0.62   0.48   0.99   0.28   0.39   0.24   0.94   0.71   0.61   0.98   0.73   0.23   0.79   0.43   0.59   0.45   0.72   0.36   0.82   0.40   0.21   0.50   0.93   0.31   0.62   0.80   0.92   0.40   0.85   0.61 
  0.19   0.84   0.73   0.43   0.79   0.15   0.11   0.62   0.54   0.32   0.76   0.77   0.65   0.47   0.39   0.54   0.43   0.61   0.82   0.94   0.25   0.68   0.54   0.43   0.62   0.99   0.29   0.53   0.41   0.13   0.34   0.30   0.60   0.70   0.46   0.54   0.69   0.80   0.46   0.60   0.63   0.60   0.44   0.35   0.63   0.50   0.15   0.79   0.13 
  0.14   0.70   0.97   0.24   0.40   0.13   0.30   0.29   0.48   0.37   0.19   0.79   0.69   0.43   0.56   0.19   0.50   0.31   0.97   0.92   0.50   0.43   0.56   0.86   0.62   0.22   0.84   0.17   0.43   0.25   0.41   0.13   0.60   0.25   0.50   0.38   0.66   0.80   0.13   0.29   0.48   0.77   0.75   0.67   0.85   0.50   0.94   0.14   0.73 
  0.15   0.57   0.24   0.34   0.54   0.67   0.83   0.15   0.87   0.56   0.57   0.81   0.64   0.59   0.51   0.68   0.36   0.73   0.96   0.47   0.44   0.89   0.97   0.79   0.82   0.33   0.29   0.29   0.27   0.38   0.93   0.63   0.64   0.16   0.37   0.16   0.74   0.86   0.68   0.86   0.17   0.69   0.12   0.12   0.44   0.13   0.56   0.58   0.70 
  0.56   0.45   0.12   0.38   0.72   0.93   0.95   0.13   0.56   0.91   0.16   0.86   0.43   0.59   0.45   0.35   0.61   0.84   0.11   0.47   0.43   0.69   0.40   0.58   0.28   0.96   0.29   0.28   0.85   0.79   0.14   0.51   0.71   0.65   0.81   0.57   0.35   0.48   0.53   0.27   0.80   0.19   0.34   0.49   0.48   0.41   0.35   0.30   0.14 
  0.55   0.79   0.86   0.60   0.28   0.18   0.54   0.66   0.21   0.21   0.48   0.75   0.97   0.83   0.90   0.78   0.59   0.97   0.48   0.76   0.93   0.29   0.69   0.29   0.78   0.75   0.49   0.66   0.43   0.79   0.70   0.95   0.96   0.15   0.53   0.43   0.22   0.71   0.87   0.52   0.23   0.96   0.85   0.31   0.46   0.93   0.53   0.39   0.96 
  0.55   0.27   0.96   0.42   0.21   0.73   0.23   0.33   0.53   0.40   0.45   0.31   0.54   0.23   0.81   0.64   0.49   0.15   0.87   0.29   0.17   0.26   0.51   0.26   0.80   0.36   0.91   0.85   0.78   0.15   0.44   0.17   0.31   0.98   0.35   0.26   0.52   0.91   0.82   0.76   0.50   0.88   0.71   0.46   0.46   0.83   0.36   0.84   0.81 
  0.82   0.57   0.15   0.44   0.54   0.51   0.49   0.18   0.36   0.91   0.26   0.14   0.27   0.97   0.13   0.93   0.31   0.23   0.24   0.61   0.41   0.61   0.53   0.66   0.22   0.91   0.16   0.89   0.73   0.33   0.26   0.60   0.35   0.44   0.94   0.23   0.28   0.94   0.30   0.61   0.63   0.23   0.89   0.68   0.26   0.21   0.98   0.63   0.71 
  0.11   0.34   0.41   0.27   0.16   0.78   0.85   0.28   0.63   0.18   0.69   0.37   0.58   0.15   0.84   0.89   0.98   0.79   0.44   0.24   0.17   0.58   0.69   0.92   0.78   0.22   0.60   0.19   0.63   0.89   0.65   0.59   0.20   0.77   0.66   0.66   0.26   0.53   0.30   0.83   0.69   0.65   0.94   0.78   0.11   0.64   0.96   0.20   0.70 
  0.97   0.73   0.88   0.52   0.48   0.61   0.20   0.63   0.97   0.27   0.67   0.38   0.58   0.50   0.45   0.30   0.89   0.53   0.32   0.59   0.50   0.30   0.36   0.17   0.41   0.14   0.42   0.95   0.71   0.80   0.76   0.11   0.59   0.21   0.41   0.71   0.74   0.60   0.70   0.66   0.40   0.15   0.81   0.60   0.42   0.60   0.49   0.87   0.89 
  0.48   0.24   0.98   0.86   0.73   0.69   0.29   0.85   0.12   0.82   0.77   0.52   0.44   0.55   0.75   0.89   0.99   0.55   0.61   0.21   0.97   0.69   0.67   0.87   0.62   0.56   0.68   0.75   0.25   0.80   0.78   0.54   0.65   0.47   0.32   0.93   0.18   0.90   0.43   0.67   0.85   0.94   0.37   0.19   0.62   0.88   0.86   0.84   0.85 
  0.39   0.63   0.84   0.35   0.37   0.52   0.89   0.54   0.39   0.66   0.23   0.32   0.45   0.27   0.62   0.53   0.83   0.83   0.19   0.27   0.56   0.41   0.97   0.77   0.19   0.32   0.65   0.27   0.64   0.44   0.36   0.51   0.98   0.32   0.82   0.59   0.80   0.14   0.99   0.96   0.96   0.78   0.46   0.77   0.27   0.62   0.41   0.26   0.88 
  0.23   0.25   0.76   0.97   0.66   0.32   0.58   0.12   0.52   0.76   0.83   0.64   0.75   0.31   0.55   0.55   0.20   0.15   0.40   0.79   0.56   0.28   0.90   0.17   0.21   0.92   0.71   0.63   0.39   0.76   0.50   0.57   0.38   0.67   0.30   0.45   0.95   0.99   0.27   0.71   0.19   0.28   0.70   0.42   0.15   0.38   0.12   0.20   0.96 
  0.33   0.29   0.39   0.62   0.27   0.33   0.57   0.48   0.38   0.82   0.74   0.94   0.12   0.81   0.45   0.14   0.73   0.74   0.39   0.13   0.71   0.82   0.14   0.68   0.32   0.57   0.94   0.34   0.32   0.46   0.87   0.71   0.62   0.58   0.77   0.33   0.81   0.68   0.91   0.46   0.33   0.74   0.78   0.47   0.86   0.72   0.56   0.96   0.88 
  0.17   0.80   0.44   0.11   0.54   0.17   0.58   0.72   0.72   0.59   0.53   0.62   0.78   0.72   0.76   0.85   0.80   0.13   0.44   0.69   0.83   0.56   0.14   0.46   0.14   0.56   0.33   0.51   0.18   0.32   0.41   0.90   0.97   0.59   0.16   0.22   0.58   0.63   0.54   0.61   0.93   0.80   0.16   0.36   0.77   0.36   0.19   0.26   0.87 
  0.90   0.59   0.84   0.16   0.13   0.35   0.16   0.22   0.94   0.51   0.33   0.96   0.65   0.19   0.81   0.61   0.30   0.83   0.47   0.15   0.27   0.56   0.41   0.42   0.40   0.28   0.33   0.96   0.76   0.41   0.61   0.68   0.11   0.94   0.37   0.93   0.69   0.18   0.53   0.90   0.10   0.48   0.58   0.22   0.44   0.66   0.66   0.33   0.32 
  0.53   0.56   0.93   0.46   0.66   0.19   0.84   0.40   0.12   0.17   0.20   0.28   0.56   0.76   0.34   0.73   0.55   0.82   0.61   0.99   0.18   0.62   0.59   0.88   0.32   0.34   0.75   0.88   0.84   0.36   0.18   0.27   0.37   0.92   0.20   0.14   0.55   0.68   0.34   0.67   0.76   0.49   0.44   0.46   0.94   0.31   0.81   0.94   0.76 
  0.56   0.45   0.37   0.25   0.61   0.88   0.30   0.75   0.20   0.29   0.83   0.37   0.38   0.47   0.24   0.40   0.41   0.23   0.29   0.19   0.69   0.27   0.25   0.92   0.30   0.84   0.91   0.75   0.25   0.75   0.61   0.52   0.83   0.79   0.72   0.50   0.24   0.35   0.43   0.39   0.12   0.64   0.66   0.77   0.20   0.63   0.10   0.58   0.64 
  0.92   0.62   0.68   0.47   0.56   0.83   0.14   0.90   0.10   0.23   0.39   0.88   0.97   0.22   0.23   0.84   0.70   0.54   0.11   0.92   0.75   0.75   0.20   0.38   0.30   0.68   0.46   0.68   0.19   0.92   0.42   0.84   0.97   0.26   0.75   0.41   0.12   0.83   0.87   0.20   0.17   0.53   0.83   0.78   0.75   0.26   0.73   0.68   0.79 
  0.29   0.57   0.63   0.86   0.87   0.20   0.64   0.28   0.54   0.26   0.12   0.87   0.91   0.21   0.92   0.55   0.79   0.28   0.39   0.79   0.19   0.73   0.83   0.21   0.31   0.17   0.78   0.77   0.27   0.19   0.46   0.47   0.68   0.94   0.48   0.89   0.86   0.11   0.23   0.34   0.77   0.79   0.65   0.23   0.68   0.80   0.40   0.48   0.88 
  0.85   0.41   0.29   0.17   0.80   0.72   0.45   0.32   0.56   0.70   0.49   0.80   0.63   0.42   0.68   0.23   0.94   0.86   0.89   0.74   0.24   0.62   0.78   0.94   0.73   0.47   0.14   0.12   0.14   0.78   0.77   0.79   0.61   0.83   0.20   0.12   0.77   0.72   0.31   0.50   0.75   0.60   0.73   0.80   0.16   0.19   0.68   0.50   0.15 
  0.20   0.14   0.44   0.49   0.33   0.74   0.50   0.86   0.34   0.83   0.35   0.90   0.47   0.72   0.63   0.19   0.12   0.13   0.72   0.34   0.68   0.80   0.87   0.22   0.67   0.72   0.21   0.95   0.27   0.81   0.88   0.97   0.46   0.10   0.90   0.16   0.25   0.92   0.26   0.51   0.37   0.80   0.47   0.47   0.33   0.69   0.26   0.61   0.82 
  0.71   0.67   0.15   0.70   0.50   0.38   0.41   0.17   0.61   0.67   0.29   0.70   0.36   0.92   0.83   0.12   0.98   0.94   0.79   0.33   0.24   0.55   0.90   0.50   0.21   0.93   0.25   0.17   0.14   0.89   0.57   0.85   0.46   0.44   0.57   0.70   0.77   0.51   0.70   0.13   0.22   0.17   0.87   0.29   0.83   0.49   0.83   0.16   0.89 
  0.20   0.91   0.51   0.68   0.44   0.55   0.56   0.37   0.67   0.55   0.32   0.12   0.45   0.35   0.25   0.65   0.87   0.28   0.61   0.41   0.12   0.78   0.60   0.30   0.63   0.13   0.76   0.47   0.43   0.81   0.61   0.70   0.93   0.91   0.38   0.91   0.74   0.76   0.53   0.96   0.18   0.82   0.17   0.70   0.22   0.23   0.85   0.71   0.89 
  0.69   0.54   0.93   0.79   0.98   0.49   0.35   0.80   0.26   0.57   0.23   0.38   0.18   0.16   0.87   0.84   0.12   0.64   0.19   0.45   0.57   0.50   0.85   0.32   0.20   0.29   0.94   0.62   0.95   0.31   0.90   0.29   0.48   0.73   0.65   0.65   0.80   0.16   0.20   0.74   0.11   0.64   0.67   0.34   0.74   0.92   0.40   0.33   0.51 
  0.71   0.68   0.40   0.49   0.75   0.27   0.76   0.69   0.45   0.74   0.51   0.22   0.25   0.34   0.58   0.36   0.71   0.13   0.72   0.37   0.97   0.15   0.26   0.46   0.95   0.38   0.30   0.44   0.97   0.50   0.69   0.22   0.86   0.14   0.97   0.16   0.89   0.70   0.90   0.79   0.77   0.86   0.47   0.15   0.31   0.51   0.36   0.40   0.94 
  0.42   0.78   0.90   0.58   0.30   0.26   0.70   0.16   0.59   0.84   0.86   0.63   0.25   0.36   0.28   0.82   0.83   0.24   0.63   0.37   0.50   0.74   0.66   0.83   0.29   0.96   0.94   0.15   0.77   0.51   0.16   0.17   0.98   0.32   0.40   0.12   0.25   0.20   0.81   0.38   0.92   0.88   0.36   0.87   0.98   0.72   0.71   0.89   0.31 
  0.13   0.57   0.90   0.13   0.99   0.52   0.68   0.15   0.53   0.12   0.70   0.83   0.22   0.22   0.75   0.47   0.27   0.18   0.22   0.28   0.81   0.58   0.72   0.91   0.18   0.61   0.12   0.57   0.95   0.44   0.98   0.35   0.53   0.91   0.79   0.26   0.96   0.17   0.77   0.71   0.36   0.84   0.97   0.84   0.43   0.78   0.63   0.39   0.59 
  0.27   0.78   0.39   0.89   0.70   0.86   0.73   0.21   0.10   0.15   0.91   0.85   0.88   0.35   0.13   0.68   0.32   0.17   0.70   0.16   0.44   0.89   0.89   0.37   0.34   0.57   0.24   0.36   0.86   0.39   0.81   0.89   0.48   0.13   0.15   0.30   0.36   0.72   0.46   0.26   0.50   0.35   0.31   0.51   0.26   0.35   0.43   0.63   0.40 
  0.32   0.71   0.36   0.14   0.60   0.51   0.35   0.11   0.48   0.24   0.71   0.29   0.66   0.39   0.52   0.74   0.89   0.75   0.43   0.32   0.82   0.81   0.38   0.63   0.69   0.61   0.29   0.59   0.49   0.96   0.14   0.23   0.80   0.22   0.83   0.84   0.45   0.71   0.74   0.22   0.77   0.94   0.67   0.47   0.17   0.82   0.13   0.91   0.97 
  0.18   0.15   0.35   0.68   0.13   0.48   0.47   0.13   0.15   0.96   0.91   0.71   0.35   0.45   0.41   0.68   0.79   0.49   0.45   0.87   0.67   0.39   0.55   0.95   0.53   0.29   0.38   0.78   0.62   0.91   0.11   0.35   0.74   0.29   0.57   0.24   0.41   0.48   0.41   0.42   0.48   0.95   0.88   0.94   0.77   0.26   0.76   0.26   0.28 
  0.32   0.44   0.63   0.26   0.63   0.38   0.39   0.48   0.65   0.83   0.34   0.59   0.92   0.83   0.41   0.56   0.52   0.40   0.54   0.87   0.59   0.32   0.89   0.60   0.99   0.59   0.89   0.26   0.32   0.96   0.52   0.40   0.50   0.49   0.75   0.64   0.64   0.95   0.50   0.73   0.26   0.40   0.43   0.75   0.37   0.74   0.52   0.40   0.20 
  0.32   0.59   0.52   0.37   0.57   0.38   0.56   0.66   0.91   0.61   0.52   0.22   0.38   0.96   0.86   0.51   0.85   0.23   0.45   0.51   0.16   0.14   0.16   0.85   0.31   0.96   0.43   0.79   0.80   0.63   0.30   0.65   0.78   0.93   0.88   0.44   0.94   0.21   0.54   0.12   0.62   0.52   0.50   0.63   0.47   0.95   0.91   0.74   0.95 
---
G_diag: 49 49
  4.98   2.28   9.54   3.00   2.84   9.27   7.73   4.65   3.39   2.89   4.23   7.42   6.64   3.46   7.82   8.42   9.02   5.72   8.96   8.77   7.91   4.98   2.16   6.74   4.69   4.89   3.36   4.20   7.97   8.78   7.44   2.25   4.73   6.32   6.36   5.78   8.13   2.67   7.85   3.95   7.06   9.22   8.37   3.41   8.82   3.56   2.52   2.59   6.42 
  5.37   9.79   3.28   2.25   3.70   7.23   2.78   8.47   2.44   5.12   9.12   5.65   4.42   6.33   6.47   9.73   3.34   4.66   9.22   3.86   4.25   7.82   4.91   8.55   5.96   2.25   3.87   4.57   9.51   6.76   8.02   5.33   6.96   4.58   2.42   4.63   9.21   3.47   4.25   4.50   6.65   4.83   6.61   2.47   8.45   6.85   8.79   9.04   9.16 
  5.80   4.89   8.38   8.56   2.85   5.20   6.87   9.77   6.88   7.38   8.50   9.89   8.53   7.93   3.93   4.60   9.59   7.56   5.89   3.83   2.98   6.37   6.45   7.01   4.86   7.99   6.36   9.43   3.92   2.24   5.11   3.29   9.88   4.97   5.45   4.87   6.60   4.67   6.37   7.87   7.16   2.95   9.47   5.96   8.39   2.55   2.33   9.70   7.48 
  6.75   3.24   5.81   4.32   5.00   8.57   8.38   2.90   6.02   3.66   9.65   7.36   2.59   5.91   3.11   9.46   2.31   4.97   2.89   6.55   8.51   8.80   5.94   7.14   5.12   7.59   9.18   2.45   3.02   6.20   5.29   4.68   4.23   8.22   3.84   8.36   5.43   2.92   8.93   4.68   5.10   7.75   6.79   4.45   3.79   4.41   7.63   6.46   9.75 
  4.68   4.31   7.26   7.37   6.57   7.40   6.15   3.59   6.91   8.09   2.20   8.51   5.33   8.61   7.35   2.93   3.13   3.99   9.63   3.93   8.25   8.05   4.86   4.98   8.22   6.72   2.95   5.97   4.26   7.87   8.37   4.21   8.35   3.50   3.19   9.33   5.99   3.42   8.57   4.10   7.84   5.40   6.54   5.43   6.78   4.49   2.44   8.69   7.69 
  7.64   3.23   2.59   9.74   7.46   4.38   2.52   2.91   2.53   3.27   8.31   6.20   7.68   3.57   2.76   4.11   4.74   3.34   5.49   7.07   7.53   9.90   8.41   6.41   4.97   7.84   8.58   4.40   6.90   6.72   8.40   8.80   7.04   5.86   4.52   5.25   5.55   3.69   3.67   9.03   9.81   9.25   6.01   4.01   2.64   5.57   4.73   2.12   6.46 
  4.44   7.38   5.89   4.22   5.44   9.31   6.61   5.34   2.52   7.22   9.07   7.89   2.86   9.74   4.01   5.66   2.31   7.57   8.77   9.55   7.84   5.05   4.79   9.47   9.72   4.88   4.68   5.44   8.94   2.27   7.69   9.44   2.98   5.23   2.15   4.43   4.08   4.33   8.21   7.40   2.46   6.07   2.77   9.75   2.17   6.61   7.21   8.10   5.63 
  7.64   7.39   3.16   2.69   8.92   9.00   9.01   8.47   8.15   6.73   3.22   3.04   4.20   6.39   3.27   9.86   8.43   9.15   9.11   7.87   3.14   7.92   7.20   2.74   9.35   3.46   4.45   5.03   6.56   4.24   6.56   8.85   5.66   4.77   5.05   5.11   4.82   6.34   6.49   5.41   7.73   3.64   8.91   9.51   9.72   6.43   3.29   9.37   7.84 
  8.87   8.44   3.24   7.64   8.80   3.95   8.42   9.11   3.82   4.52   8.04   2.72   2.16   8.38   8.53   3.79   4.53   6.63   9.15   6.64   5.81   2.68   2.67   4.48   6.97   4.03   8.17   3.22   7.90   5.64   6.95   5.81   9.42   6.18   8.48   7.70   3.54   9.72   4.27   6.58   6.48   3.43   4.91   6.09   7.14   5.73   6.83   6.00   6.34 
  8.57   7.92   7.93   3.66   8.91   2.50   2.89   3.40   6.03   8.94   5.54   6.08   8.37   6.28   7.41   5.20   6.03   7.47   4.87   3.23   4.97   3.47   4.44   8.19   5.66   6.47   3.18   3.42   2.63   2.55   6.44   3.74   9.29   4.36   4.73   3.61   6.64   4.18   8.43   8.01   2.63   8.71   4.55   9.36   6.79   9.79   9.24   4.26   9.51 
  6.04   3.28   5.17   5.22   5.72   6.95   5.12   6.04   4.47   4.41   3.33   2.64   7.34   7.77   2.29   4.59   8.04   9.47   7.99   2.79   2.43   3.45   3.82   3.29   9.56   5.05   5.22   2.86   7.39   3.33   7.90   7.23   2.74   2.51   3.24   2.62   5.43   5.29   5.97   5.21   9.59   7.02   9.52   7.03   2.45   4.37   2.85   2.99   5.43 
  9.40   4.88   4.82   6.56   5.79   8.93   4.59   5.19   2.38   5.25   3.12   3.90   5.65   6.07   7.83   4.90   6.10   9.74   7.63   2.74   6.35   7.68   9.34   8.27   4.73   8.95   5.80   8.44   7.51   3.44   7.80   3.32   5.18   7.84   6.25   4.48   5.49   7.46   7.79   5.75   5.37   2.10   3.33   8.72   9.08   8.07   4.75   4.28   5.02 
  3.36   7.38   8.66   8.66   8.24   9.18   3.15   8.77   8.90   3.38   9.41   4.61   9.62   6.79   9.70   5.27   9.21   2.43   8.79   4.54   4.97   2.32   7.82   3.30   8.28   3.49   5.49   5.48   8.88   6.84   7.91   3.29   8.78   4.10   7.38   6.79   3.77   6.49   9.44   9.87   6.89   4.94   3.15   2.96   2.59   9.21   7.01   6.19   9.88 
  5.07   6.95   9.38   2.29   3.86   2.98   5.75   5.65   4.40   8.81   3.99   3.19   6.28   2.40   7.86   8.58   4.23   4.52   9.83   9.39   7.92   7.61   8.57   5.87   7.50   7.45   8.79   5.46   6.04   9.81   5.88   2.87   6.44   8.35   3.82   6.39   4.36   3.72   5.22   6.26   6.82   4.28   2.64   3.49   5.00   6.85   5.42   8.70   2.52 
  7.74   6.22   7.60   9.25   5.45   2.17   7.16   5.14   5.05   6.33   3.47   7.61   9.34   6.02   5.57   5.50   8.43   9.19   6.18   8.87   9.48   8.58   9.58   5.11   6.88   9.90   7.56   2.13   4.94   4.11   6.46   4.86   7.70   2.81   5.65   2.67   2.60   8.01   3.52   7.63   9.48   6.26   2.31   5.41   2.77   4.90   4.33   8.19   3.40 
  8.33   6.78   2.30   2.96   2.44   8.57   3.69   5.15   3.10   4.83   9.41   9.72   8.26   5.86   2.52   2.12   6.32   8.96   8.04   8.71   2.48   4.25   6.35   5.95   7.03   2.42   5.19   8.06   5.92   5.93   3.72   6.86   2.77   8.75   8.98   9.42   6.73   7.73   4.33   7.36   4.07   7.12   2.28   4.37   4.09   7.08   3.11   3.65   8.54 
  7.30   5.56   8.89   7.52   4.21   9.70   5.71   8.64   5.68   6.58   6.12   4.53   4.02   6.08   7.79   8.33   5.90   4.61   4.21   9.07   8.55   8.71   6.74   7.77   9.14   7.01   4.91   8.62   4.03   4.80   5.69   7.56   4.62   8.82   5.60   9.87   5.45   2.17   6.89   8.28   6.21   6.85   7.38   7.23   9.78   5.57   8.62   7.11   7.44 
  3.83   5.77   9.41   3.65   4.42   2.68   9.69   8.87   3.90   9.87   4.73   8.02   6.02   4.95   7.45   5.21   3.95   8.40   5.19   8.97   7.09   3.46   6.18   2.40   3.16   6.76   6.03   7.33   9.40   6.17   2.76   5.50   6.75   7.60   5.17   7.52   4.09   5.77   8.24   3.12   7.20   3.93   7.84   9.03   5.39   7.15   7.92   2.77   3.40 
  5.28   2.63   6.61   8.46   9.09   7.71   3.11   9.10   3.87   7.97   9.44   2.23   4.71   7.52   2.74   2.11   6.03   4.48   9.02   3.03   9.07   6.87   2.24   8.81   3.57   6.79   4.08   7.39   6.40   5.90   6.99   4.55   6.36   4.69   2.60   4.42   3.90   3.91   8.83   3.22   9.74   2.27   9.18   2.14   9.11   7.53   8.74   5.44   7.07 
  9.78   8.25   7.76   7.20   5.16   6.53   7.75   6.32   9.74   4.10   5.17   2.42   5.33   9.68   3.41   2.80   4.39   2.81   9.16   3.13   2.63   6.24   6.28   9.10   5.74   7.06   5.65   2.46   5.51   8.90   6.59   7.29   6.20   2.26   4.46   5.36   8.96   4.52   5.06   3.54   9.16   6.10   3.61   5.24   2.35   7.60   8.88   3.57   9.27 
  3.51   5.38   6.67   7.86   2.32   2.73   5.62   5.42   8.82   6.53   8.62   7.25   4.48   6.61   6.23   9.65   4.70   2.36   9.13   7.71   2.70   9.77   4.10   7.40   6.72   7.48   6.16   3.72   4.66   8.16   2.71   3.63   3.45   2.59   4.25   6.82   2.75   6.13   8.30   6.18   3.28   6.28   6.39   4.05   6.77   2.78   2.59   5.71   4.78 
  2.79   9.45   7.89   3.50   9.00   5.62   8.52   8.55   2.16   4.80   5.26   4.76   8.55   6.83   7.89   9.58   7.27   4.79   2.84   3.60   7.69   3.22   2.40   7.56   5.23   4.09   2.44   5.54   3.10   2.54   5.69   3.38   8.43   8.53   2.90   9.68   5.17   2.70   2.96   3.79   9.81   9.28   6.98   5.06   9.63   9.17   7.23   6.24   2.74 
  9.19   4.65   8.78   9.20   2.55   9.29   5.72   4.55   8.47   3.97   8.84   9.26   4.38   2.45   5.70   8.98   4.53   6.99   6.13   6.17   5.70   9.28   6.68   2.23   9.23   3.52   5.65   9.68   4.20   7.08   4.64   2.24   5.72   3.47   4.95   8.69   2.60   4.49   9.70   4.22   8.40   4.68   8.85   9.90   7.74   3.22   7.41   9.47   2.95 
  3.98   2.54   2.62   6.99   4.42   3.34   8.46   9.84   8.94   6.22   6.73   2.40   3.50   9.63   9.78   9.33   3.60   8.86   2.46   8.29   2.49   5.41   7.98   8.77   7.19   8.34   7.00   2.76   3.71   3.43   6.11   9.88   9.45   5.18   8.40   9.65   5.03   8.61   4.19   8.17   3.27   7.56   7.73   5.51   3.03   3.43   5.73   4.74   4.21 
  7.22   5.85   9.58   6.89   6.35   8.75   2.45   2.90   3.86   4.36   6.44   4.75   5.36   5.63   7.47   8.44   2.89   4.90   8.60   2.89   7.42   7.97   4.50   7.21   4.56   3.81   3.43   9.87   8.49   7.74   7.10   7.05   7.83   6.55   9.76   8.40   9.56   4.19   8.82   5.53   4.65   4.45   9.16   7.08   9.48   9.85   7.03   5.36   9.17 
  6.20   2.93   4.91   6.73   2.48   6.90   8.29   2.21   4.71   7.28   3.42   2.24   5.08   8.25   9.21   6.18   2.69   7.37   4.79   9.46   7.12   3.21   9.11   9.10   7.67   6.17   8.51   3.13   3.63   3.40   6.29   2.15   2.53   7.21   7.52   2.88   8.51   2.23   4.98   2.52   6.15   7.46   5.47   9.08   4.29   3.30   3.32   4.73   7.30 
  9.51   3.37   5.86   3.67   3.67   5.03   2.47   5.10   7.30   6.75   7.57   4.75   3.32   6.89   5.31   3.02   3.80   7.71   7.92   7.57   3.47   6.13   9.59   6.49   2.34   7.65   5.42   5.55   8.80   8.95   9.82   8.24   7.99   9.48   3.87   9.28   8.17   5.96   8.22   4.49   6.34   8.53   5.68   9.89   6.79   2.37   7.17   7.94   5.55 
  5.36   9.37   6.80   6.02   2.26   4.48   2.62   5.20   8.22   2.59   8.73   2.38   8.69   7.62   7.12   7.92   8.33   8.93   6.19   5.92   3.58   4.98   8.26   5.84   4.72   2.96   8.10   6.92   8.63   7.87   9.05   7.92   8.70   9.05   8.90   8.31   8.39   6.67   9.49   8.77   2.44   4.97   8.87   3.27   6.99   9.84   7.38   4.16   4.50 
  4.30   7.05   4.21   7.72   5.01   5.55   8.05   6.17   3.52   3.61   4.97   4.40   4.36   2.64   6.52   5.83   8.14   8.04   2.26   2.42   9.52   6.62   8.53   3.63   4.50   4.23   8.85   6.33   9.38   8.74   3.59   9.15   8.02   3.14   3.46   3.60   5.34   8.77   2.47   7.97   3.28   4.93   7.06   4.65   9.15   7.23   5.65   8.14   9.76 
  6.31   9.35   5.60   9.38   6.71   2.40   7.75   5.75   3.61   3.59   9.44   8.01   5.80   4.20   4.67   9.27   4.00   7.50   4.45   3.73   4.61   3.80   4.78   3.66   3.05   3.92   6.31   2.87   6.93   8.55   3.52   6.60   5.79   5.39   9.04   7.49   7.88   7.27   3.56   7.65   8.34   6.60   7.10   3.85   7.46   6.14   9.65   8.02   8.99 
  3.95   2.57   4.73   7.31   2.79   2.37   8.55   4.22   9.76   6.74   4.59   8.28   3.70   7.77   3.72   8.69   4.89   4.48   3.34   2.72   2.99   2.51   6.50   9.44   8.67   3.31   3.55   9.01   5.45   3.30   6.87   8.14   6.05   5.05   8.12   8.93   2.82   5.22   2.55   3.93   2.37   3.34   6.09   4.38   8.98   4.98   9.41   6.81   4.75 
  8.81   9.10   5.24   9.68   9.32   6.60   7.23   9.21   7.70   7.63   9.08   7.03   9.66   7.81   7.67   7.17   5.10   7.72   2.29   4.84   9.39   4.97   6.84   2.86   6.67   2.91   6.08   6.66   6.70   5.26   9.67   3.53   9.34   5.91   8.97   6.04   2.33   7.52   8.64   8.43   2.94   2.18   8.97   6.99   8.85   2.43   4.64   7.42   8.18 
  3.71   4.39   9.57   2.34   4.31   5.22   2.74   7.02   4.83   9.53   2.19   6.61   9.61   8.70   8.14   8.35   9.76   9.29   8.15   8.62   9.07   7.77   6.84   7.50   3.17   4.19   6.43   7.52   4.39   8.77   4.95   4.08   8.04   6.22   2.14   2.47   6.89   2.37   8.49   4.67   6.68   2.26   2.34   5.66   7.20   2.71   3.63   2.90   6.19 
  3.29   9.44   8.35   5.94   9.73   6.81   9.23   5.29   5.71   8.78   5.61   9.44   5.00   8.29   3.89   2.16   2.25   6.15   5.72   7.51   2.52   6.50   2.30   3.40   5.41   4.50   8.97   6.16   3.05   7.74   8.47   9.52   4.47   8.27   2.97   2.17   5.31   8.06   4.74   4.26   6.81   4.53   5.84   6.60   7.13   6.97   3.34   6.99   6.78 
  5.13   8.09   3.62   8.53   8.98   8.33   4.03   6.65   3.39   8.77   8.33   3.64   3.57   6.00   4.94   7.15   4.28   2.49   9.03   5.01   9.88   6.63   5.71   7.13   6.64   9.88   7.27   3.88   4.96   7.72   4.51   4.52   5.11   3.95   3.85   3.15   2.12   3.05   6.45   7.99   7.52   8.58   7.31   4.55   9.63   6.79   7.07   9.24   9.68 
  2.74   4.38   5.58   6.89   6.72   6.72   8.62   5.71   6.21   7.26   7.73   8.67   5.71   2.47   5.38   2.35   8.43   2.41   2.75   8.34   2.83   7.54   6.39   3.18   6.37   4.84   6.08   4.25   4.92   3.58   9.16   5.93   6.78   7.66   4.40   9.11   4.65   5.50   9.36   8.26   5.23   9.79   8.37   9.45   9.33   8.46   8.45   4.09   9.19 
  3.05   8.31   5.57   4.91   9.35   7.97   9.82   7.60   5.63   8.82   2.51   5.98   9.42   2.60   9.01   6.80   8.54   6.88   6.93   6.91   5.74   2.86   9.22   2.62   8.90   3.97   6.49   7.47   9.12   6.31   8.32   9.78   3.68   6.23   5.85   8.78   9.13   5.70   7.14   4.55   7.90   5.74   4.50   9.84   2.12   2.38   9.74   3.14   4.25 
  9.28   8.52   8.62   3.24   6.38   4.85   4.86   3.48   6.61   2.19   2.11   7.04   4.21   2.95   8.19   8.22   3.27   7.03   9.22   6.84   5.90   9.01   8.76   5.38   5.13   2.49   7.09   3.17   7.85   6.27   2.60   3.13   6.03   3.26   5.42   3.79   3.17   9.86   8.91   5.33   6.72   5.43   6.04   8.86   2.30   6.12   9.73   4.38   2.55 
  5.01   4.45   9.50   4.88   9.66   9.73   4.99   8.79   2.67   6.67   5.32   5.97   2.94   5.68   8.51   6.27   7.42   6.08   3.15   3.96   9.80   2.82   6.27   3.41   4.31   5.90   7.45   6.09   4.74   7.77   7.39   8.23   4.70   5.44   9.78   4.21   6.51   8.05   6.42   5.25   4.91   3.45   8.82   6.77   4.58   2.35   5.47   7.90   9.63 
  2.66   9.57   4.32   5.94   5.62   8.81   9.85   3.10   8.74   9.73   5.24   6.94   4.49   5.59   6.69   9.82   6.53   4.04   3.97   9.28   2.65   9.47   8.59   7.21   7.63   5.23   8.91   3.72   7.42   3.74   2.89   7.85   4.63   3.38   6.66   5.66   8.87   4.37   4.01   3.36   3.18   3.68   3.08   5.97   3.35   9.48   5.21   5.49   7.57 
  7.88   5.58   9.50   9.10   8.31   3.44   7.04   3.40   3.29   2.93   7.42   9.53   5.43   3.56   8.26   8.29   2.51   7.53   8.38   5.57   6.83   6.52   7.66   4.19   6.70   5.18   6.38   4.41   4.15   3.75   6.75   7.32   6.82   4.32   2.45   9.70   4.67   8.07   7.91   2.73   9.29   6.86   9.28   7.70   3.26   4.31   5.09   2.92   6.32 
  7.97   5.99   4.56   4.05   8.47   9.06   5.98   3.13   8.51   4.85   9.36   6.44   6.16   7.90   5.07   6.54   2.75   6.41   5.30   9.52   3.37   2.86   7.71   8.04   3.58   5.24   6.18   7.18   3.96   9.39   6.76   2.66   3.32   8.22   5.98   6.75   3.28   4.13   9.18   6.31   8.71   4.36   5.63   8.69   7.70   5.14   3.58   8.03   2.93 
  5.02   9.15   5.45   3.07   6.41   7.05   9.38   6.88   2.71   6.13   7.15   3.10   7.94   2.15   8.39   4.03   2.70   5.72   8.69   7.55   9.06   6.80   4.59   4.47   3.51   9.61   4.74   9.68   5.27   2.34   7.15   8.33   6.24   3.26   3.03   6.54   2.49   7.88   8.54   8.74   6.02   5.63   3.14   5.83   6.24   9.81   2.34   4.23   9.50 
  7.80   4.37   5.43   4.63   8.06   8.14   2.66   6.05   5.34   7.94   2.39   8.75   7.27   8.38   2.38   5.33   2.62   4.92   9.17   6.76   3.29   4.81   2.61   4.50   7.07   2.21   9.39   3.79   4.68   7.61   8.24   7.55   4.15   5.36   9.51   4.32   9.85   4.37   3.07   3.08   5.93   6.08   9.79   7.74   7.51   8.83   7.08   6.48   2.20 
  4.62   3.17   6.27   8.53   2.12   8.31   5.51   2.34   8.96   4.82   9.80   9.19   5.53   6.52   7.46   7.59   7.19   2.17   5.46   4.61   3.58   8.15   2.27   2.81   9.72   8.99   7.20   5.62   5.51   6.02   6.82   4.83   3.28   2.55   8.52   2.73   8.66   6.99   7.49   7.67   5.90   5.43   8.02   9.58   6.12   2.35   6.70   8.91   6.75 
  9.30   4.51   2.37   4.37   6.39   5.17   9.73   9.56   5.15   7.09   9.51   7.36   9.38   6.41   3.79   8.72   3.67   2.64   5.37   9.88   6.99   6.11   6.00   8.29   3.77   9.46   8.03   4.24   9.88   4.62   8.51   9.40   9.37   4.27   5.69   2.55   5.83   5.24   2.91   7.12   2.33   3.95   9.17   4.87   3.02   2.13   3.76   3.49   9.02 
  3.09   2.99   8.76   8.15   4.62   4.13   7.13   3.47   4.43   2.30   8.77   5.83   4.12   9.07   9.43   2.70   7.55   5.90   2.40   9.86   7.76   2.33   6.62   5.45   8.22   9.15   2.92   9.22   8.87   7.99   4.65   7.54   6.86   6.14   7.86   7.58   9.66   5.50   8.37   3.27   8.76   9.66   9.71   2.14   8.73   4.81   3.02   4.65   5.60 
  8.60   2.10   2.26   7.76   7.29   7.78   7.44   8.39   3.70   3.33   2.20   3.29   8.20   6.89   9.16   2.10   5.40   5.51   9.74   6.18   6.62   7.51   5.71   2.89   5.45   3.53   9.46   6.77   2.51   3.79   9.67   8.86   2.41   6.55   7.43   9.19   2.49   9.75   7.64   2.98   3.38   7.43   3.84   6.48   9.42   8.59   3.31   3.51   7.36 
  5.29   6.15   6.29   2.41   3.27   8.87   2.79   7.23   2.28   7.90   2.82   5.58   5.29   9.89   7.64   7.12   2.61   9.32   3.15   8.11   7.30   6.99   6.23   2.61   7.58   9.54   5.22   9.35   3.40   3.85   2.26   2.14   3.38   8.42   5.29   2.62   8.60   7.43   2.94   5.29   5.01   7.31   6.32   7.33   2.14   6.42   4.67   7.61   6.02 
---
