G_down: 49 50
  0.76   0.74   0.46   0.49   0.68   0.20   0.94   0.84   0.39   0.22   0.11   0.12   0.50   0.70   0.25   0.41   0.48   0.16   0.52   0.47   0.43   0.29   0.12   0.73   0.62   0.73   0.71   0.42   0.54   0.46   0.92   0.88   0.30   0.33   0.83   0.20   0.60   0.35   0.97   0.66   0.82   0.36   0.84   0.92   0.50   0.12   0.39   0.20   0.36   0.48 
  0.66   0.19   0.30   0.62   0.97   0.24   0.86   0.83   0.33   0.48   0.80   0.76   0.68   0.15   0.66   0.90   0.23   0.84   0.34   0.88   0.33   0.50   0.94   0.69   0.29   0.81   0.34   0.19   0.88   0.30   0.49   0.84   0.25   0.50   0.72   0.30   0.16   0.74   0.37   0.39   0.92   0.48   0.42   0.23   0.89   0.77   0.81   0.42   0.79   0.20 
  0.80   0.45   0.76   0.62   0.85   0.36   0.81   0.49   0.15   0.56   0.12   0.38   0.26   0.60   0.96   0.79   0.95   0.68   0.20   0.63   0.65   0.89   0.52   0.22   0.78   0.11   0.40   0.88   0.70   0.78   0.64   0.25   0.34   0.51   0.88   0.51   0.31   0.14   0.21   0.63   0.54   0.28   0.98   0.53   0.18   0.22   0.63   0.95   0.85   0.62 
  0.67   0.90   0.50   0.68   0.44   0.47   0.71   0.25   0.78   0.12   0.25   0.92   0.76   0.47   0.31   0.30   0.35   0.93   0.61   0.78   0.93   0.79   0.96   0.29   0.71   0.65   0.25   0.31   0.14   0.55   0.47   0.82   0.57   0.40   0.30   0.56   0.35   0.27   0.68   0.61   0.43   0.10   0.55   0.51   0.20   0.51   0.30   0.31   0.37   0.17 
  0.92   0.17   0.16   0.49   0.98   0.80   0.68   0.13   0.84   0.33   0.15   0.73   0.52   0.62   0.94   0.75   0.39   0.87   0.41   0.49   0.28   0.18   0.22   0.86   0.57   0.45   0.56   0.83   0.91   0.34   0.98   0.41   0.48   0.72   0.34   0.79   0.84   0.35   0.94   0.85   0.41   0.36   0.31   0.14   0.23   0.40   0.29   0.69   0.27   0.74 
  0.40   0.98   0.22   0.97   0.83   0.42   0.11   0.88   0.15   0.21   0.68   0.29   0.40   0.45   0.90   0.73   0.25   0.28   0.52   0.58   0.70   0.34   0.88   0.54   0.24   0.33   0.34   0.47   0.80   0.58   0.38   0.12   0.12   0.57   0.66   0.49   0.25   0.61   0.35   0.70   0.74   0.52   0.33   0.99   0.58   0.27   0.16   0.13   0.39   0.74 
  0.50   0.93   0.68   0.46   0.17   0.43   0.73   0.37   0.61   0.58   0.50   0.18   0.22   0.36   0.98   0.73   0.29   0.88   0.13   0.10   0.31   0.51   0.73   0.32   0.70   0.88   0.88   0.53   0.14   0.44   0.39   0.67   0.82   0.32   0.47   0.60   0.68   0.30   0.88   0.93   0.86   0.27   0.71   0.59   0.16   0.73   0.17   0.12   0.90   0.56 
  0.20   0.71   0.40   0.31   0.78   0.89   0.67   0.35   0.36   0.64   0.58   0.94   0.71   0.51   0.82   0.18   0.91   0.86   0.88   0.56   0.37   0.12   0.38   0.67   0.46   0.34   0.96   0.39   0.25   0.59   0.30   0.57   0.17   0.38   0.26   0.76   0.48   0.94   0.93   0.77   0.16   0.37   0.39   0.27   0.94   0.87   0.50   0.86   0.82   0.50 
  0.73   0.64   0.43   0.20   0.67   0.46   0.44   0.72   0.93   0.18   0.61   0.55   0.37   0.91   0.78   0.96   0.27   0.71   0.60   0.77   0.32   0.30   0.74   0.92   0.30   0.61   0.15   0.21   0.39   0.14   0.90   0.19   0.69   0.94   0.27   0.56   0.88   0.59   0.65   0.32   0.57   0.67   0.85   0.16   0.18   0.91   0.34   0.86   0.30   0.84 
  0.42   0.83   0.77   0.70   0.78   0.65   0.36   0.92   0.10   0.89   0.50   0.87   0.92   0.98   0.71   0.10   0.98   0.62   0.56   0.85   0.61   0.18   0.20   0.30   0.19   0.39   0.41   0.30   0.16   0.47   0.65   0.80   0.29   0.71   0.88   0.33   0.30   0.39   0.95   0.20   0.75   0.51   0.52   0.62   0.63   0.31   0.53   0.39   0.14   0.51 
  0.61   0.70   0.11   0.30   0.14   0.26   0.48   0.78   0.96   0.44   0.77   0.73   0.89   0.85   0.18   0.57   0.89   0.49   0.30   0.16   0.79   0.12   0.72   0.11   0.96   0.71   0.29   0.97   0.60   0.75   0.49   0.20   0.42   0.79   0.86   0.15   0.10   0.81   0.76   0.65   0.65   0.18   0.84   0.77   0.85   0.71   0.97   0.83   0.62   0.81 
  0.90   0.41   0.44   0.97   0.40   0.24   0.65   0.46   0.68   0.51   0.19   0.87   0.13   0.13   0.94   0.71   0.27   0.69   0.55   0.13   0.36   0.74   0.45   0.75   0.63   0.15   0.49   0.84   0.16   0.60   0.55   0.80   0.88   0.96   0.26   0.87   0.23   0.72   0.63   0.84   0.79   0.98   0.16   0.87   0.83   0.85   0.22   0.28   0.39   0.43 
  0.85   0.34   0.68   0.71   0.13   0.33   0.21   0.75   0.50   0.58   0.32   0.79   0.66   0.13   0.90   0.92   0.77   0.41   0.94   0.96   0.46   0.60   0.62   0.19   0.18   0.14   0.65   0.40   0.32   0.19   0.42   0.17   0.71   0.13   0.56   0.53   0.12   0.85   0.98   0.21   0.40   0.82   0.84   0.74   0.16   0.96   0.37   0.90   0.71   0.89 
  0.71   0.18   0.87   0.48   0.24   0.90   0.98   0.80   0.39   0.83   0.87   0.28   0.59   0.17   0.91   0.21   0.14   0.36   0.85   0.86   0.92   0.17   0.95   0.15   0.31   0.44   0.49   0.53   0.71   0.87   0.58   0.36   0.95   0.71   0.47   0.32   0.65   0.41   0.16   0.76   0.69   0.96   0.82   0.96   0.42   0.49   0.53   0.44   0.80   0.52 
  0.95   0.81   0.80   0.72   0.44   0.84   0.67   0.80   0.43   0.94   0.80   0.61   0.43   0.87   0.64   0.32   0.65   0.29   0.68   0.68   0.80   0.73   0.96   0.99   0.40   0.92   0.18   0.89   0.40   0.43   0.43   0.39   0.54   0.39   0.21   0.92   0.79   0.59   0.71   0.26   0.68   0.63   0.52   0.20   0.30   0.28   0.11   0.63   0.36   0.44 
  0.18   0.29   0.76   0.40   0.34   0.86   0.12   0.54   0.26   0.39   0.21   0.55   0.86   0.58   0.69   0.17   0.66   0.92   0.65   0.20   0.32   0.99   0.15   0.78   0.43   0.23   0.14   0.38   0.53   0.95   0.53   0.57   0.92   0.45   0.72   0.83   0.68   0.97   0.46   0.17   0.54   0.35   0.26   0.44   0.78   0.61   0.36   0.43   0.81   0.26 
  0.70   0.69   0.58   0.91   0.66   0.37   0.14   0.26   0.68   0.36   0.25   0.57   0.21   0.54   0.78   0.43   0.31   0.97   0.48   0.77   0.40   0.94   0.70   0.15   0.74   0.44   0.13   0.81   0.14   0.96   0.93   0.12   0.56   0.62   0.43   0.24   0.52   0.20   0.21   0.65   0.58   0.69   0.53   0.19   0.75   0.76   0.25   0.95   0.63   0.70 
  0.29   0.84   0.90   0.12   0.84   0.41   0.32   0.15   0.76   0.86   0.61   0.21   0.74   0.48   0.61   0.39   0.36   0.71   0.65   0.35   0.24   0.89   0.11   0.33   0.25   0.40   0.25   0.35   0.65   0.28   0.16   0.48   0.22   0.98   0.56   0.78   0.20   0.56   0.63   0.47   0.80   0.25   0.12   0.90   0.82   0.73   0.45   0.21   0.47   0.85 
  0.83   0.42   0.73   0.89   0.28   0.82   0.88   0.96   0.39   0.77   0.35   0.72   0.63   0.15   0.27   0.34   0.85   0.47   0.68   0.80   0.17   0.78   0.26   0.78   0.38   0.82   0.92   0.27   0.36   0.10   0.10   0.99   0.30   0.89   0.27   0.29   0.83   0.97   0.66   0.86   0.60   0.84   0.95   0.24   0.13   0.26   0.20   0.14   0.76   0.29 
  0.28   0.46   0.36   0.74   0.56   0.21   0.75   0.14   0.35   0.83   0.60   0.57   0.34   0.89   0.81   0.22   0.71   0.19   0.46   0.76   0.53   0.30   0.85   0.89   0.46   0.39   0.17   0.97   0.66   0.35   0.43   0.78   0.18   0.38   0.67   0.50   0.52   0.26   0.17   0.24   0.31   0.84   0.89   0.98   0.42   0.47   0.76   0.32   0.82   0.50 
  0.61   0.24   0.55   0.84   0.26   0.42   0.50   0.42   0.23   0.87   0.47   0.68   0.68   0.80   0.36   0.21   0.70   0.88   0.23   0.37   0.12   0.42   0.51   0.65   0.13   0.19   0.39   0.27   0.27   0.74   0.38   0.53   0.98   0.32   0.71   0.84   0.36   0.44   0.14   0.47   0.96   0.48   0.80   0.16   0.70   0.93   0.90   0.31   0.83   0.13 
  0.73   0.74   0.95   0.86   0.51   0.13   0.25   0.24   0.56   0.48   0.81   0.44   0.11   0.50   0.48   0.78   0.61   0.77   0.20   0.69   0.97   0.14   0.18   0.68   0.11   0.93   0.92   0.92   0.24   0.21   0.61   0.64   0.47   0.72   0.78   0.42   0.90   0.67   0.51   0.80   0.53   0.54   0.79   0.27   0.40   0.62   0.28   0.18   0.38   0.21 
  0.17   0.74   0.49   0.94   0.66   0.87   0.15   0.47   0.83   0.84   0.71   0.13   0.86   0.89   0.63   0.17   0.66   0.85   0.66   0.77   0.21   0.14   0.92   0.24   0.92   0.42   0.87   0.23   0.58   0.85   0.48   0.45   0.48   0.91   0.65   0.66   0.31   0.63   0.40   0.56   0.55   0.40   0.61   0.45   0.53   0.65   0.77   0.47   0.34   0.15 
  0.40   0.59   0.46   0.44   0.61   0.88   0.87   0.10   0.55   0.91   0.81   0.42   0.44   0.56   0.93   0.49   0.93   0.71   0.33   0.83   0.27   0.43   0.29   0.29   0.98   0.99   0.59   0.14   0.54   0.30   0.26   0.21   0.37   0.71   0.68   0.35   0.72   0.42   0.12   0.48   0.86   0.20   0.43   0.20   0.60   0.11   0.74   0.34   0.65   0.20 
  0.93   0.31   0.54   0.36   0.29   0.62   0.51   0.34   0.72   0.28   0.22   0.41   0.46   0.20   0.77   0.72   0.82   0.87   0.99   0.61   0.55   0.24   0.89   0.94   0.61   0.25   0.81   0.30   0.33   0.62   0.96   0.41   0.98   0.15   0.98   0.70   0.15   0.22   0.93   0.32   0.72   0.36   0.31   0.86   0.71   0.87   0.66   0.98   0.91   0.99 
  0.53   0.38   0.18   0.49   0.72   0.45   0.84   0.55   0.13   0.73   0.21   0.41   0.92   0.38   0.29   0.66   0.50   0.82   0.68   0.68   0.89   0.22   0.72   0.25   0.91   0.47   0.11   0.52   0.37   0.18   0.57   0.93   0.14   0.78   0.64   0.37   0.45   0.49   0.45   0.61   0.66   0.21   0.35   0.36   0.91   0.91   0.76   0.30   0.21   0.48 
  0.31   0.96   0.91   0.69   0.69   0.50   0.40   0.56   0.84   0.60   0.58   0.71   0.71   0.32   0.37   0.46   0.91   0.37   0.27   0.22   0.94   0.83   0.29   0.68   0.99   0.40   0.20   0.56   0.41   0.70   0.26   0.14   0.47   0.66   0.20   0.21   0.93   0.33   0.38   0.44   0.26   0.33   0.54   0.91   0.51   0.22   0.57   0.22   0.74   0.58 
  0.75   0.13   0.64   0.59   0.51   0.55   0.23   0.75   0.20   0.65   0.56   0.89   0.80   0.50   0.60   0.96   0.23   0.74   0.80   0.77   0.86   0.14   0.74   0.71   0.50   0.33   0.83   0.55   0.85   0.71   0.16   0.80   0.32   0.62   0.46   0.33   0.11   0.97   0.53   0.30   0.79   0.20   0.23   0.48   0.10   0.42   0.65   0.93   0.12   0.58 
  0.34   0.11   0.98   0.12   0.60   0.13   0.98   0.71   0.71   0.45   0.70   0.54   0.42   0.30   0.50   0.57   0.16   0.27   0.29   0.35   0.57   0.21   0.75   0.42   0.56   0.85   0.67   0.79   0.12   0.35   0.28   0.87   0.59   0.12   0.71   0.29   0.98   0.99   0.95   0.56   0.23   0.54   0.33   0.50   0.39   0.62   0.92   0.24   0.69   0.48 
  0.30   0.93   0.60   0.86   0.88   0.92   0.27   0.98   0.73   0.96   0.60   0.62   0.11   0.73   0.45   0.35   0.95   0.93   0.48   0.93   0.73   0.16   0.74   0.17   0.63   0.83   0.49   0.54   0.68   0.48   0.49   0.57   0.98   0.69   0.11   0.16   0.77   0.87   0.72   0.61   0.90   0.46   0.90   0.75   0.15   0.96   0.49   0.30   0.99   0.14 
  0.74   0.56   0.94   0.80   0.71   0.46   0.18   0.40   0.28   0.90   0.39   0.73   0.87   0.62   0.51   0.33   0.35   0.68   0.32   0.43   0.56   0.24   0.67   0.17   0.69   0.31   0.11   0.87   0.52   0.95   0.59   0.75   0.27   0.97   0.45   0.71   0.18   0.50   0.71   0.80   0.38   0.63   0.94   0.91   0.21   0.56   0.12   0.69   0.89   0.54 
  0.38   0.15   0.44   0.52   0.80   0.89   0.57   0.35   0.46   0.68   0.76   0.87   0.97   0.35   0.95   0.10   0.51   0.53   0.46   0.52   0.48   0.48   0.93   0.57   0.85   0.24   0.56   0.63   0.68   0.21   0.13   0.34   0.54   0.17   0.66   0.84   0.64   0.33   0.77   0.81   0.73   0.65   0.85   0.24   0.59   0.78   0.53   0.40   0.37   0.98 
  0.48   0.90   0.91   0.32   0.16   0.14   0.60   0.24   0.23   0.35   0.98   0.43   0.32   0.45   0.44   0.58   0.89   0.49   0.69   0.57   0.84   0.41   0.16   0.59   0.11   0.94   0.25   0.86   0.48   0.81   0.78   0.56   0.76   0.59   0.83   0.18   0.20   0.96   0.92   0.85   0.34   0.72   0.14   0.94   0.11   0.32   0.12   0.81   0.89   0.79 
  0.60   0.66   0.22   0.87   0.56   0.40   0.32   0.61   0.70   0.79   0.57   0.78   0.54   0.55   0.68   0.15   0.14   0.55   0.15   0.54   0.37   0.20   0.93   0.43   0.74   0.70   0.59   0.74   0.76   0.42   0.12   0.51   0.69   0.73   0.41   0.99   0.74   0.54   0.88   0.17   0.95   0.76   0.18   0.71   0.44   0.14   0.63   0.45   0.93   0.63 
  0.45   0.97   0.68   0.30   0.65   0.36   0.12   0.78   0.29   0.70   0.48   0.88   0.64   0.80   0.23   0.72   0.57   0.41   0.92   0.85   0.88   0.57   0.51   0.29   0.54   0.36   0.44   0.44   0.37   0.55   0.38   0.88   0.51   0.38   0.91   0.79   0.61   0.96   0.29   0.21   0.70   0.13   0.79   0.22   0.35   0.71   0.41   0.37   0.53   0.80 
  0.17   0.81   0.86   0.31   0.35   0.25   0.83   0.85   0.30   0.23   0.25   0.94   0.57   0.89   0.29   0.29   0.48   0.78   0.87   0.66   0.37   0.85   0.27   0.91   0.59   0.60   0.17   0.34   0.38   0.36   0.24   0.12   0.53   0.36   0.16   0.34   0.29   0.56   0.11   0.55   0.99   0.13   0.78   0.14   0.84   0.75   0.84   0.62   0.30   0.60 
  0.23   0.74   0.12   0.34   0.79   0.28   0.64   0.97   0.74   0.18   0.89   0.48   0.84   0.77   0.97   0.78   0.97   0.72   0.86   0.30   0.21   0.18   0.35   0.38   0.95   0.98   0.90   0.22   0.97   0.62   0.70   0.11   0.34   0.46   0.78   0.67   0.76   0.18   0.99   0.65   0.54   0.71   0.50   0.24   0.21   0.92   0.50   0.95   0.21   0.49 
  0.14   0.56   0.67   0.71   0.83   0.84   0.80   0.96   0.79   0.68   0.13   0.24   0.91   0.25   0.56   0.98   0.92   0.64   0.28   0.18   0.26   0.29   0.96   0.94   0.78   0.15   0.90   0.57   0.88   0.89   0.25   0.23   0.96   0.92   0.77   0.21   0.19   0.17   0.66   0.49   0.94   0.60   0.20   0.47   0.70   0.66   0.51   0.76   0.52   0.20 
  0.96   0.36   0.25   0.52   0.62   0.55   0.86   0.44   0.18   0.32   0.90   0.62   0.70   0.28   0.65   0.57   0.43   0.57   0.92   0.61   0.28   0.40   0.24   0.40   0.97   0.11   0.11   0.84   0.63   0.23   0.91   0.11   0.14   0.71   0.51   0.95   0.30   0.39   0.20   0.13   0.28   0.40   0.79   0.16   0.15   0.33   0.85   0.63   0.23   0.92 
  0.49   0.94   0.63   0.46   0.30   0.74   0.83   0.19   0.69   0.50   0.83   0.63   0.77   0.34   0.79   0.83   0.17   0.59   0.69   0.88   0.87   0.95   0.46   0.78   0.28   0.74   0.42   0.19   0.65   0.97   0.17   0.60   0.26   0.25   0.70   0.22   0.62   0.71   0.41   0.22   0.40   0.29   0.19   0.62   0.82   0.73   0.37   0.83   0.24   0.46 
  0.26   0.41   0.53   0.79   0.20   0.97   0.77   0.76   0.75   0.17   0.77   0.46   0.84   0.41   0.90   0.64   0.26   0.30   0.88   0.85   0.37   0.53   0.34   0.24   0.27   0.91   0.47   0.88   0.69   0.85   0.37   0.95   0.74   0.74   0.29   0.68   0.22   0.33   0.81   0.63   0.93   0.71   0.69   0.95   0.89   0.14   0.37   0.49   0.15   0.71 
  0.65   0.64   0.21   0.17   0.87   0.62   0.20   0.24   0.15   0.59   0.46   0.49   0.33   0.46   0.18   0.33   0.53   0.70   0.78   0.64   0.54   0.32   0.61   0.34   0.67   0.29   0.36   0.42   0.25   0.55   0.34   0.49   0.50   0.68   0.19   0.82   0.77   0.92   0.62   0.74   0.35   0.19   0.35   0.86   0.59   0.57   0.13   0.66   0.92   0.72 
  0.19   0.50   0.50   0.47   0.84   0.15   0.90   0.19   0.89   0.34   0.65   0.42   0.27   0.76   0.44   0.13   0.28   0.96   0.23   0.56   0.20   0.50   0.97   0.51   0.33   0.71   0.58   0.45   0.37   0.71   0.41   0.18   0.10   0.55   0.73   0.93   0.71   0.80   0.24   0.77   0.87   0.97   0.68   0.30   0.77   0.38   0.92   0.18   0.62   0.37 
  0.85   0.16   0.75   0.10   0.47   0.44   0.95   0.13   0.86   0.15   0.34   0.10   0.17   0.55   0.64   0.85   0.40   0.85   0.63   0.89   0.26   0.70   0.77   0.45   0.90   0.89   0.49   0.65   0.13   0.26   0.71   0.70   0.41   0.15   0.94   0.39   0.68   0.34   0.39   0.32   0.78   0.60   0.62   0.16   0.58   0.15   0.63   0.53   0.63   0.95 
  0.55   0.84   0.15   0.62   0.41   0.35   0.86   0.13   0.85   0.31   0.36   0.78   0.79   0.96   0.96   0.36   0.86   0.91   0.31   0.96   0.37   0.92   0.44   0.34   0.89   0.28   0.23   0.18   0.75   0.80   0.14   0.14   0.32   0.96   0.47   0.78   0.20   0.89   0.63   0.74   0.42   0.87   0.64   0.15   0.16   0.86   0.95   0.41   0.20   0.22 
  0.32   0.60   0.63   0.22   0.25   0.62   0.64   0.26   0.79   0.84   0.90   0.76   0.78   0.36   0.51   0.32   0.46   0.82   0.88   0.47   0.60   0.52   0.78   0.86   0.12   0.32   0.32   0.72   0.54   0.32   0.70   0.82   0.51   0.78   0.43   0.45   0.82   0.44   0.66   0.83   0.50   0.35   0.97   0.58   0.66   0.72   0.35   0.59   0.81   0.57 
  0.19   0.53   0.68   0.76   0.91   0.47   0.62   0.49   0.40   0.78   0.88   0.53   0.39   0.36   0.93   0.38   0.57   0.18   0.18   0.77   0.91   0.48   0.46   0.91   0.82   0.14   0.20   0.96   0.19   0.33   0.27   0.86   0.70   0.33   0.37   0.44   0.42   0.92   0.15   0.65   0.31   0.97   0.50   0.61   0.18   0.58   0.34   0.79   0.65   0.47 
  0.97   0.69   0.93   0.85   0.11   0.19   0.60   0.91   0.98   0.30   0.32   0.19   0.95   0.97   0.37   0.49   0.25   0.46   0.68   0.47   0.77   0.30   0.71   0.72   0.13   0.27   0.93   0.25   0.66   0.39   0.81   0.78   0.50   0.98   0.34   0.78   0.97   0.40   0.23   0.74   0.69   0.80   0.34   0.55   0.87   0.39   0.29   0.35   0.77   0.22 
  0.72   0.81   0.85   0.39   0.67   0.92   0.73   0.24   0.32   0.34   0.40   0.70   0.83   0.61   0.71   0.67   0.44   0.14   0.55   0.45   0.23   0.60   0.22   0.64   0.20   0.27   0.22   0.83   0.82   0.66   0.89   0.14   0.65   0.62   0.52   0.53   0.94   0.78   0.85   0.92   0.43   0.11   0.63   0.94   0.56   0.16   0.62   0.75   0.69   0.73 
---
G_right: 50 49
  0.24   0.79   0.81   0.75   0.75   0.82   0.41   0.16   0.15   0.12   0.27   0.77   0.25   0.40   0.29   0.25   0.51   0.75   0.37   0.51   0.57   0.24   0.15   0.66   0.45   0.23   0.60   0.67   0.97   0.51   0.52   0.63   0.51   0.78   0.81   0.88   0.93   0.56   0.81   0.75   0.29   0.16   0.22   0.21   0.13   0.81   0.91   0.61   0.85 
  0.20   0.65   0.85   0.41   0.57   0.12   0.30   0.69   0.98   0.17   0.25   0.83   0.36   0.94   0.91   0.85   0.82   0.89   0.42   0.20   0.32   0.82   0.23   0.81   0.27   0.40   0.85   0.30   0.85   0.57   0.95   0.21   0.63   0.50   0.90   0.37   0.69   0.72   0.72   0.76   0.64   0.54   0.49   0.36   0.39   0.49   0.47   0.58   0.68 
  0.86   0.76   0.63   0.65   0.12   0.53   0.60   0.91   0.48   0.53   0.52   0.27   0.14   0.79   0.90   0.14   0.21   0.57   0.92   0.39   0.75   0.57   0.19   0.81   0.50   0.47   0.11   0.72   0.74   0.59   0.64   0.24   0.19   0.19   0.37   0.89   0.86   0.98   0.15   0.52   0.15   0.13   0.87   0.50   0.59   0.80   0.42   0.99   0.28 
  0.42   0.17   0.48   0.80   0.43   0.93   0.28   0.55   0.27   0.33   0.75   0.33   0.45   0.64   0.34   0.85   0.83   0.27   0.59   0.48   0.78   0.92   0.92   0.51   0.99   0.79   0.20   0.25   0.43   0.23   0.53   0.38   0.69   0.46   0.44   0.86   0.63   0.11   0.60   0.69   0.17   0.89   0.74   0.42   0.85   0.96   0.57   0.46   0.43 
  0.36   0.58   0.75   0.72   0.28   0.61   0.55   0.79   0.39   0.88   0.53   0.11   0.69   0.53   0.87   0.23   0.83   0.90   0.47   0.24   0.59   0.96   0.21   0.75   0.99   0.81   0.74   0.59   0.94   0.85   0.91   0.70   0.54   0.68   0.38   0.69   0.67   0.57   0.84   0.13   0.62   0.87   0.82   0.91   0.80   0.87   0.44   0.43   0.29 
  0.59   0.25   0.99   0.73   0.57   0.12   0.45   0.53   0.42   0.33   0.19   0.81   0.34   0.80   0.88   0.41   0.14   0.34   0.23   0.37   0.66   0.86   0.96   0.97   0.44   0.79   0.38   0.36   0.78   0.87   0.84   0.68   0.18   0.84   0.52   0.77   0.17   0.42   0.52   0.54   0.37   0.89   0.41   0.38   0.94   0.45   0.78   0.55   0.70 
  0.88   0.73   0.75   0.40   0.78   0.91   0.36   0.89   0.25   0.65   0.70   0.15   0.13   0.53   0.60   0.94   0.45   0.90   0.31   0.89   0.17   0.56   0.18   0.72   0.48   0.88   0.43   0.73   0.15   0.76   0.62   0.21   0.38   0.45   0.86   0.30   0.98   0.95   0.85   0.56   0.71   0.18   0.65   0.86   0.73   0.96   0.67   0.41   0.26 
  0.38   0.71   0.77   0.82   0.73   0.85   0.71   0.58   0.21   0.46   0.98   0.83   0.19   0.31   0.22   0.55   0.99   0.34   0.63   0.18   0.88   0.84   0.81   0.82   0.71   0.14   0.37   0.84   0.32   0.57   0.24   0.33   0.76   0.30   0.80   0.77   0.72   0.30   0.12   0.95   0.85   0.19   0.49   0.33   0.45   0.47   0.39   0.62   0.23 
  0.48   0.95   0.33   0.36   0.24   0.80   0.92   0.68   0.33   0.82   0.13   0.96   0.43   0.84   0.17   0.40   0.90   0.68   0.76   0.77   0.40   0.68   0.41   0.41   0.96   0.45   0.86   0.70   0.18   0.36   0.83   0.19   0.16   0.27   0.19   0.61   0.64   0.81   0.53   0.23   0.91   0.15   0.20   0.45   0.94   0.40   0.30   0.48   0.61 
  0.67   0.57   0.66   0.73   0.68   0.92   0.22   0.34   0.61   0.50   0.95   0.93   0.28   0.36   0.62   0.58   0.27   0.16   0.26   0.89   0.24   0.75   0.33   0.63   0.87   0.11   0.24   0.80   0.70   0.52   0.83   0.54   0.83   0.60   0.61   0.54   0.39   0.66   0.74   0.88   0.37   0.77   0.63   0.31   0.57   0.12   0.38   0.83   0.65 
  0.61   0.29   0.79   0.76   0.76   0.26   0.68   0.85   0.14   0.19   0.13   0.10   0.77   0.16   0.58   0.69   0.57   0.28   0.54   0.11   0.56   0.78   0.84   0.29   0.87   0.90   0.65   0.36   0.44   0.39   0.92   0.81   0.47   0.89   0.90   0.27   0.79   0.83   0.26   0.20   0.85   0.77   0.79   0.30   0.12   0.43   0.33   0.60   0.78 
  0.50   0.13   0.65   0.13   0.39   0.89   0.70   0.67   0.90   0.15   0.81   0.83   0.82   0.89   0.71   0.19   0.72   0.22   0.76   0.96   0.51   0.49   0.57   0.36   0.13   0.32   0.96   0.49   0.73   0.72   0.62   0.65   0.42   0.72   0.79   0.68   0.68   0.85   0.79   0.77   0.93   0.79   0.72   0.66   0.21   0.39   0.91   0.96   0.65 
  0.54   0.45   0.97   0.67   0.97   0.45   0.16   0.92   0.11   0.31   0.50   0.74   0.42   0.64   0.91   0.83   0.45   0.97   0.83   0.11   0.67   0.72   0.53   0.54   0.82   0.86   0.98   0.15   0.59   0.91   0.30   0.49   0.63   0.39   0.54   0.72   0.95   0.30   0.12   0.61   0.46   0.43   0.53   0.55   0.49   0.14   0.28   0.63   0.56 
  0.77   0.83   0.82   0.92   0.41   0.22   0.65   0.39   0.65   0.38   0.33   0.28   0.48   0.58   0.44   0.72   0.73   0.90   0.41   0.15   0.77   0.28   0.88   0.23   0.57   0.11   0.86   0.32   0.98   0.37   0.67   0.74   0.44   0.13   0.81   0.18   0.70   0.69   0.61   0.26   0.72   0.60   0.75   0.81   0.18   0.90   0.72   0.95   0.72 
  0.43   0.40   0.39   0.78   0.80   0.74   0.29   0.76   0.73   0.27   0.14   0.45   0.28   0.40   0.89   0.95   0.30   0.86   0.75   0.23   0.40   0.13   0.65   0.91   0.34   0.62   0.19   0.28   0.45   0.11   0.23   0.31   0.27   0.85   0.68   0.27   0.23   0.57   0.32   0.51   0.67   0.94   0.91   0.91   0.54   0.34   0.75   0.72   0.20 
  0.84   0.60   0.78   0.75   0.24   0.80   0.64   0.74   0.16   0.75   0.57   0.74   0.98   0.69   0.11   0.52   0.39   0.55   0.50   0.11   0.59   0.41   0.55   0.48   0.21   0.39   0.87   0.65   0.30   0.23   0.47   0.93   0.26   0.84   0.15   0.19   0.80   0.41   0.94   0.18   0.75   0.48   0.38   0.51   0.14   0.47   0.60   0.61   0.70 
  0.42   0.84   0.98   0.71   0.93   0.99   0.82   0.97   0.69   0.74   0.84   0.54   0.77   0.64   0.45   0.85   0.50   0.75   0.51   0.13   0.99   0.54   0.73   0.56   0.57   0.28   0.71   0.84   0.99   0.71   0.60   0.65   0.15   0.97   0.65   0.32   0.66   0.60   0.57   0.61   0.79   0.27   0.58   0.24   0.43   0.76   0.50   0.52   0.14 
  0.32   0.53   0.69   0.32   0.43   0.12   0.45   0.48   0.47   0.46   0.70   0.86   0.12   0.82   0.73   0.55   0.19   0.63   0.30   0.71   0.78   0.80   0.33   0.67   0.36   0.92   0.33   0.54   0.13   0.88   0.20   0.61   0.29   0.93   0.75   0.20   0.19   0.13   0.41   0.79   0.35   0.13   0.51   0.21   0.11   0.93   0.25   0.40   0.98 
  0.47   0.62   0.27   0.18   0.11   0.72   0.83   0.10   0.81   0.27   0.63   0.12   0.35   0.28   0.97   0.43   0.41   0.68   0.15   0.66   0.31   0.31   0.21   0.77   0.11   0.44   0.69   0.14   0.22   0.23   0.39   0.56   0.75   0.41   0.96   0.73   0.64   0.23   0.64   0.76   0.83   0.41   0.29   0.96   0.42   0.10   0.59   0.76   0.87 
  0.24   0.68   0.66   0.39   0.22   0.98   0.55   0.53   0.19   0.68   0.63   0.41   0.37   0.25   0.68   0.82   0.60   0.69   0.87   0.44   0.84   0.75   0.86   0.50   0.64   0.47   0.45   0.51   0.51   0.39   0.30   0.39   0.53   0.98   0.17   0.95   0.62   0.33   0.47   0.96   0.64   0.73   0.88   0.47   0.21   0.30   0.37   0.22   0.18 
  0.24   0.95   0.82   0.59   0.57   0.50   0.94   0.17   0.62   0.23   0.42   0.97   0.84   0.20   0.63   0.70   0.37   0.66   0.13   0.12   0.34   0.52   0.50   0.25   0.10   0.17   0.15   0.66   0.38   0.88   0.35   0.84   0.80   0.98   0.80   0.39   0.32   0.35   0.77   0.78   0.18   0.10   0.63   0.93   0.76   0.59   0.43   0.30   0.12 
  0.42   0.26   0.40   0.30   0.26   0.67   0.82   0.48   0.45   0.79   0.74   0.12   0.35   0.93   0.90   0.13   0.14   0.23   0.71   0.31   0.12   0.49   0.80   0.44   0.49   0.75   0.78   0.79   0.51   0.42   0.23   0.68   0.32   0.58   0.60   0.45   0.61   0.81   0.75   0.27   0.96   0.71   0.97   0.41   0.47   0.39   0.55   0.41   0.24 
  0.64   0.57   0.33   0.47   0.16   0.68   0.83   0.77   0.89   0.67   0.93   0.68   0.68   0.52   0.55   0.16   0.13   0.34   0.21   0.25   0.32   0.24   0.97   0.25   0.26   0.89   0.28   0.34   0.42   0.48   0.15   0.22   0.81   0.19   0.84   0.27   0.16   0.10   0.19   0.31   0.35   0.69   0.39   0.41   0.71   0.37   0.89   0.67   0.53 
  0.13   0.46   0.25   0.34   0.77   0.79   0.35   0.37   0.25   0.64   0.12   0.19   0.12   0.59   0.96   0.98   0.41   0.26   0.32   0.59   0.58   0.74   0.66   0.83   0.97   0.79   0.59   0.74   0.26   0.23   0.58   0.55   0.45   0.25   0.71   0.60   0.21   0.38   0.77   0.28   0.48   0.78   0.93   0.99   0.97   0.29   0.49   0.57   0.25 
  0.67   0.26   0.65   0.61   0.87   0.26   0.64   0.59   0.64   0.66   0.93   0.37   0.44   0.12   0.22   0.53   0.41   0.69   0.86   0.31   0.46   0.87   0.68   0.52   0.98   0.10   0.22   0.96   0.55   0.58   0.19   0.48   0.36   0.33   0.73   0.97   0.80   0.42   0.91   0.24   0.76   0.63   0.70   0.53   0.56   0.88   0.39   0.28   0.91 
  0.73   0.52   0.94   0.54   0.67   0.68   0.40   0.59   0.31   0.93   0.22   0.43   0.66   0.29   0.80   0.79   0.80   0.49   0.74   0.67   0.16   0.14   0.43   0.75   0.81   0.74   0.57   0.62   0.39   0.58   0.36   0.13   0.59   0.25   0.45   0.41   0.31   0.30   0.90   0.35   0.13   0.23   0.34   0.69   0.94   0.94   0.59   0.12   0.87 
  0.59   0.91   0.47   0.20   0.93   0.12   0.45   0.45   0.30   0.34   0.46   0.31   0.66   0.97   0.54   0.58   0.58   0.30   0.63   0.58   0.12   0.73   0.79   0.45   0.19   0.37   0.49   0.36   0.29   0.37   0.66   0.80   0.27   0.44   0.30   0.62   0.60   0.64   0.94   0.42   0.42   0.73   0.94   0.13   0.30   0.98   0.11   0.95   0.50 
  0.33   0.88   0.49   0.11   0.27   0.74   0.72   0.81   0.78   0.20   0.76   0.56   0.63   0.14   0.58   0.67   0.53   0.62   0.62   0.68   0.91   0.14   0.87   0.14   0.29   0.15   0.40   0.32   0.16   0.76   0.33   0.75   0.24   0.15   0.80   0.16   0.16   0.65   0.64   0.86   0.82   0.93   0.46   0.49   0.60   0.33   0.81   0.33   0.69 
  0.68   0.24   0.38   0.88   0.20   0.11   0.11   0.66   0.37   0.41   0.54   0.79   0.86   0.41   0.83   0.92   0.34   0.74   0.16   0.21   0.69   0.13   0.45   0.25   0.70   0.13   0.39   0.59   0.65   0.10   0.70   0.32   0.56   0.45   0.96   0.65   0.78   0.90   0.79   0.85   0.68   0.44   0.17   0.83   0.43   0.74   0.45   0.58   0.98 
  0.74   0.69   0.27   0.51   0.97   0.35   0.14   0.96   0.16   0.58   0.78   0.65   0.41   0.37   0.33   0.81   0.65   0.93   0.91   0.77   0.55   0.65   0.49   0.78   0.70   0.80   0.20   0.76   0.69   0.59   0.49   0.40   0.84   0.42   0.68   0.38   0.97   0.98   0.93   0.87   0.92   0.51   0.56   0.74   0.16   0.33   0.23   0.68   0.22 
  0.15   0.35   0.74   0.77   0.11   0.24   0.99   0.54   0.58   0.64   0.98   0.51   0.74   0.19   0.90   0.49   0.42   0.73   0.14   0.47   0.36   0.24   0.30   0.21   0.12   0.83   0.89   0.32   0.23   0.45   0.56   0.77   0.70   0.70   0.92   0.23   0.97   0.14   0.31   0.69   0.25   0.75   0.14   0.33   0.72   0.18   0.56   0.80   0.43 
  0.91   0.28   0.45   0.59   0.64   0.33   0.13   0.97   0.55   0.54   0.72   0.23   0.47   0.29   0.32   0.38   0.14   0.73   0.60   0.77   0.69   0.50   0.93   0.88   0.32   0.70   0.71   0.35   0.34   0.72   0.98   0.89   0.93   0.42   0.21   0.71   0.36   0.41   0.46   0.24   0.68   0.78   0.13   0.52   0.91   0.19   0.62   0.70   0.76 
  0.14   0.31   0.67   0.53   0.29   0.72   0.72   0.75   0.41   0.27   0.15   0.83   0.17   0.26   0.30   0.73   0.42   0.54   0.47   0.45   0.77   0.53   0.85   0.71   0.32   0.39   0.36   0.68   0.60   0.24   0.51   0.28   0.66   0.88   0.84   0.45   0.41   0.11   0.23   0.87   0.55   0.78   0.51   0.24   0.45   0.33   0.88   0.86   0.25 
  0.39   0.81   0.83   0.70   0.50   0.91   0.86   0.40   0.29   0.65   0.11   0.21   0.45   0.90   0.76   0.15   0.93   0.89   0.65   0.77   0.28   0.70   0.17   0.50   0.16   0.72   0.35   0.27   0.29   0.98   0.20   0.66   0.64   0.94   0.56   0.83   0.28   0.46   0.48   0.45   0.19   0.62   0.48   0.66   0.44   0.35   0.20   0.58   0.52 
  0.62   0.13   0.72   0.22   0.91   0.88   0.22   0.48   0.53   0.45   0.69   0.66   0.93   0.84   0.63   0.36   0.67   0.63   0.14   0.93   0.53   0.30   0.76   0.48   0.63   0.59   0.40   0.63   0.39   0.27   0.38   0.74   0.56   0.24   0.47   0.73   0.90   0.65   0.19   0.92   0.62   0.37   0.94   0.27   0.65   0.19   0.50   0.32   0.61 
  0.29   0.72   0.14   0.34   0.53   0.98   0.34   0.49   0.22   0.50   0.59   0.48   0.19   0.99   0.79   0.57   0.90   0.54   0.29   0.19   0.56   0.94   0.81   0.62   0.43   0.27   0.54   0.30   0.34   0.51   0.35   0.36   0.96   0.98   0.56   0.95   0.63   0.48   0.81   0.89   0.82   0.15   0.25   0.79   0.24   0.39   0.93   0.59   0.44 
  0.31   0.70   0.17   0.37   0.77   0.21   0.64   0.90   0.62   0.16   0.17   0.43   0.47   0.36   0.93   0.75   0.38   0.47   0.89   0.80   0.71   0.97   0.96   0.10   0.36   0.29   0.69   0.52   0.16   0.61   0.49   0.52   0.81   0.61   0.66   0.42   0.96   0.77   0.47   0.64   0.90   0.26   0.34   0.35   0.37   0.82   0.10   0.89   0.94 
  0.19   0.47   0.33   0.25   0.65   0.62   0.78   0.61   0.61   0.99   0.30   0.92   0.38   0.70   0.58   0.79   0.73   0.17   0.15   0.69   0.37   0.16   0.56   0.30   0.75   0.55   0.70   0.42   0.96   0.81   0.59   0.78   0.86   0.55   0.72   0.82   0.93   0.31   0.79   0.84   0.48   0.25   0.46   0.40   0.21   0.28   0.24   0.53   0.60 
  0.14   0.39   0.97   0.31   0.91   0.55   0.55   0.56   0.33   0.72   0.13   0.23   0.90   0.64   0.26   0.31   0.56   0.45   0.17   0.68   0.86   0.85   0.46   0.17   0.50   0.98   0.17   0.29   0.60   0.19   0.69   0.73   0.50   0.51   0.13   0.57   0.35   0.51   0.86   0.35   0.92   0.17   0.80   0.74   0.89   0.89   0.41   0.60   0.20 
  0.31   0.10   0.57   0.58   0.76   0.86   0.76   0.37   0.10   0.31   0.59   0.38   0.34   0.59   0.89   0.65   0.82   0.66   0.84   0.59   0.81   0.36   0.84   0.87   0.26   0.61   0.28   0.49   0.57   0.33   0.18   0.87   0.79   0.50   0.67   0.83   0.68   0.58   0.14   0.49   0.45   0.28   0.34   0.83   0.38   0.29   0.30   0.17   0.38 
  0.50   0.18   0.20   0.43   0.26   0.84   0.16   0.64   0.57   0.10   0.40   0.16   0.63   0.72   0.14   0.85   0.22   0.68   0.76   0.16   0.43   0.63   0.85   0.34   0.84   0.26   0.98   0.58   0.71   0.94   0.58   0.47   0.82   0.31   0.39   0.47   0.50   0.37   0.35   0.13   0.36   0.59   0.59   0.55   0.80   0.89   0.91   0.73   0.80 
  0.78   0.93   0.92   0.11   0.18   0.55   0.34   0.90   0.90   0.62   0.98   0.33   0.13   0.72   0.54   0.79   0.69   0.21   0.52   0.19   0.38   0.73   0.30   0.81   0.64   0.55   0.26   0.23   0.78   0.44   0.29   0.92   0.49   0.14   0.67   0.95   0.54   0.24   0.51   0.77   0.91   0.65   0.24   0.22   0.30   0.11   0.38   0.51   0.37 
  0.47   0.54   0.95   0.98   0.89   0.19   0.38   0.35   0.66   0.97   0.31   0.93   0.95   0.82   0.73   0.75   0.30   0.20   0.69   0.39   0.56   0.12   0.53   0.90   0.65   0.65   0.16   0.41   0.47   0.25   0.39   0.39   0.59   0.15   0.39   0.14   0.82   0.70   0.84   0.25   0.46   0.45   0.66   0.92   0.46   0.13   0.15   0.67   0.21 
  0.34   0.73   0.34   0.40   0.34   0.18   0.28   0.38   0.64   0.90   0.69   0.74   0.40   0.95   0.40   0.75   0.48   0.45   0.74   0.70   0.53   0.76   0.51   0.71   0.46   0.85   0.40   0.34   0.82   0.85   0.76   0.18   0.24   0.43   0.20   0.97   0.73   0.35   0.87   0.33   0.83   0.92   0.24   0.90   0.69   0.40   0.81   0.93   0.95 
  0.44   0.30   0.72   0.25   0.11   0.40   0.43   0.55   0.57   0.71   0.94   0.29   0.66   0.32   0.82   0.21   0.97   0.73   0.47   0.32   0.78   0.23   0.94   0.18   0.67   0.26   0.59   0.63   0.13   0.11   0.51   0.31   0.97   0.22   0.35   0.34   0.46   0.17   0.74   0.71   0.26   0.11   0.77   0.86   0.37   0.11   0.73   0.97   0.71 
  0.51   0.51   0.97   0.82   0.48   0.77   0.17   0.61   0.97   0.46   0.29   0.21   0.21   0.24   0.75   0.30   0.43   0.67   0.35   0.43   0.32   0.73   0.31   0.38   0.34   0.53   0.84   0.76   0.37   0.69   0.97   0.48   0.28   0.72   0.71   0.51   0.60   0.52   0.89   0.81   0.64   0.84   0.19   0.25   0.48   0.78   0.11   0.41   0.38 
  0.42   0.42   0.79   0.13   0.16   0.43   0.30   0.53   0.19   0.51   0.71   0.98   0.51   0.37   0.31   0.33   0.23   0.27   0.38   0.93   0.98   0.33   0.99   0.93   0.67   0.52   0.44   0.54   0.19   0.62   0.33   0.62   0.48   0.69   0.22   0.72   0.10   0.26   0.75   0.14   0.85   0.59   0.56   0.17   0.38   0.65   0.77   0.91   0.19 
  0.97   0.79   0.13   0.21   0.56   0.23   0.79   0.41   0.13   0.15   0.54   0.98   0.24   0.38   0.84   0.24   0.92   0.85   0.37   0.45   0.62   0.16   0.45   0.40   0.20   0.24   0.37   0.87   0.30   0.47   0.50   0.34   0.65   0.58   0.55   0.10   0.27   0.67   0.50   0.32   0.82   0.17   0.58   0.10   0.99   0.12   0.82   0.56   0.20 
  0.86   0.44   0.47   0.20   0.39   0.87   0.22   0.75   0.13   0.97   0.19   0.85   0.23   0.95   0.29   0.56   0.64   0.41   0.29   0.98   0.77   0.67   0.45   0.48   0.97   0.33   0.47   0.23   0.37   0.40   0.46   0.87   0.78   0.72   0.66   0.35   0.21   0.60   0.34   0.40   0.28   0.90   0.12   0.23   0.87   0.12   0.12   0.41   0.97 
  0.54   0.57   0.84   0.33   0.62   0.72   0.31   0.33   0.41   0.83   0.63   0.55   0.20   0.27   0.60   0.72   0.87   0.73   0.84   0.81   0.63   0.37   0.99   0.88   0.20   0.54   0.97   0.33   0.36   0.64   0.76   0.86   0.36   0.61   0.87   0.98   0.66   0.88   0.67   0.75   0.95   0.87   0.28   0.25   0.17   0.69   0.73   0.82   0.52 
---
G_diag: 49 49
  9.02   8.55   3.84   7.83   4.82   3.26   2.61   2.80   2.99   8.23   5.56   9.08   4.77   3.65   3.05   3.32   4.35   6.44   3.90   6.62   5.10   7.47   6.61   7.33   2.58   2.82   9.17   7.79   6.77   7.29   4.68   3.90   6.64   2.81   6.30   8.09   6.19   3.22   7.32   8.49   7.79   7.57   5.71   4.39   2.95   3.08   4.09   4.72   9.01 
  3.74   5.04   6.47   4.86   4.12   2.11   2.45   6.95   9.80   8.31   4.33   8.83   4.56   5.41   6.99   9.88   9.44   9.46   8.61   6.63   7.24   4.43   9.07   8.78   7.95   2.15   7.98   9.48   2.33   4.70   9.19   8.32   2.28   4.05   3.78   6.78   9.64   6.12   8.67   9.07   7.86   8.19   7.07   7.73   3.05   8.41   4.78   6.55   5.84 
  5.61   2.13   4.97   7.41   9.34   7.25   2.71   2.32   7.33   9.70   5.04   4.48   4.70   9.27   7.27   6.73   8.80   7.50   9.02   4.51   3.70   6.44   3.56   3.69   9.62   4.39   3.37   5.53   7.93   8.16   7.81   3.66   4.93   4.47   2.53   6.84   7.78   3.65   4.62   4.29   3.44   5.97   4.62   4.16   6.25   4.28   5.73   2.67   3.34 
  6.26   4.06   8.94   4.99   6.36   3.97   4.92   8.11   2.90   5.95   5.75   8.05   7.03   3.51   3.77   8.36   3.33   8.01   4.74   6.60   2.17   9.57   5.61   4.43   9.58   9.22   4.22   4.44   2.39   5.16   7.08   9.25   4.63   2.80   8.82   7.46   7.15   7.22   3.43   9.79   7.41   7.70   3.14   5.60   3.29   6.06   8.58   3.75   6.38 
  3.88   5.54   3.27   4.31   2.35   5.73   3.77   3.42   6.24   7.31   3.88   6.85   7.22   7.07   3.84   6.23   8.50   6.90   3.45   3.49   3.20   3.95   4.63   7.47   8.07   3.30   8.48   4.86   4.41   5.40   5.89   8.99   2.95   9.73   9.39   8.62   5.90   2.15   7.98   4.41   2.83   4.84   7.54   8.70   2.57   2.60   4.77   9.16   5.22 
  7.24   3.19   9.23   8.27   5.56   8.28   5.72   8.69   6.96   6.55   8.61   4.64   9.38   8.91   9.68   7.66   8.04   8.98   5.94   9.24   8.01   8.88   3.82   3.58   2.46   9.28   3.46   4.98   8.79   3.13   2.76   8.95   2.32   2.93   4.91   8.91   7.66   4.62   4.31   3.83   8.03   6.61   3.29   5.80   6.22   2.97   9.30   8.65   7.35 
  6.35   4.09   2.48   6.22   3.97   5.03   5.74   8.25   9.45   3.12   6.63   9.64   5.84   9.63   2.49   7.70   3.35   3.57   8.18   3.42   2.65   7.29   9.02   2.27   5.66   9.44   3.93   7.28   4.44   8.81   9.14   6.08   4.42   9.30   9.71   8.53   6.99   7.99   5.38   6.22   5.74   5.32   6.18   8.81   9.70   3.29   6.28   3.72   4.88 
  7.54   5.41   8.70   6.87   5.06   4.15   7.32   2.93   7.16   3.08   3.52   3.25   4.05   6.69   4.51   6.87   5.27   7.89   3.02   9.76   2.41   4.95   4.97   7.95   5.53   8.07   5.15   8.41   4.33   9.68   8.35   2.87   8.14   8.83   6.41   5.14   6.63   6.57   4.97   4.03   9.53   3.53   4.33   3.94   9.28   2.69   5.26   6.79   3.74 
  6.03   3.85   9.34   3.25   3.69   3.54   3.22   6.32   4.03   2.55   6.10   9.43   3.16   8.25   6.44   9.14   8.33   8.28   8.68   8.92   9.54   7.98   8.27   2.97   6.52   2.24   3.30   8.96   3.11   7.25   4.67   8.58   4.19   4.25   5.32   5.64   4.23   6.74   3.77   9.80   5.64   2.35   4.62   7.30   3.40   7.90   6.98   7.48   5.99 
  7.32   7.77   4.24   6.44   5.12   2.87   6.87   4.86   5.88   9.12   7.08   2.26   7.97   5.03   2.31   8.44   8.24   6.80   2.87   8.92   6.08   7.30   2.56   4.03   9.13   7.36   7.09   3.38   7.71   3.15   9.10   5.33   2.90   9.41   8.16   6.31   5.25   4.81   9.58   4.47   3.91   4.08   5.75   8.03   9.59   3.07   2.22   3.18   7.29 
  4.53   5.71   9.05   4.30   9.28   5.32   6.12   6.43   9.62   7.67   4.29   3.24   2.93   7.14   5.64   8.97   7.02   2.14   2.49   9.71   4.58   7.04   2.48   4.85   5.19   6.55   6.60   5.69   3.55   7.44   5.88   6.64   5.02   3.93   5.16   6.45   7.15   4.48   3.95   5.35   7.02   3.14   9.40   2.48   8.30   3.92   8.00   5.56   9.75 
  3.09   9.21   8.56   7.75   9.57   3.85   8.25   5.98   3.60   4.78   8.60   8.09   3.44   7.94   8.21   6.37   8.70   4.97   7.30   7.42   3.48   4.24   8.97   5.89   8.24   2.59   2.84   6.49   8.90   5.85   8.98   7.43   2.54   7.51   2.32   6.63   8.73   9.89   7.12   5.85   6.29   6.23   2.81   8.58   4.48   7.91   4.99   3.24   4.07 
  3.64   3.15   6.39   9.23   6.79   3.39   8.64   6.43   6.83   8.41   5.01   8.16   3.96   2.35   7.02   5.62   2.35   2.32   4.48   7.37   5.96   3.91   9.61   9.20   8.55   4.00   4.77   8.32   6.19   7.51   6.92   3.78   3.15   4.02   4.60   8.52   5.17   5.03   9.29   3.62   6.75   4.84   2.90   3.10   6.57   6.49   4.54   3.72   8.21 
  4.40   5.72   3.65   6.77   6.12   4.54   5.33   5.56   2.28   8.81   3.33   8.39   5.61   5.08   2.34   4.55   3.91   6.11   8.54   2.49   7.27   6.85   2.10   3.42   6.05   2.63   2.22   7.42   9.31   2.90   2.28   2.60   2.34   8.21   3.55   4.02   6.39   3.02   7.74   6.23   4.91   8.47   8.76   2.34   6.67   8.05   9.23   4.05   5.76 
  5.99   3.70   4.97   4.86   6.62   7.44   8.72   4.75   3.55   2.84   4.80   6.86   2.89   9.67   6.83   3.87   9.14   9.10   3.60   6.63   9.74   2.60   2.28   5.72   3.75   3.71   2.15   5.51   5.19   9.90   4.26   3.19   9.05   2.68   5.45   2.92   6.92   6.88   3.15   4.69   6.41   8.18   2.56   5.12   5.82   7.31   2.89   8.25   7.41 
  3.04   6.76   2.39   7.45   6.71   8.87   9.70   4.97   9.17   4.37   6.32   2.24   7.02   4.39   5.75   3.58   7.57   4.70   7.27   7.35   6.37   7.28   2.49   6.54   6.76   7.68   8.51   8.69   7.24   4.60   4.50   8.61   3.74   3.12   5.41   5.01   8.57   9.19   5.86   2.73   6.88   8.96   7.88   2.80   3.64   3.16   6.73   5.31   2.45 
  8.32   5.85   9.46   5.94   4.48   7.63   2.35   6.42   7.93   8.17   2.79   9.48   3.71   5.46   8.51   3.00   4.37   3.89   8.64   4.48   2.60   6.64   6.25   8.96   8.52   8.50   6.88   9.58   4.90   3.19   5.99   4.34   2.98   3.27   7.56   4.53   6.21   3.04   9.55   9.40   8.03   5.75   2.32   7.27   8.31   3.42   4.84   2.42   6.41 
  3.48   7.47   6.40   9.77   8.35   9.32   5.60   3.19   2.98   2.71   4.98   6.61   9.42   6.56   9.70   6.03   7.39   4.28   9.17   5.75   8.68   3.71   4.02   2.83   2.95   2.73   6.30   3.75   6.39   6.18   4.34   5.53   9.50   8.91   8.84   3.74   2.90   4.37   9.61   2.92   2.75   8.02   5.47   9.73   6.17   4.25   3.08   4.32   5.20 
  3.36   4.26   7.12   5.58   4.53   7.39   3.53   6.40   6.47   4.40   6.55   9.74   8.04   7.05   7.33   8.58   5.03   9.44   7.20   3.01   9.49   5.27   4.81   9.13   3.97   5.32   8.92   5.46   2.50   4.88   9.09   9.52   4.25   2.33   8.60   6.85   5.54   8.83   4.83   6.18   6.18   8.36   5.42   4.40   9.83   5.88   6.98   6.70   7.66 
  6.33   5.54   9.65   5.02   9.12   6.05   5.78   7.29   8.08   2.32   4.88   3.79   8.74   3.06   9.11   9.80   4.58   9.12   6.65   2.58   4.17   8.08   2.64   7.42   3.34   3.24   4.12   8.62   7.72   6.62   5.75   4.72   2.39   8.36   8.65   4.35   3.24   7.92   8.54   9.49   6.92   7.73   7.71   3.70   3.45   2.67   2.97   2.33   5.49 
  4.84   4.01   3.16   5.50   5.76   9.21   3.99   3.81   8.79   3.92   2.80   2.13   3.19   7.25   9.78   4.72   8.14   2.59   2.85   2.52   3.58   4.58   8.62   3.43   5.13   5.86   6.85   8.68   5.13   5.54   3.35   2.66   7.46   5.38   8.68   2.19   5.62   8.89   5.08   5.83   6.53   5.64   3.36   2.42   2.41   9.12   5.89   4.65   4.27 
  5.21   6.77   7.06   9.05   3.83   4.82   5.02   2.12   2.22   3.18   2.24   4.68   7.24   4.55   5.81   4.30   8.91   4.77   6.23   5.92   6.20   9.36   9.45   2.49   4.38   5.76   4.07   7.00   8.97   8.09   2.91   9.01   2.28   4.06   3.76   7.54   3.82   8.33   9.76   3.28   4.47   9.27   7.42   3.27   9.19   4.23   7.59   9.72   4.73 
  8.33   2.89   9.74   8.15   4.77   6.46   4.83   2.56   4.79   5.38   3.20   4.91   6.51   8.94   7.81   7.57   8.89   8.04   8.00   9.02   9.78   5.03   9.57   7.84   7.51   3.06   2.57   9.84   7.45   6.03   8.12   9.36   9.08   4.74   9.58   8.11   2.65   8.74   7.93   4.92   8.47   3.29   9.26   6.40   7.95   8.66   4.46   2.98   7.30 
  3.99   8.49   4.80   4.27   5.30   7.81   3.24   5.48   8.23   3.65   4.13   7.77   8.14   4.37   7.28   8.08   5.11   3.50   2.38   8.18   2.28   9.33   4.30   5.85   8.97   5.00   7.36   7.10   5.20   9.01   5.12   8.73   9.75   8.68   7.65   3.05   9.48   2.60   2.54   7.03   9.60   3.52   6.62   7.37   5.50   4.95   3.17   6.20   6.17 
  8.08   2.36   6.05   6.15   4.80   3.51   3.11   4.40   5.51   6.40   4.35   9.39   5.59   2.59   7.04   3.16   5.41   6.21   2.67   6.16   3.84   2.15   7.71   2.62   6.15   8.30   3.57   4.82   9.53   6.47   4.32   9.59   8.55   6.24   5.11   7.46   9.41   7.85   7.10   7.14   8.87   4.47   9.01   4.30   8.58   9.88   5.59   4.32   6.20 
  5.34   3.00   5.89   9.21   3.82   7.62   7.97   5.12   8.24   5.21   8.04   4.39   7.52   8.64   4.06   4.65   5.97   2.92   5.58   7.76   9.49   9.19   8.06   7.76   5.57   4.43   5.66   6.26   6.61   6.52   3.99   6.70   6.77   3.81   9.83   6.54   3.51   3.82   7.72   6.23   3.62   3.33   8.24   5.73   6.75   6.58   8.97   6.83   2.45 
  7.16   7.37   2.67   4.88   5.10   8.53   8.66   6.84   6.15   6.96   3.23   4.98   4.40   5.76   3.01   8.78   3.43   4.83   7.83   5.64   9.63   9.16   8.96   6.50   5.43   9.06   3.97   6.90   2.96   3.64   9.68   7.50   8.24   7.38   3.01   8.34   3.95   2.84   7.83   2.95   9.03   5.23   9.74   8.13   2.88   3.14   9.49   7.40   5.08 
  9.13   6.14   2.38   8.05   2.43   9.44   5.77   3.29   8.02   3.53   3.51   4.61   9.44   7.01   7.19   2.37   6.79   3.07   2.71   7.70   5.54   2.37   2.67   7.41   5.81   3.54   4.02   9.61   7.77   9.00   6.31   2.12   7.10   5.07   4.99   7.53   6.90   9.66   4.91   4.58   6.03   8.60   3.52   8.04   5.03   2.10   7.29   6.20   4.19 
  8.25   3.28   5.58   3.43   5.18   8.70   4.78   8.74   4.14   9.35   5.09   4.49   6.10   2.88   6.34   6.35   3.73   8.79   6.08   5.99   7.02   5.40   3.20   8.60   5.63   7.92   2.82   5.38   3.65   7.33   9.39   5.61   5.95   7.27   2.98   8.24   9.85   6.12   5.26   2.60   5.78   3.88   2.22   6.52   2.78   3.02   7.25   6.23   6.35 
  5.03   8.17   6.11   6.70   3.68   9.73   6.94   9.10   8.45   4.44   9.50   8.95   7.12   4.36   5.06   3.95   7.03   4.07   6.55   8.38   4.35   8.76   7.84   8.23   8.46   9.51   2.53   6.91   8.15   4.29   8.02   3.14   4.21   4.00   5.46   5.00   5.30   4.69   6.40   5.96   5.39   7.08   3.25   2.29   8.34   4.52   7.02   3.98   4.24 
  3.23   3.56   5.79   7.44   8.85   5.71   4.13   6.74   6.34   3.49   6.66   6.91   5.18   2.39   7.06   6.34   5.06   7.65   3.96   3.43   2.85   8.20   8.63   3.55   6.98   5.15   8.40   5.65   9.74   8.81   3.27   8.15   4.95   3.97   7.85   3.54   3.55   9.12   3.00   6.82   5.30   3.05   6.27   4.62   6.57   7.23   3.05   6.34   8.10 
  6.41   5.43   2.25   2.26   3.02   5.14   5.60   3.63   8.07   3.17   9.02   3.66   2.86   8.56   9.62   5.85   2.74   7.75   9.11   2.80   4.15   9.38   5.58   4.00   2.42   8.97   7.65   8.62   3.36   7.25   9.35   5.25   6.57   5.66   9.89   6.68   5.03   7.07   2.40   8.94   8.76   7.61   4.76   2.61   8.30   5.39   4.67   9.05   6.59 
  2.92   5.10   2.11   5.14   2.83   7.00   8.92   5.67   6.45   2.92   9.65   8.43   7.68   4.68   6.13   6.63   7.96   7.98   5.83   2.24   7.06   6.28   9.49   5.66   8.83   3.98   7.08   2.84   8.56   6.02   6.38   4.54   8.27   8.12   7.12   6.19   8.88   6.38   7.08   6.47   7.05   7.54   7.99   9.40   9.74   2.35   9.63   2.21   9.58 
  4.61   4.86   6.82   8.44   6.70   8.67   9.63   4.10   8.51   3.47   3.78   9.71   9.61   3.20   2.87   3.62   6.94   2.70   7.53   4.43   6.44   8.29   6.93   7.36   7.62   3.72   6.59   5.59   8.75   7.04   8.57   9.36   7.47   7.45   4.09   9.58   2.29   4.25   8.18   4.70   5.47   2.27   7.85   5.12   9.89   4.75   8.32   7.93   7.45 
  3.79   8.33   7.70   7.22   3.91   7.39   2.20   2.65   2.43   8.32   7.21   7.53   3.06   2.16   5.44   7.56   5.92   6.13   5.16   4.10   2.20   6.27   9.68   5.30   9.10   6.43   9.46   8.33   6.53   7.71   3.16   7.24   7.19   2.78   3.09   6.16   6.10   6.63   2.29   3.04   4.16   7.07   4.31   8.38   2.67   3.04   5.29   8.60   9.82 
  3.49   7.69   6.51   5.04   3.82   2.14   4.68   6.12   4.25   4.42   4.61   9.44   4.01   5.77   6.49   9.45   6.04   4.47   8.49   8.99   2.18   4.49   6.13   9.73   4.09   5.11   2.15   8.88   7.69   2.25   7.65   2.91   7.65   8.70   6.14   9.63   9.15   5.47   7.90   6.99   4.34   9.40   9.80   3.21   6.05   3.74   3.86   7.24   4.13 
  7.12   6.72   6.65   2.65   7.74   5.92   5.04   5.56   7.63   6.58   5.17   9.31   3.01   3.24   6.81   4.15   9.77   4.74   6.22   3.14   7.05   5.09   7.70   4.65   5.73   7.78   3.55   6.89   3.75   4.64   4.97   7.71   7.73   4.79   7.36   2.94   4.40   8.26   9.58   6.74   3.44   3.83   5.21   2.81   8.66   6.08   5.88   8.39   8.47 
  3.91   4.34   3.63   5.66   6.97   7.76   2.84   9.37   4.38   3.55   6.46   6.13   2.63   9.57   6.74   7.33   8.49   2.98   7.42   5.32   7.13   6.54   4.73   2.90   6.74   5.43   4.76   8.08   4.01   8.80   4.87   4.17   3.79   9.21   5.23   3.91   4.20   5.98   6.31   8.05   5.32   3.27   7.37   2.68   3.84   8.51   2.50   5.28   7.85 
  8.00   6.54   5.72   6.58   2.21   7.09   4.64   3.98   9.53   9.44   2.14   3.95   9.58   7.17   2.29   2.72   6.46   9.47   2.49   4.28   9.90   7.54   8.44   7.60   9.80   6.41   7.31   2.54   6.01   4.89   9.23   6.71   5.58   2.66   5.45   7.52   9.07   7.31   5.08   9.70   9.07   2.39   8.00   6.32   8.90   6.62   9.60   3.18   7.68 
  9.68   7.75   7.91   8.59   8.02   4.77   4.99   2.42   8.46   6.36   6.60   6.07   7.95   6.49   7.64   2.64   8.33   4.75   6.80   7.08   4.04   2.41   9.61   6.79   3.73   6.08   3.39   8.70   5.08   4.07   9.80   6.11   7.99   8.12   4.89   3.79   2.99   2.14   4.04   3.76   6.29   7.37   9.48   6.77   3.84   7.04   2.96   4.81   7.05 
  8.05   5.67   5.58   2.69   7.33   5.06   4.34   3.53   2.91   5.21   7.02   9.64   4.76   6.96   7.75   4.78   4.24   7.84   9.61   4.83   8.03   8.24   7.60   2.75   5.44   8.34   8.87   3.46   3.66   6.90   7.43   3.68   6.33   5.94   2.65   8.29   2.33   3.22   4.00   5.21   9.01   8.96   4.99   8.84   6.71   3.43   5.69   8.58   4.57 
  7.75   9.53   6.30   7.47   7.99   3.60   4.43   6.36   7.82   6.63   2.52   7.09   4.91   5.61   2.99   6.22   2.87   2.33   3.24   7.42   2.78   5.30   4.60   7.29   9.56   2.53   5.91   7.69   8.49   4.96   2.68   6.99   9.38   3.30   3.70   8.64   6.63   9.00   5.52   2.93   8.20   5.81   4.85   8.38   6.42   4.03   6.60   5.16   5.76 
  3.42   6.22   9.43   8.89   8.93   2.45   9.07   6.97   6.06   2.65   6.46   6.19   8.80   4.20   6.35   6.04   6.75   3.16   6.06   6.40   6.37   8.93   7.10   9.50   6.65   8.19   3.89   2.99   3.81   9.05   8.46   4.78   2.78   7.43   3.18   5.03   6.49   9.54   4.15   9.69   7.59   9.10   9.67   7.55   9.47   3.65   7.72   5.80   5.16 
  6.25   3.56   3.55   6.73   3.53   3.49   4.65   5.82   9.21   3.09   2.52   4.97   5.06   4.87   7.62   6.16   7.48   4.86   9.34   7.29   5.72   2.85   7.62   2.77   4.68   5.42   3.25   2.27   7.19   7.11   6.39   3.50   7.59   9.89   3.34   4.23   4.54   6.46   8.27   9.52   3.44   7.57   5.31   4.40   7.34   6.05   3.15   5.63   3.46 
  7.71   4.29   9.35   9.52   8.51   7.78   7.79   3.34   2.74   7.68   4.42   4.06   7.49   5.71   7.03   5.59   8.51   4.57   2.23   4.28   2.71   3.41   2.55   8.70   3.74   5.08   4.63   4.43   2.97   7.14   3.27   3.87   6.82   6.58   8.94   4.75   6.53   7.02   6.12   9.00   7.36   7.37   6.55   6.79   2.59   3.19   9.03   7.06   2.18 
  9.52   4.50   4.28   6.70   5.28   5.41   5.83   6.90   7.08   2.82   6.89   3.53   9.89   2.73   6.08   2.79   8.08   5.97   6.22   7.13   6.81   6.57   8.34   7.78   7.69   4.51   2.33   9.61   8.04   2.49   8.90   7.96   8.14   3.64   7.28   7.18   8.88   9.62   3.50   5.07   3.38   3.01   9.19   9.51   9.14   7.33   8.58   4.89   7.11 
  3.01   6.43   3.05   3.34   2.18   3.89   2.48   4.22   2.99   5.00   8.94   4.33   5.21   8.89   3.77   9.30   4.38   8.37   3.60   2.83   2.55   7.13   6.11   2.70   9.09   2.66   3.36   2.55   7.88   2.18   4.73   6.39   5.76   7.54   7.87   7.54   4.13   7.00   4.71   7.62   7.13   2.38   5.65   2.98   4.40   7.44   9.70   3.37   2.28 
  2.13   5.87   6.67   7.90   5.70   6.09   7.87   8.75   7.87   3.55   9.83   3.40   6.30   8.65   6.13   6.83   7.94   4.19   3.59   9.81   9.19   5.53   3.49   7.15   8.49   5.50   7.95   2.15   4.86   4.51   8.21   8.38   5.33   5.81   5.12   3.54   7.00   9.28   4.94   7.92   2.58   5.17   4.19   6.01   3.77   4.38   7.18   5.81   6.23 
  6.86   3.59   7.01   2.49   6.08   4.00   9.43   2.75   9.54   6.56   9.17   4.00   8.22   2.60   5.06   7.63   8.46   4.53   7.48   7.96   4.46   2.81   3.77   6.55   8.01   6.80   6.25   7.63   8.18   4.58   9.41   4.49   3.73   9.74   5.77   3.71   5.12   8.54   4.19   9.88   5.21   6.44   5.43   7.18   3.39   4.70   5.14   5.61   4.88 
---
