G_down: 49 50
  0.65   0.53   0.45   0.89   0.29   0.26   0.15   0.47   0.37   0.11   0.49   0.41   0.31   0.96   0.29   0.61   0.97   0.36   0.94   0.25   0.87   0.23   0.62   0.21   0.79   0.17   0.36   0.60   0.21   0.30   0.27   0.27   0.94   0.91   0.75   0.65   0.56   0.20   0.17   0.47   0.28   0.49   0.82   0.78   0.12   0.96   0.89   0.62   0.41   0.27 
  0.45   0.89   0.43   0.56   0.12   0.84   0.81   0.12   0.39   0.49   0.87   0.93   0.56   0.84   0.17   0.38   0.37   0.37   0.88   0.32   0.93   0.53   0.40   0.23   0.76   0.12   0.46   0.85   0.90   0.11   0.96   0.48   0.42   0.97   0.89   0.85   0.12   0.47   0.43   0.97   0.14   0.55   0.27   0.87   0.36   0.48   0.73   0.16   0.12   0.73 
  0.52   0.68   0.29   0.23   0.49   0.77   0.28   0.23   0.45   0.55   0.49   0.28   0.94   0.75   0.83   0.51   0.74   0.35   0.25   0.16   0.12   0.91   0.16   0.13   0.70   0.37   0.34   0.64   0.68   0.77   0.24   0.67   0.57   0.68   0.98   0.24   0.87   0.36   0.63   0.77   0.75   0.40   0.31   0.79   0.25   0.13   0.15   0.31   0.62   0.46 
  0.58   0.85   0.41   0.95   0.49   0.51   0.75   0.52   0.37   0.35   0.26   0.46   0.63   0.82   0.81   0.34   0.49   0.19   0.42   0.46   0.33   0.97   0.58   0.22   0.98   0.44   0.72   0.13   0.45   0.51   0.38   0.86   0.33   0.44   0.53   0.38   0.96   0.12   0.18   0.82   0.38   0.98   0.64   0.13   0.60   0.40   0.81   0.11   0.58   0.54 
  0.22   0.61   0.89   0.38   0.86   0.20   0.89   0.78   0.14   0.53   0.16   0.43   0.67   0.83   0.56   0.73   0.54   0.13   0.68   0.97   0.36   0.88   0.58   0.98   0.74   0.62   0.71   0.90   0.98   0.17   0.90   0.47   0.27   0.36   0.34   0.74   0.63   0.55   0.71   0.63   0.17   0.18   0.59   0.83   0.64   0.84   0.49   0.16   0.63   0.88 
  0.68   0.91   0.15   0.35   0.39   0.97   0.72   0.35   0.77   0.32   0.95   0.79   0.89   0.48   0.87   0.81   0.53   0.31   0.65   0.86   0.78   0.21   0.17   0.67   0.69   0.70   0.66   0.82   0.90   0.56   0.89   0.93   0.98   0.94   0.67   0.50   0.48   0.54   0.29   0.47   0.98   0.18   0.60   0.11   0.51   0.55   0.97   0.79   0.80   0.62 
  0.50   0.46   0.90   0.46   0.78   0.20   0.81   0.67   0.11   0.71   0.89   0.86   0.98   0.40   0.62   0.75   0.83   0.51   0.71   0.46   0.69   0.81   0.90   0.34   0.71   0.78   0.57   0.76   0.73   0.97   0.86   0.11   0.13   0.96   0.98   0.68   0.35   0.26   0.84   0.74   0.72   0.24   0.18   0.95   0.40   0.57   0.60   0.39   0.78   0.76 
  0.91   0.19   0.13   0.95   0.14   0.68   0.66   0.41   0.69   0.50   0.65   0.98   0.42   0.99   0.76   0.23   0.93   0.88   0.49   0.23   0.82   0.34   0.40   0.18   0.92   0.33   0.97   0.57   0.63   0.93   0.61   0.83   0.35   0.19   0.85   0.13   0.65   0.39   0.37   0.69   0.17   0.68   0.87   0.71   0.84   0.40   0.27   0.56   0.65   0.94 
  0.92   0.37   0.43   0.31   0.42   0.60   0.19   0.95   0.73   0.39   0.42   0.73   0.16   0.66   0.80   0.81   0.25   0.72   0.89   0.15   0.58   0.88   0.95   0.94   0.91   0.44   0.76   0.25   0.93   0.20   0.21   0.42   0.88   0.78   0.67   0.62   0.60   0.22   0.52   0.43   0.79   0.97   0.81   0.82   0.86   0.74   0.17   0.18   0.48   0.75 
  0.77   0.58   0.64   0.78   0.47   0.95   0.65   0.78   0.73   0.49   0.31   0.65   0.18   0.25   0.37   0.14   0.77   0.90   0.17   0.87   0.22   0.30   0.65   0.22   0.17   0.40   0.65   0.47   0.35   0.26   0.40   0.73   0.11   0.36   0.55   0.98   0.95   0.30   0.70   0.35   0.30   0.98   0.30   0.19   0.88   0.12   0.77   0.47   0.57   0.79 
  0.80   0.40   0.85   0.34   0.59   0.23   0.68   0.82   0.81   0.79   0.81   0.68   0.22   0.10   0.68   0.61   0.90   0.34   0.16   0.74   0.44   0.13   0.32   0.66   0.33   0.30   0.82   0.30   0.81   0.51   0.86   0.81   0.86   0.63   0.91   0.49   0.82   0.61   0.50   0.27   0.25   0.60   0.87   0.82   0.96   0.66   0.61   0.37   0.64   0.81 
  0.76   0.59   0.85   0.31   0.43   0.55   0.78   0.52   0.14   0.58   0.56   0.71   0.74   0.39   0.94   0.65   0.66   0.16   0.71   0.13   0.85   0.20   0.86   0.94   0.28   0.77   0.84   0.83   0.73   0.60   0.83   0.25   0.69   0.38   0.69   0.95   0.80   0.70   0.39   0.82   0.97   0.62   0.97   0.26   0.58   0.98   0.19   0.44   0.50   0.43 
  0.96   0.50   0.85   0.37   0.24   0.36   0.39   0.37   0.79   0.41   0.37   0.89   0.15   0.91   0.56   0.62   0.91   0.43   0.86   0.99   0.21   0.72   0.51   0.30   0.87   0.86   0.66   0.69   0.33   0.92   0.64   0.59   0.40   0.86   0.16   0.67   0.25   0.66   0.70   0.16   0.13   0.72   0.99   0.60   0.16   0.51   0.14   0.49   0.49   0.48 
  0.39   0.56   0.19   0.97   0.63   0.74   0.49   0.60   0.82   0.76   0.24   0.49   0.53   0.37   0.72   0.63   0.47   0.55   0.33   0.75   0.52   0.42   0.45   0.64   0.90   0.28   0.84   0.65   0.72   0.95   0.26   0.87   0.59   0.74   0.75   0.86   0.23   0.74   0.66   0.30   0.71   0.11   0.79   0.94   0.29   0.23   0.88   0.98   0.89   0.94 
  0.42   0.20   0.29   0.12   0.62   0.57   0.65   0.16   0.28   0.53   0.64   0.78   0.48   0.23   0.13   0.52   0.45   0.35   0.78   0.40   0.75   0.80   0.61   0.71   0.89   0.36   0.60   0.85   0.80   0.41   0.24   0.41   0.42   0.92   0.34   0.86   0.13   0.91   0.86   0.53   0.87   0.37   0.51   0.48   0.16   0.46   0.87   0.46   0.79   0.98 
  0.13   0.73   0.39   0.61   0.88   0.72   0.90   0.58   0.96   0.59   0.18   0.22   0.86   0.82   0.95   0.73   0.10   0.49   0.55   0.16   0.49   0.49   0.20   0.32   0.47   0.35   0.49   0.72   0.46   0.37   0.83   0.81   0.80   0.88   0.67   0.82   0.11   0.43   0.56   0.40   0.30   0.84   0.42   0.74   0.60   0.77   0.53   0.65   0.59   0.68 
  0.46   0.83   0.41   0.67   0.32   0.82   0.72   0.37   0.52   0.30   0.34   0.36   0.81   0.64   0.73   0.57   0.36   0.28   0.40   0.83   0.99   0.68   0.69   0.10   0.31   0.91   0.57   0.39   0.39   0.53   0.23   0.59   0.79   0.85   0.76   0.66   0.72   0.74   0.44   0.46   0.78   0.94   0.61   0.21   0.89   0.38   0.84   0.13   0.25   0.60 
  0.20   0.88   0.74   0.87   0.16   0.69   0.91   0.51   0.46   0.55   0.24   0.20   0.40   0.72   0.33   0.15   0.47   0.35   0.37   0.72   0.31   0.63   0.37   0.38   0.64   0.85   0.83   0.69   0.72   0.27   0.65   0.28   0.24   0.74   0.56   0.35   0.97   0.91   0.89   0.18   0.24   0.29   0.39   0.83   0.58   0.72   0.71   0.66   0.71   0.86 
  0.53   0.21   0.98   0.23   0.95   0.80   0.16   0.81   0.17   0.68   0.85   0.22   0.98   0.27   0.21   0.55   0.73   0.50   0.23   0.77   0.68   0.67   0.15   0.84   0.47   0.24   0.30   0.32   0.51   0.73   0.98   0.96   0.57   0.96   0.24   0.21   0.23   0.29   0.48   0.71   0.56   0.42   0.74   0.94   0.47   0.22   0.49   0.89   0.93   0.51 
  0.96   0.48   0.80   0.47   0.85   0.87   0.48   0.57   0.20   0.52   0.75   0.52   0.33   0.41   0.95   0.55   0.83   0.30   0.87   0.61   0.56   0.31   0.15   0.29   0.68   0.55   0.31   0.42   0.49   0.14   0.93   0.96   0.64   0.30   0.67   0.53   0.74   0.60   0.33   0.44   0.56   0.71   0.28   0.48   0.75   0.38   0.62   0.67   0.80   0.24 
  0.61   0.61   0.67   0.45   0.98   0.20   0.47   0.75   0.68   0.84   0.79   0.61   0.19   0.71   0.98   0.80   0.81   0.43   0.86   0.70   0.95   0.74   0.26   0.70   0.16   0.18   0.12   0.51   0.53   0.15   0.70   0.90   0.77   0.44   0.34   0.16   0.13   0.94   0.84   0.12   0.28   0.76   0.65   0.38   0.52   0.24   0.53   0.57   0.92   0.49 
  0.71   0.64   0.87   0.22   0.93   0.25   0.85   0.74   0.57   0.40   0.93   0.64   0.78   0.76   0.61   0.37   0.55   0.27   0.87   0.52   0.58   0.97   0.82   0.24   0.42   0.23   0.15   0.26   0.49   0.55   0.44   0.44   0.79   0.24   0.93   0.41   0.53   0.77   0.89   0.79   0.94   0.31   0.10   0.70   0.44   0.50   0.82   0.56   0.43   0.71 
  0.46   0.91   0.68   0.24   0.94   0.50   0.28   0.81   0.63   0.92   0.45   0.60   0.63   0.56   0.97   0.64   0.18   0.77   0.10   0.43   0.33   0.94   0.68   0.55   0.37   0.88   0.48   0.62   0.16   0.89   0.26   0.32   0.90   0.16   0.54   0.92   0.38   0.75   0.96   0.19   0.49   0.97   0.18   0.84   0.52   0.91   0.77   0.60   0.65   0.22 
  0.64   0.81   0.38   0.63   0.26   0.50   0.91   0.17   0.87   0.61   0.46   0.84   0.72   0.15   0.52   0.76   0.32   0.32   0.58   0.45   0.75   0.50   0.12   0.76   0.16   0.28   0.88   0.84   0.71   0.12   0.65   0.94   0.78   0.63   0.25   0.37   0.62   0.55   0.72   0.67   0.93   0.21   0.83   0.42   0.73   0.55   0.16   0.33   0.94   0.99 
  0.45   0.86   0.58   0.97   0.59   0.90   0.19   0.54   0.55   0.60   0.33   0.63   0.28   0.40   0.39   0.13   0.15   0.22   0.84   0.30   0.62   0.16   0.46   0.36   0.62   0.86   0.95   0.96   0.27   0.32   0.61   0.97   0.73   0.57   0.75   0.94   0.80   0.64   0.64   0.57   0.29   0.75   0.51   0.19   0.45   0.14   0.32   0.72   0.89   0.57 
  0.82   0.79   0.10   0.36   0.37   0.16   0.56   0.29   0.76   0.93   0.63   0.50   0.55   0.79   0.28   0.25   0.84   0.30   0.23   0.37   0.10   0.77   0.19   0.12   0.19   0.61   0.86   0.69   0.88   0.64   0.45   0.85   0.75   0.12   0.60   0.78   0.57   0.19   0.92   0.73   0.79   0.82   0.31   0.50   0.25   0.52   0.92   0.41   0.41   0.63 
  0.58   0.77   0.33   0.47   0.71   0.94   0.23   0.75   0.39   0.89   0.34   0.80   0.21   0.29   0.33   0.22   0.27   0.20   0.78   0.24   0.13   0.23   0.80   0.22   0.45   0.40   0.59   0.98   0.29   0.44   0.48   0.40   0.25   0.52   0.68   0.94   0.64   0.29   0.81   0.31   0.21   0.62   0.38   0.49   0.43   0.94   0.25   0.31   0.71   0.80 
  0.14   0.95   0.43   0.35   0.29   0.98   0.54   0.72   0.33   0.28   0.26   0.81   0.27   0.47   0.54   0.21   0.42   0.67   0.64   0.36   0.84   0.91   0.23   0.44   0.48   0.25   0.51   0.86   0.82   0.15   0.22   0.13   0.84   0.62   0.52   0.27   0.86   0.79   0.59   0.36   0.76   0.85   0.20   0.49   0.27   0.38   0.85   0.76   0.50   0.34 
  0.78   0.39   0.77   0.26   0.22   0.27   0.48   0.83   0.41   0.83   0.20   0.26   0.25   0.30   0.96   0.75   0.32   0.34   0.98   0.32   0.21   0.38   0.70   0.91   0.64   0.79   0.94   0.37   0.14   0.74   0.95   0.89   0.93   0.57   0.42   0.84   0.40   0.76   0.89   0.16   0.76   0.86   0.20   0.10   0.25   0.12   0.93   0.18   0.97   0.45 
  0.99   0.39   0.39   0.49   0.61   0.74   0.55   0.27   0.74   0.16   0.56   0.77   0.62   0.20   0.53   0.16   0.93   0.22   0.76   0.67   0.20   0.53   0.20   0.81   0.74   0.59   0.66   0.27   0.90   0.18   0.85   0.60   0.98   0.19   0.14   0.25   0.57   0.79   0.69   0.30   0.37   0.17   0.30   0.32   0.28   0.24   0.68   0.67   0.26   0.25 
  0.45   0.73   0.45   0.43   0.60   0.36   0.86   0.95   0.84   0.43   0.72   0.31   0.34   0.21   0.13   0.44   0.59   0.81   0.90   0.63   0.55   0.84   0.20   0.41   0.91   0.67   0.11   0.89   0.64   0.21   0.41   0.69   0.87   0.21   0.44   0.85   0.44   0.82   0.18   0.69   0.48   0.77   0.56   0.33   0.41   0.68   0.98   0.57   0.48   0.90 
  0.84   0.35   0.90   0.92   0.76   0.75   0.32   0.74   0.53   0.17   0.46   0.73   0.50   0.87   0.99   0.28   0.63   0.62   0.53   0.80   0.25   0.98   0.80   0.26   0.99   0.94   0.76   0.48   0.83   0.65   0.89   0.37   0.51   0.20   0.67   0.35   0.59   0.79   0.10   0.45   0.18   0.39   0.41   0.89   0.39   0.35   0.65   0.24   0.72   0.21 
  0.67   0.26   0.39   0.58   0.28   0.17   0.27   0.19   0.30   0.86   0.56   0.41   0.67   0.97   0.30   0.48   0.18   0.54   0.23   0.17   0.66   0.53   0.94   0.31   0.11   0.67   0.24   0.97   0.34   0.41   0.84   0.47   0.61   0.63   0.82   0.56   0.94   0.53   0.60   0.14   0.50   0.71   0.61   0.56   0.54   0.87   0.25   0.18   0.18   0.50 
  0.19   0.96   0.39   0.80   0.72   0.83   0.65   0.73   0.43   0.85   0.26   0.20   0.97   0.48   0.66   0.86   0.26   0.73   0.17   0.93   0.44   0.69   0.22   0.67   0.35   0.36   0.63   0.29   0.56   0.26   0.82   0.34   0.13   0.38   0.35   0.58   0.85   0.63   0.42   0.77   0.38   0.57   0.62   0.79   0.57   0.95   0.52   0.83   0.97   0.45 
  0.44   0.90   0.24   0.58   0.38   0.65   0.79   0.99   0.15   0.91   0.76   0.13   0.19   0.64   0.81   0.53   0.85   0.81   0.82   0.29   0.66   0.61   0.52   0.57   0.38   0.23   0.38   0.42   0.13   0.58   0.98   0.62   0.75   0.20   0.33   0.80   0.90   0.91   0.70   0.94   0.44   0.15   0.52   0.40   0.76   0.44   0.36   0.39   0.42   0.16 
  0.11   0.37   0.96   0.78   0.89   0.26   0.84   0.68   0.42   0.30   0.27   0.67   0.91   0.48   0.97   0.95   0.45   0.50   0.68   0.56   0.93   0.31   0.16   0.35   0.93   0.37   0.23   0.88   0.61   0.92   0.19   0.84   0.95   0.52   0.31   0.16   0.75   0.50   0.16   0.20   0.11   0.75   0.32   0.49   0.16   0.78   0.57   0.91   0.43   0.82 
  0.94   0.56   0.76   0.12   0.15   0.30   0.55   0.93   0.53   0.20   0.16   0.79   0.65   0.14   0.41   0.58   0.51   0.88   0.66   0.62   0.79   0.64   0.43   0.39   0.35   0.64   0.43   0.81   0.73   0.59   0.82   0.39   0.88   0.24   0.97   0.84   0.30   0.27   0.71   0.39   0.68   0.61   0.77   0.59   0.33   0.18   0.57   0.48   0.32   0.87 
  0.58   0.61   0.15   0.27   0.90   0.75   0.22   0.70   0.44   0.31   0.29   0.60   0.63   0.90   0.56   0.71   0.38   0.20   0.65   0.26   0.47   0.96   0.66   0.90   0.36   0.51   0.78   0.92   0.41   0.52   0.75   0.52   0.14   0.38   0.14   0.71   0.80   0.94   0.87   0.72   0.95   0.32   0.65   0.56   0.57   0.98   0.62   0.23   0.21   0.53 
  0.30   0.50   0.97   0.32   0.54   0.51   0.16   0.19   0.14   0.44   0.40   0.26   0.56   0.84   0.33   0.52   0.20   0.47   0.71   0.86   0.87   0.12   0.20   0.92   0.36   0.70   0.53   0.40   0.53   0.55   0.97   0.45   0.89   0.19   0.64   0.81   0.62   0.52   0.77   0.41   0.79   0.69   0.34   0.87   0.66   0.79   0.34   0.73   0.52   0.54 
  0.85   0.25   0.95   0.57   0.30   0.77   0.63   0.42   0.81   0.53   0.65   0.81   0.74   0.41   0.39   0.87   0.77   0.49   0.51   0.36   0.95   0.42   0.14   0.32   0.20   0.20   0.32   0.12   0.62   0.80   0.49   0.20   0.33   0.54   0.55   0.23   0.81   0.97   0.26   0.94   0.40   0.66   0.55   0.85   0.52   0.59   0.48   0.63   0.99   0.62 
  0.98   0.74   0.34   0.41   0.87   0.82   0.62   0.87   0.44   0.64   0.43   0.82   0.50   0.80   0.48   0.35   0.32   0.61   0.88   0.68   0.98   0.89   0.29   0.90   0.43   0.37   0.85   0.56   0.26   0.42   0.14   0.42   0.37   0.90   0.75   0.51   0.64   0.16   0.82   0.27   0.37   0.37   0.75   0.35   0.63   0.82   0.15   0.44   0.54   0.96 
  0.41   0.92   0.31   0.90   0.93   0.43   0.45   0.23   0.37   0.97   0.15   0.98   0.57   0.45   0.53   0.33   0.75   0.21   0.52   0.62   0.70   0.49   0.14   0.81   0.33   0.34   0.16   0.31   0.97   0.47   0.65   0.95   0.51   0.25   0.27   0.19   0.49   0.29   0.44   0.54   0.15   0.21   0.35   0.87   0.27   0.48   0.80   0.21   0.26   0.53 
  0.34   0.16   0.93   0.95   0.18   0.91   0.47   0.88   0.51   0.34   0.69   0.53   0.26   0.19   0.45   0.26   0.94   0.12   0.97   0.17   0.46   0.44   0.42   0.82   0.29   0.56   0.12   0.24   0.39   0.95   0.99   0.51   0.66   0.12   0.36   0.62   0.18   0.10   0.85   0.47   0.78   0.65   0.69   0.28   0.48   0.80   0.26   0.95   0.56   0.63 
  0.23   0.59   0.23   0.18   0.20   0.94   0.96   0.66   0.34   0.16   0.33   0.62   0.90   0.95   0.38   0.71   0.26   0.34   0.82   0.23   0.37   0.16   0.49   0.45   0.63   0.25   0.48   0.61   0.35   0.97   0.36   0.68   0.95   0.41   0.86   0.68   0.37   0.75   0.55   0.35   0.81   0.73   0.65   0.25   0.84   0.42   0.67   0.67   0.54   0.94 
  0.15   0.37   0.73   0.55   0.35   0.78   0.34   0.51   0.23   0.22   0.81   0.40   0.81   0.52   0.11   0.39   0.69   0.73   0.69   0.13   0.45   0.48   0.33   0.26   0.79   0.68   0.50   0.70   0.24   0.89   0.75   0.40   0.86   0.30   0.67   0.27   0.87   0.21   0.28   0.33   0.24   0.15   0.30   0.85   0.19   0.91   0.43   0.11   0.20   0.56 
  0.98   0.83   0.82   0.78   0.50   0.64   0.23   0.86   0.97   0.67   0.58   0.57   0.11   0.76   0.51   0.40   0.49   0.97   0.31   0.38   0.93   0.48   0.46   0.52   0.49   0.90   0.71   0.85   0.39   0.21   0.25   0.73   0.25   0.30   0.30   0.72   0.34   0.78   0.59   0.12   0.64   0.15   0.81   0.13   0.55   0.97   0.72   0.57   0.54   0.42 
  0.52   0.15   0.79   0.26   0.57   0.54   0.62   0.26   0.99   0.25   0.17   0.26   0.80   0.16   0.39   0.96   0.56   0.82   0.39   0.63   0.76   0.47   0.63   0.55   0.69   0.45   0.30   0.41   0.84   0.48   0.96   0.19   0.33   0.21   0.65   0.11   0.45   0.39   0.40   0.42   0.48   0.82   0.20   0.79   0.42   0.92   0.69   0.64   0.43   0.59 
  0.12   0.30   0.48   0.76   0.30   0.28   0.20   0.76   0.91   0.57   0.97   0.39   0.66   0.81   0.96   0.36   0.30   0.50   0.24   0.81   0.61   0.67   0.55   0.18   0.32   0.60   0.74   0.92   0.76   0.55   0.51   0.94   0.48   0.68   0.38   0.96   0.36   0.86   0.66   0.38   0.48   0.16   0.28   0.45   0.58   0.57   0.99   0.52   0.42   0.12 
  0.47   0.53   0.41   0.82   0.21   0.65   0.15   0.11   0.58   0.53   0.44   0.65   0.74   0.98   0.23   0.31   0.26   0.60   0.63   0.18   0.79   0.83   0.88   0.15   0.65   0.75   0.64   0.40   0.74   0.47   0.29   0.20   0.91   0.18   0.69   0.80   0.18   0.15   0.54   0.63   0.45   0.14   0.21   0.36   0.59   0.53   0.46   0.67   0.76   0.33 
---
G_right: 50 49
  0.73   0.72   0.48   0.19   0.44   0.60   0.69   0.21   0.68   0.27   0.37   0.33   0.24   0.18   0.45   0.30   0.56   0.20   0.18   0.73   0.25   0.91   0.20   0.45   0.92   0.93   0.78   0.34   0.17   0.71   0.44   0.45   0.85   0.11   0.36   0.48   0.52   0.99   0.14   0.38   0.30   0.98   0.67   0.21   0.74   0.66   0.17   0.28   0.87 
  0.32   0.51   0.48   0.31   0.96   0.22   0.93   0.17   0.65   0.55   0.19   0.81   0.57   0.89   0.45   0.81   0.44   0.51   0.82   0.46   0.37   0.40   0.63   0.28   0.47   0.71   0.72   0.15   0.43   0.13   0.76   0.79   0.70   0.20   0.50   0.49   0.65   0.29   0.78   0.93   0.97   0.42   0.39   0.15   0.58   0.91   0.31   0.67   0.41 
  0.15   0.86   0.77   0.84   0.26   0.51   0.22   0.12   0.27   0.84   0.74   0.68   0.83   0.22   0.42   0.98   0.35   0.94   0.95   0.42   0.48   0.38   0.75   0.99   0.46   0.69   0.59   0.58   0.31   0.54   0.43   0.82   0.82   0.17   0.14   0.41   0.87   0.43   0.30   0.86   0.55   0.82   0.29   0.64   0.71   0.48   0.37   0.55   0.66 
  0.32   0.24   0.54   0.74   0.55   0.59   0.55   0.19   0.82   0.84   0.55   0.46   0.69   0.22   0.64   0.12   0.47   0.19   0.14   0.23   0.91   0.18   0.96   0.21   0.71   0.26   0.87   0.63   0.74   0.83   0.27   0.51   0.63   0.11   0.84   0.64   0.73   0.98   0.40   0.81   0.14   0.37   0.21   0.44   0.22   0.70   0.91   0.45   0.95 
  0.72   0.64   0.88   0.67   0.57   0.50   0.53   0.68   0.69   0.74   0.23   0.22   0.83   0.66   0.74   0.70   0.94   0.33   0.79   0.98   0.95   0.88   0.39   0.62   0.65   0.14   0.13   0.35   0.76   0.57   0.83   0.38   0.48   0.12   0.88   0.70   0.94   0.49   0.39   0.21   0.84   0.83   0.86   0.17   0.22   0.17   0.50   0.59   0.73 
  0.17   0.82   0.88   0.69   0.12   0.23   0.62   0.53   0.72   0.51   0.33   0.23   0.59   0.65   0.23   0.98   0.93   0.36   0.23   0.79   0.87   0.98   0.89   0.93   0.93   0.99   0.82   0.63   0.53   0.29   0.10   0.23   0.28   0.87   0.21   0.88   0.62   0.68   0.84   0.78   0.52   0.14   0.53   0.75   0.52   0.13   0.49   0.73   0.10 
  0.45   0.98   0.69   0.64   0.73   0.22   0.91   0.54   0.61   0.86   0.38   0.73   0.60   0.68   0.90   0.23   0.19   0.27   0.53   0.96   0.17   0.73   0.78   0.11   0.47   0.91   0.36   0.89   0.17   0.28   0.52   0.41   0.24   0.31   0.64   0.30   0.43   0.66   0.32   0.14   0.20   0.72   0.38   0.80   0.32   0.35   0.38   0.27   0.18 
  0.10   0.67   0.63   0.42   0.56   0.63   0.39   0.75   0.22   0.16   0.55   0.50   0.33   0.94   0.15   0.14   0.34   0.77   0.64   0.15   0.73   0.30   0.21   0.96   0.77   0.41   0.63   0.39   0.26   0.54   0.87   0.62   0.93   0.12   0.79   0.42   0.21   0.35   0.83   0.59   0.84   0.50   0.16   0.43   0.95   0.17   0.72   0.50   0.11 
  0.50   0.38   0.35   0.66   0.70   0.46   0.22   0.80   0.11   0.97   0.60   0.40   0.75   0.66   0.99   0.20   0.71   0.82   0.82   0.15   0.39   0.78   0.44   0.53   0.85   0.47   0.55   0.18   0.92   0.34   0.30   0.20   0.37   0.41   0.19   0.31   0.96   0.44   0.56   0.86   0.32   0.24   0.32   0.13   0.67   0.89   0.85   0.51   0.69 
  0.71   0.89   0.15   0.67   0.39   0.11   0.97   0.97   0.98   0.89   0.45   0.13   0.99   0.53   0.63   0.40   0.91   0.67   0.25   0.76   0.59   0.73   0.29   0.22   0.94   0.26   0.67   0.62   0.55   0.60   0.78   0.48   0.28   0.19   0.48   0.29   0.58   0.23   0.76   0.56   0.82   0.93   0.86   0.40   0.61   0.87   0.87   0.94   0.94 
  0.72   0.71   0.37   0.36   0.94   0.67   0.81   0.47   0.42   0.14   0.88   0.60   0.49   0.90   0.42   0.81   0.27   0.79   0.66   0.78   0.76   0.38   0.60   0.74   0.78   0.28   0.17   0.27   0.29   0.25   0.42   0.50   0.88   0.16   0.61   0.99   0.75   0.13   0.55   0.28   0.44   0.49   0.49   0.40   0.58   0.17   0.54   0.65   0.75 
  0.21   0.37   0.98   0.79   0.25   0.12   0.44   0.22   0.81   0.26   0.53   0.39   0.91   0.37   0.87   0.99   0.41   0.25   0.74   0.67   0.15   0.52   0.57   0.51   0.63   0.83   0.88   0.77   0.63   0.44   0.98   0.45   0.63   0.96   0.11   0.26   0.76   0.39   0.80   0.58   0.61   0.11   0.66   0.67   0.63   0.24   0.27   0.68   0.53 
  0.86   0.89   0.84   0.36   0.31   0.76   0.17   0.30   0.12   0.95   0.78   0.29   0.98   0.15   0.26   0.95   0.70   0.56   0.78   0.32   0.44   0.14   0.26   0.12   0.87   0.55   0.41   0.40   0.23   0.21   0.85   0.45   0.31   0.21   0.15   0.15   0.44   0.33   0.43   0.64   0.20   0.13   0.66   0.86   0.50   0.77   0.85   0.89   0.48 
  0.13   0.42   0.67   0.56   0.32   0.98   0.29   0.70   0.50   0.70   0.32   0.91   0.52   0.96   0.61   0.38   0.19   0.41   0.59   0.56   0.65   0.99   0.65   0.12   0.42   0.96   0.95   0.44   0.47   0.26   0.66   0.51   0.80   0.97   0.96   0.95   0.26   0.61   0.82   0.67   0.82   0.46   0.64   0.82   0.26   0.84   0.93   0.43   0.44 
  0.67   0.31   0.66   0.61   0.37   0.78   0.61   0.94   0.85   0.75   0.40   0.21   0.44   0.68   0.28   0.96   0.17   0.99   0.38   0.85   0.52   0.35   0.37   0.36   0.61   0.83   0.76   0.71   0.44   0.98   0.29   0.60   0.13   0.38   0.80   0.88   0.15   0.98   0.84   0.26   0.55   0.46   0.70   0.49   0.91   0.11   0.45   0.77   0.29 
  0.14   0.46   0.40   0.35   0.52   0.82   0.49   0.20   0.25   0.54   0.30   0.29   0.32   0.68   0.33   0.40   0.75   0.46   0.38   0.77   0.84   0.30   0.29   0.75   0.66   0.21   0.92   0.57   0.93   0.35   0.11   0.21   0.46   0.58   0.93   0.50   0.52   0.12   0.63   0.90   0.25   0.24   0.66   0.90   0.83   0.37   0.14   0.36   0.93 
  0.60   0.87   0.46   0.46   0.67   0.29   0.87   0.82   0.54   0.41   0.22   0.97   0.13   0.20   0.13   0.80   0.74   0.75   0.48   0.89   0.35   0.41   0.76   0.56   0.69   0.90   0.12   0.44   0.70   0.58   0.40   0.42   0.70   0.15   0.88   0.12   0.76   0.73   0.18   0.21   0.97   0.81   0.31   0.59   0.56   0.70   0.73   0.57   0.58 
  0.41   0.35   0.93   0.35   0.33   0.18   0.36   0.28   0.70   0.96   0.29   0.37   0.92   0.52   0.86   0.93   0.29   0.89   0.88   0.97   0.71   0.57   0.79   0.15   0.57   0.81   0.45   0.74   0.80   0.70   0.22   0.15   0.20   0.33   0.98   0.53   0.18   0.75   0.64   0.55   0.78   0.53   0.24   0.69   0.36   0.31   0.88   0.88   0.83 
  0.24   0.29   0.34   0.82   0.94   0.69   0.42   0.55   0.64   0.16   0.40   0.62   0.49   0.78   0.17   0.62   0.58   0.83   0.42   0.85   0.26   0.23   0.84   0.65   0.53   0.98   0.64   0.97   0.20   0.91   0.95   0.13   0.15   0.84   0.61   0.21   0.45   0.51   0.69   0.56   0.73   0.61   0.25   0.88   0.62   0.80   0.24   0.79   0.65 
  0.85   0.31   0.27   0.21   0.25   0.37   0.57   0.18   0.45   0.41   0.33   0.19   0.18   0.58   0.37   0.93   0.86   0.63   0.95   0.63   0.85   0.33   0.91   0.56   0.95   0.90   0.23   0.30   0.51   0.22   0.44   0.42   0.15   0.29   0.48   0.62   0.87   0.58   0.46   0.95   0.67   0.54   0.41   0.75   0.95   0.99   0.23   0.48   0.63 
  0.95   0.36   0.27   0.33   0.97   0.31   0.89   0.12   0.15   0.70   0.84   0.41   0.90   0.31   0.37   0.53   0.46   0.52   0.91   0.70   0.68   0.70   0.87   0.74   0.10   0.11   0.20   0.25   0.98   0.76   0.24   0.96   0.54   0.23   0.11   0.89   0.59   0.66   0.71   0.92   0.46   0.58   0.48   0.50   0.59   0.56   0.78   0.51   0.38 
  0.79   0.65   0.55   0.62   0.36   0.58   0.78   0.64   0.75   0.43   0.54   0.42   0.51   0.23   0.35   0.46   0.65   0.32   0.61   0.81   0.45   0.47   0.82   0.10   0.43   0.28   0.41   0.40   0.76   0.95   0.69   0.59   0.16   0.12   0.66   0.57   0.72   0.32   0.42   0.76   0.70   0.44   0.65   0.41   0.25   0.31   0.47   0.31   0.54 
  0.31   0.94   0.82   0.90   0.87   0.36   0.89   0.55   0.53   0.50   0.24   0.71   0.24   0.17   0.71   0.76   0.44   0.33   0.71   0.33   0.23   0.54   0.60   0.71   0.59   0.89   0.26   0.41   0.72   0.93   0.68   0.32   0.77   0.55   0.72   0.97   0.76   0.22   0.61   0.90   0.74   0.59   0.56   0.23   0.55   0.87   0.17   0.13   0.59 
  0.93   0.77   0.60   0.72   0.55   0.18   0.94   0.67   0.25   0.64   0.41   0.35   0.95   0.58   0.38   0.44   0.15   0.13   0.57   0.34   0.32   0.39   0.63   0.55   0.84   0.57   0.28   0.34   0.74   0.24   0.82   0.23   0.83   0.39   0.41   0.93   0.98   0.38   0.75   0.39   0.17   0.26   0.30   0.72   0.26   0.57   0.47   0.63   0.79 
  0.17   0.71   0.93   0.85   0.67   0.26   0.52   0.20   0.55   0.76   0.97   0.61   0.17   0.44   0.67   0.89   0.86   0.61   0.67   0.50   0.50   0.50   0.25   0.38   0.23   0.38   0.15   0.37   0.80   0.17   0.44   0.92   0.80   0.17   0.38   0.12   0.42   0.52   0.81   0.64   0.42   0.12   0.67   0.13   0.31   0.98   0.34   0.97   0.92 
  0.65   0.12   0.35   0.78   0.47   0.27   0.72   0.96   0.24   0.19   0.62   0.39   0.32   0.77   0.88   0.24   0.32   0.59   0.81   0.68   0.16   0.13   0.94   0.31   0.82   0.77   0.78   0.29   0.55   0.36   0.54   0.59   0.69   0.16   0.92   0.46   0.12   0.73   0.38   0.34   0.15   0.30   0.47   0.46   0.60   0.15   0.55   0.87   0.29 
  0.41   0.63   0.20   0.50   0.59   0.71   0.64   0.11   0.14   0.31   0.71   0.89   0.65   0.90   0.26   0.76   0.71   0.33   0.97   0.45   0.95   0.85   0.16   0.89   0.62   0.69   0.55   0.81   0.10   0.34   0.67   0.44   0.92   0.16   0.50   0.18   0.94   0.25   0.14   0.35   0.21   0.76   0.88   0.96   0.78   0.72   0.22   0.89   0.77 
  0.41   0.58   0.24   0.57   0.89   0.28   0.97   0.44   0.34   0.61   0.39   0.35   0.39   0.14   0.81   0.13   0.94   0.75   0.97   0.90   0.16   0.71   0.87   0.94   0.20   0.45   0.33   0.16   0.57   0.27   0.80   0.30   0.32   0.26   0.52   0.18   0.72   0.71   0.15   0.46   0.47   0.82   0.22   0.76   0.85   0.43   0.30   0.98   0.91 
  0.17   0.98   0.27   0.46   0.61   0.95   0.73   0.23   0.23   0.47   0.90   0.85   0.58   0.19   0.96   0.87   0.11   0.72   0.71   0.15   0.85   0.79   0.14   0.78   0.15   0.13   0.21   0.65   0.92   0.47   0.75   0.94   0.11   0.39   0.11   0.81   0.12   0.55   0.50   0.83   0.82   0.39   0.95   0.99   0.77   0.27   0.27   0.25   0.71 
  0.48   0.24   0.53   0.67   0.37   0.82   0.86   0.33   0.77   0.65   0.72   0.54   0.55   0.26   0.22   0.19   0.21   0.93   0.94   0.40   0.26   0.89   0.90   0.65   0.94   0.38   0.38   0.24   0.10   0.41   0.18   0.18   0.87   0.76   0.67   0.55   0.46   0.70   0.33   0.61   0.53   0.25   0.67   0.63   0.61   0.44   0.79   0.76   0.57 
  0.63   0.80   0.43   0.48   0.42   0.63   0.56   0.25   0.54   0.79   0.71   0.80   0.67   0.25   0.84   0.17   0.39   0.48   0.66   0.26   0.78   0.82   0.95   0.99   0.93   0.74   0.82   0.16   0.83   0.93   0.67   0.88   0.21   0.43   0.61   0.68   0.21   0.22   0.19   0.13   0.87   0.83   0.86   0.17   0.90   0.15   0.79   0.58   0.16 
  0.16   0.10   0.21   0.47   0.20   0.65   0.97   0.22   0.22   0.90   0.40   0.42   0.82   0.41   0.60   0.39   0.71   0.28   0.13   0.18   0.22   0.89   0.41   0.22   0.21   0.87   0.11   0.60   0.97   0.49   0.47   0.59   0.90   0.55   0.32   0.87   0.88   0.46   0.56   0.70   0.84   0.60   0.77   0.84   0.20   0.98   0.76   0.67   0.78 
  0.87   0.39   0.61   0.18   0.93   0.66   0.24   0.37   0.93   0.50   0.28   0.68   0.81   0.73   0.88   0.85   0.74   0.61   0.78   0.51   0.90   0.52   0.91   0.54   0.71   0.53   0.25   0.83   0.57   0.52   0.79   0.77   0.45   0.81   0.46   0.87   0.99   0.12   0.39   0.13   0.43   0.24   0.75   0.87   0.15   0.93   0.89   0.33   0.72 
  0.19   0.96   0.32   0.20   0.82   0.33   0.24   0.54   0.95   0.61   0.42   0.21   0.63   0.90   0.36   0.69   0.55   0.28   0.19   0.45   0.74   0.44   0.75   0.73   0.74   0.83   0.35   0.34   0.71   0.63   0.78   0.84   0.11   0.47   0.99   0.32   0.20   0.95   0.20   0.66   0.15   0.65   0.23   0.30   0.75   0.21   0.51   0.90   0.78 
  0.26   0.71   0.80   0.69   0.67   0.49   0.21   0.71   0.20   0.15   0.48   0.26   0.14   0.27   0.19   0.83   0.45   0.56   0.97   0.32   0.43   0.30   0.33   0.61   0.51   0.42   0.25   0.89   0.87   0.63   0.82   0.14   0.80   0.35   0.88   0.43   0.12   0.28   0.60   0.75   0.98   0.31   0.82   0.57   0.36   0.81   0.26   0.42   0.22 
  0.67   0.33   0.46   0.74   0.86   0.95   0.85   0.77   0.93   0.90   0.86   0.93   0.23   0.14   0.63   0.82   0.85   0.16   0.72   0.69   0.50   0.93   0.61   0.50   0.40   0.81   0.50   0.81   0.52   0.58   0.77   0.30   0.72   0.64   0.38   0.51   0.18   0.65   0.12   0.14   0.57   0.35   0.62   0.36   0.26   0.77   0.83   0.99   0.96 
  0.31   0.21   0.94   0.80   0.87   0.22   0.69   0.14   0.31   0.57   0.28   0.61   0.72   0.14   0.34   0.57   0.84   0.46   0.79   0.76   0.36   0.83   0.20   0.99   0.17   0.27   0.26   0.23   0.67   0.30   0.93   0.69   0.80   0.41   0.68   0.81   0.36   0.55   0.61   0.43   0.58   0.92   0.11   0.22   0.49   0.22   0.62   0.57   0.44 
  0.29   0.45   0.45   0.30   0.55   0.78   0.19   0.79   0.35   0.87   0.97   0.71   0.47   0.48   0.44   0.58   0.50   0.64   0.40   0.86   0.46   0.57   0.77   0.40   0.24   0.82   0.41   0.82   0.29   0.36   0.21   0.15   0.53   0.17   0.84   0.34   0.26   0.87   0.67   0.93   0.65   0.56   0.98   0.97   0.46   0.80   0.72   0.40   0.76 
  0.31   0.87   0.61   0.48   0.41   0.84   0.30   0.20   0.23   0.72   0.63   0.94   0.74   0.83   0.46   0.41   0.54   0.41   0.26   0.20   0.18   0.54   0.56   0.66   0.85   0.71   0.96   0.49   0.88   0.90   0.30   0.89   0.98   0.57   0.90   0.38   0.71   0.49   0.83   0.14   0.32   0.12   0.45   0.49   0.76   0.71   0.84   0.73   0.34 
  0.61   0.97   0.58   0.95   0.27   0.30   0.18   0.44   0.26   0.49   0.29   0.12   0.22   0.65   0.15   0.11   0.63   0.23   0.76   0.80   0.69   0.47   0.99   0.51   0.13   0.48   0.51   0.45   0.24   0.25   0.41   0.40   0.15   0.44   0.28   0.52   0.25   0.33   0.85   0.34   0.26   0.20   0.44   0.50   0.52   0.65   0.57   0.91   0.14 
  0.87   0.80   0.42   0.36   0.92   0.17   0.67   0.33   0.53   0.45   0.15   0.98   0.89   0.80   0.96   0.47   0.38   0.17   0.51   0.23   0.29   0.70   0.18   0.44   0.47   0.73   0.38   0.18   0.24   0.28   0.73   0.24   0.95   0.57   0.98   0.54   0.95   0.49   0.31   0.12   0.90   0.25   0.25   0.80   0.86   0.42   0.20   0.31   0.76 
  0.31   0.71   0.50   0.80   0.37   0.36   0.71   0.29   0.25   0.66   0.56   0.21   0.20   0.78   0.70   0.57   0.57   0.10   0.87   0.35   0.25   0.39   0.73   0.61   0.33   0.91   0.34   0.65   0.25   0.16   0.66   0.97   0.19   0.63   0.74   0.48   0.54   0.13   0.64   0.99   0.36   0.73   0.29   0.21   0.95   0.34   0.59   0.38   0.20 
  0.56   0.96   0.70   0.78   0.51   0.40   0.93   0.17   0.62   0.18   0.50   0.13   0.70   0.21   0.26   0.14   0.63   0.94   0.60   0.76   0.89   0.84   0.65   0.15   0.70   0.11   0.16   0.81   0.54   0.22   0.21   0.81   0.32   0.46   0.68   0.54   0.90   0.37   0.85   0.90   0.22   0.84   0.56   0.60   0.66   0.53   0.66   0.48   0.31 
  0.26   0.31   0.47   0.38   0.13   0.98   0.62   0.76   0.54   0.47   0.52   0.52   0.46   0.30   0.35   0.70   0.33   0.39   0.17   0.27   0.57   0.62   0.77   0.34   0.14   0.90   0.61   0.33   0.81   0.38   0.99   0.72   0.87   0.97   0.66   0.58   0.11   0.43   0.53   0.20   0.69   0.43   0.59   0.70   0.36   0.29   0.49   0.89   0.64 
  0.33   0.46   0.70   0.18   0.23   0.29   0.70   0.14   0.15   0.30   0.82   0.49   0.45   0.38   0.73   0.90   0.95   0.97   0.61   0.39   0.16   0.89   0.62   0.66   0.77   0.69   0.18   0.72   0.43   0.61   0.31   0.87   0.98   0.79   0.16   0.14   0.14   0.46   0.77   0.61   0.63   0.97   0.32   0.98   0.40   0.34   0.88   0.48   0.86 
  0.10   0.30   0.75   0.44   0.98   0.91   0.20   0.59   0.52   0.30   0.18   0.42   0.87   0.18   0.96   0.53   0.64   0.52   0.49   0.60   0.67   0.49   0.78   0.95   0.75   0.71   0.58   0.96   0.21   0.78   0.70   0.11   0.75   0.87   0.19   0.54   0.84   0.53   0.22   0.77   0.45   0.16   0.62   0.45   0.97   0.21   0.93   0.74   0.68 
  0.56   0.24   0.89   0.57   0.67   0.41   0.50   0.94   0.19   0.96   0.78   0.94   0.58   0.29   0.46   0.19   0.51   0.86   0.67   0.22   0.72   0.87   0.66   0.18   0.45   0.86   0.40   0.27   0.96   0.52   0.45   0.47   0.60   0.64   0.58   0.77   0.72   0.32   0.40   0.84   0.27   0.63   0.36   0.85   0.51   0.48   0.29   0.44   0.22 
  0.44   0.86   0.73   0.24   0.60   0.89   0.47   0.60   0.56   0.53   0.64   0.14   0.53   0.68   0.16   0.36   0.32   0.47   0.25   0.61   0.45   0.38   0.11   0.24   0.32   0.83   0.64   0.88   0.51   0.70   0.96   0.91   0.28   0.71   0.65   0.58   0.88   0.48   0.22   0.53   0.39   0.96   0.53   0.49   0.45   0.98   0.84   0.54   0.92 
  0.37   0.60   0.33   0.15   0.88   0.36   0.49   0.79   0.17   0.59   0.92   0.38   0.75   0.15   0.16   0.95   0.94   0.96   0.91   0.18   0.10   0.64   0.31   0.14   0.82   0.93   0.68   0.74   0.48   0.32   0.91   0.90   0.87   0.56   0.57   0.73   0.78   0.28   0.81   0.90   0.62   0.40   0.24   0.77   0.66   0.89   0.78   0.31   0.58 
  0.23   0.93   0.59   0.89   0.75   0.86   0.64   0.89   0.14   0.66   0.37   0.52   0.77   0.90   0.85   0.36   0.53   0.25   0.45   0.83   0.44   0.56   0.65   0.77   0.19   0.22   0.17   0.12   0.52   0.84   0.73   0.96   0.51   0.34   0.19   0.32   0.74   0.99   0.54   0.89   0.39   0.49   0.80   0.96   0.12   0.75   0.61   0.93   0.58 
---
G_diag: 49 49
  6.89   7.92   4.22   2.24   7.67   6.66   6.25   3.15   2.13   3.69   2.70   6.82   8.78   4.73   9.25   4.14   3.93   5.00   3.76   3.13   6.07   5.95   3.61   4.48   3.61   3.07   9.62   8.12   8.48   4.32   4.15   6.49   2.19   9.25   8.93   7.13   4.46   2.37   6.77   3.05   4.96   5.73   8.59   8.68   2.86   7.20   2.59   5.09   9.34 
  6.88   7.18   6.34   4.92   9.43   4.81   7.23   5.76   8.37   4.60   2.34   4.79   7.63   8.22   7.20   8.62   2.61   7.34   4.26   7.63   9.59   6.60   8.77   8.79   3.81   2.69   5.87   9.26   2.99   8.62   6.34   9.05   6.30   4.81   3.97   4.24   4.87   6.72   3.15   7.10   3.66   7.73   8.37   8.83   2.23   4.29   7.38   9.70   4.05 
  5.88   5.72   6.46   8.14   2.10   9.64   6.14   8.33   7.62   4.66   5.65   5.17   2.16   2.84   3.27   3.99   8.92   3.34   9.79   6.47   2.65   7.23   4.78   4.77   3.14   7.46   2.42   9.66   2.97   6.71   4.74   9.73   8.86   2.26   4.24   3.41   5.47   7.90   6.17   7.70   3.40   5.80   7.37   3.27   8.88   2.80   3.13   5.31   9.34 
  6.31   2.88   8.44   5.24   3.82   7.04   2.99   3.29   8.25   3.65   9.50   2.97   8.78   2.72   9.87   6.69   4.13   7.58   2.94   4.24   7.95   4.63   3.74   8.75   2.29   8.30   6.53   5.03   5.53   7.89   2.73   9.12   3.45   3.38   4.54   8.24   7.57   8.06   3.72   5.61   5.60   4.72   9.62   8.06   8.00   2.91   4.90   9.63   8.50 
  2.51   6.34   9.52   4.66   9.05   6.30   3.10   4.39   5.64   6.39   9.57   8.82   7.45   4.25   2.48   5.13   3.05   9.33   3.02   2.63   4.25   9.12   9.43   4.10   6.28   7.32   8.07   5.33   3.68   2.58   9.66   3.88   8.25   9.59   6.86   3.84   2.32   2.75   3.12   2.27   2.96   7.96   4.28   4.00   4.07   8.82   8.57   6.66   8.82 
  7.41   2.11   9.88   5.45   3.52   4.77   2.86   4.22   8.28   4.10   4.38   9.67   8.52   8.07   7.26   6.99   5.17   9.02   2.59   7.92   2.83   6.47   5.29   7.68   6.37   8.65   3.83   8.72   9.78   5.03   6.94   7.01   4.19   6.71   4.64   3.65   9.73   8.31   4.91   5.98   7.58   6.23   9.74   3.22   7.69   8.76   7.42   6.84   5.44 
  7.45   9.46   2.37   4.32   3.66   7.12   4.95   9.04   7.33   6.54   4.47   7.89   3.19   8.70   2.99   5.62   8.35   9.81   5.60   7.74   7.06   4.08   7.99   4.88   9.73   4.18   8.00   5.44   2.99   3.37   4.71   9.03   3.84   9.56   9.84   2.92   9.76   4.15   5.96   6.07   5.35   4.29   9.44   3.46   6.40   6.98   8.77   3.95   8.10 
  2.24   2.25   3.27   7.59   6.75   2.21   9.65   9.44   2.73   4.15   8.03   6.92   8.61   5.58   9.34   7.01   9.84   3.21   2.77   7.45   4.81   4.13   5.97   2.79   6.54   9.30   6.24   8.08   5.72   9.53   2.22   4.46   7.71   6.11   3.24   8.92   7.20   4.20   5.17   6.04   2.30   4.19   3.89   2.88   7.47   3.08   8.60   8.03   6.66 
  2.93   9.03   6.90   4.39   3.22   3.89   6.47   6.75   2.38   6.92   3.86   8.81   7.96   3.77   5.39   3.24   6.71   9.75   7.99   4.24   4.62   8.43   4.89   2.68   6.15   6.04   5.18   6.36   8.97   5.39   6.46   4.87   8.05   8.44   6.54   3.65   2.39   2.89   2.93   4.75   6.42   3.27   5.26   2.83   8.50   9.54   7.01   9.87   8.87 
  2.42   9.87   9.63   7.84   9.79   5.03   7.03   4.45   5.98   4.49   7.97   3.87   3.48   4.81   5.83   9.73   7.72   4.34   2.55   5.35   4.12   7.15   4.16   4.84   6.98   4.55   8.99   3.42   4.11   8.99   3.55   4.89   8.09   7.12   7.89   9.19   2.60   7.40   8.48   9.40   7.09   5.75   8.56   8.11   3.58   3.15   6.93   4.76   6.04 
  7.75   8.53   7.62   4.70   2.78   8.38   6.16   4.18   9.03   8.09   4.35   8.21   9.59   8.88   6.86   7.45   8.59   2.93   6.81   3.75   9.80   7.60   5.30   5.99   9.69   4.23   9.10   8.63   8.01   5.77   4.59   8.36   3.52   8.54   4.96   6.43   3.43   8.27   6.03   4.74   2.46   5.34   9.68   6.48   4.49   6.20   7.37   7.19   5.03 
  3.43   2.18   3.70   7.75   5.93   7.99   2.59   5.39   4.55   3.20   6.32   9.49   3.83   9.42   8.28   4.43   8.92   7.43   3.84   4.88   5.71   2.74   9.72   8.24   7.33   3.21   3.24   7.06   2.80   8.46   7.57   9.01   4.90   2.21   4.03   7.99   4.70   5.05   9.08   2.89   4.71   9.40   8.62   4.04   7.00   3.25   9.62   8.99   7.82 
  8.69   3.24   3.21   8.00   4.65   4.37   7.46   3.97   5.95   5.88   5.74   2.85   2.65   4.10   5.79   2.26   4.08   6.25   9.62   6.06   4.10   4.98   9.11   3.55   7.17   6.10   3.58   3.13   7.21   8.34   4.12   4.95   3.96   7.87   2.68   3.57   3.17   7.64   2.37   2.19   4.24   3.50   9.43   3.01   3.32   2.56   9.43   5.75   9.37 
  2.96   8.59   5.23   4.70   3.63   6.17   4.55   3.39   9.84   5.42   6.22   5.59   4.60   8.01   7.85   7.20   8.55   3.45   5.46   5.70   8.48   2.55   2.31   5.58   5.27   6.26   8.27   9.44   4.98   8.43   4.56   6.33   6.94   7.19   3.87   7.91   7.73   4.87   4.28   3.04   5.48   6.87   3.64   7.11   3.22   9.36   7.08   3.28   2.46 
  8.96   7.92   5.47   5.98   7.36   2.35   8.12   4.02   7.29   5.70   6.75   2.58   7.15   3.37   5.24   7.15   5.00   8.07   5.37   5.72   3.54   5.39   8.45   8.81   8.77   5.42   6.93   8.56   3.20   4.87   7.90   4.44   8.75   8.13   6.39   4.23   7.64   6.11   3.61   5.55   4.83   5.52   3.84   9.04   5.72   9.71   2.64   3.12   3.52 
  8.74   8.11   5.00   5.39   8.21   3.52   3.78   3.82   3.95   4.15   8.44   7.94   7.44   6.77   4.56   5.53   9.48   4.32   6.64   9.47   6.58   3.44   4.03   5.14   2.26   7.50   2.25   8.34   3.08   5.99   2.50   8.70   2.33   9.83   8.42   3.62   8.36   7.19   4.03   9.43   4.47   3.84   6.30   7.74   7.41   7.62   6.99   8.13   9.81 
  8.33   8.70   9.31   9.05   3.27   8.29   4.97   4.68   2.65   2.50   5.20   6.85   7.80   9.17   8.98   3.93   2.12   7.85   9.50   2.30   2.24   4.02   8.13   7.94   3.92   3.77   4.41   6.43   6.64   4.13   7.49   3.33   9.39   8.06   6.97   9.10   8.62   3.63   6.53   8.34   9.39   5.39   6.29   3.55   2.78   9.38   9.59   2.75   8.49 
  5.40   6.84   8.26   9.62   7.91   9.59   8.93   3.39   5.83   9.03   2.40   5.61   6.15   5.32   8.07   2.19   5.77   6.91   4.23   8.05   9.04   7.59   4.85   8.72   7.39   6.10   7.27   8.74   7.62   7.43   4.26   7.92   4.06   6.54   8.54   8.43   2.64   8.13   5.95   6.00   3.85   6.93   5.94   3.72   7.03   3.06   6.14   2.81   8.86 
  2.81   4.97   8.40   9.75   3.70   9.00   4.11   3.83   6.92   4.61   4.34   4.18   3.30   8.56   3.95   7.04   4.49   5.94   7.67   8.26   6.49   6.38   3.16   5.21   3.85   8.09   8.82   6.99   6.56   4.71   6.60   2.80   5.46   7.79   3.61   4.76   6.46   7.18   6.96   3.38   2.70   6.55   2.93   3.26   7.77   7.73   4.90   9.24   4.46 
  9.50   8.86   7.74   7.67   9.60   2.76   3.89   6.08   2.82   6.07   4.13   5.64   9.84   7.82   4.91   3.03   3.02   2.97   5.13   9.89   8.13   3.86   2.84   3.93   4.53   2.76   7.39   6.39   4.16   8.79   9.77   7.50   6.71   2.91   3.37   9.48   2.56   6.59   3.34   7.78   3.55   6.06   6.17   5.60   9.07   9.89   2.10   7.92   8.69 
  6.02   8.87   8.88   5.05   7.97   6.51   8.04   4.68   3.40   6.82   3.49   8.59   5.76   7.80   2.99   6.65   4.44   7.56   9.89   4.54   6.58   8.18   9.30   2.77   2.52   5.86   6.99   3.12   8.41   8.28   3.66   3.56   5.50   8.53   6.06   6.31   8.57   5.62   6.47   4.33   5.60   8.79   3.60   6.49   6.82   7.31   7.67   3.07   7.00 
  3.45   3.20   2.66   7.60   6.41   2.32   8.82   7.70   7.22   8.54   6.95   2.55   8.69   4.49   5.19   3.78   9.66   8.07   7.04   6.67   7.84   4.76   7.90   5.28   7.36   4.45   8.24   5.68   5.95   5.36   9.22   4.01   3.25   2.50   9.22   3.87   6.54   9.38   8.06   5.70   5.69   7.15   7.10   4.63   3.12   4.04   8.98   9.89   4.80 
  6.42   9.01   6.49   3.25   5.26   7.76   5.92   3.64   4.45   5.20   2.15   5.96   3.75   2.53   4.35   4.35   3.80   4.65   3.14   8.90   3.88   2.26   7.41   3.44   2.14   8.93   4.53   7.51   5.08   6.20   8.05   9.19   6.46   5.18   3.39   6.03   6.72   7.27   3.04   6.51   6.51   4.94   4.30   9.88   5.65   5.33   5.42   5.13   7.86 
  4.61   7.19   3.95   6.63   6.80   8.32   4.54   6.18   9.61   6.67   6.88   4.49   8.78   5.73   8.48   8.30   9.27   9.57   4.31   6.22   8.05   4.49   6.72   8.83   6.41   2.40   5.63   4.23   5.13   4.04   2.78   7.62   9.26   3.30   7.12   2.31   5.00   6.32   5.36   9.65   6.68   7.30   5.74   2.17   5.43   3.84   3.12   5.71   9.56 
  9.10   7.10   3.28   7.43   5.11   5.32   5.36   5.16   5.49   9.32   2.67   4.46   3.79   8.05   5.41   6.88   2.98   2.17   2.96   6.85   7.32   6.28   4.15   4.75   8.72   5.31   6.33   8.84   5.54   5.98   5.04   2.66   7.21   8.48   9.52   4.03   5.92   3.50   9.75   9.47   6.76   6.69   5.38   7.03   9.77   8.01   2.73   8.52   6.74 
  2.41   5.06   8.13   4.43   6.28   3.91   9.20   7.37   4.75   4.44   5.74   7.62   4.95   2.86   5.74   8.09   5.55   6.82   9.20   3.49   6.59   4.21   4.84   4.96   8.38   4.62   9.64   8.66   3.57   2.37   3.21   9.67   6.23   7.12   7.80   2.20   7.88   7.42   6.42   4.22   7.95   8.71   5.65   7.33   3.27   6.05   4.34   8.32   4.46 
  8.67   8.90   4.78   6.00   6.42   7.48   3.43   8.05   5.05   3.98   6.76   9.06   5.24   9.72   9.61   9.23   6.51   2.80   6.06   4.95   8.22   5.57   2.74   2.65   3.07   2.44   9.10   5.12   8.34   9.00   5.99   6.27   3.60   2.98   8.41   5.59   6.81   6.72   2.28   2.91   5.54   4.45   8.31   3.81   7.36   6.69   5.02   3.51   4.01 
  6.66   4.96   3.17   4.10   4.03   3.53   6.57   7.12   5.35   2.22   2.81   4.98   2.75   5.87   2.12   7.68   2.59   9.27   9.04   2.78   4.84   9.70   7.21   5.45   5.90   3.37   8.04   4.77   6.42   2.32   9.44   6.90   2.50   7.40   2.43   3.44   2.95   7.36   6.10   5.38   9.21   7.37   8.70   3.61   5.02   6.26   3.30   9.76   2.23 
  9.74   7.58   2.30   5.17   2.26   2.57   7.66   4.34   3.84   5.69   6.25   4.18   7.88   8.16   6.35   8.32   2.41   9.53   7.06   4.91   2.74   8.08   2.11   9.74   3.29   3.45   5.28   3.19   8.12   5.78   3.68   6.73   6.95   5.07   6.57   3.10   6.40   6.93   3.79   8.60   7.13   7.45   6.05   4.01   3.61   7.45   6.11   7.25   5.60 
  3.91   5.57   4.57   7.20   5.18   2.31   2.96   9.15   4.39   3.69   5.89   2.71   3.46   4.94   7.01   5.49   7.25   8.85   9.69   6.27   5.02   4.62   7.99   6.92   8.00   3.19   9.40   7.67   5.60   3.89   7.66   4.08   7.65   3.13   9.15   2.98   4.90   3.19   9.60   8.72   8.26   5.44   4.97   2.55   3.01   9.13   2.81   7.32   8.46 
  8.06   5.31   4.61   6.52   3.55   6.39   2.81   6.90   9.12   7.11   3.87   7.80   6.79   3.27   2.90   6.30   8.19   6.60   5.86   9.67   3.00   6.19   7.06   6.92   3.08   3.25   4.05   2.74   2.22   4.30   3.24   5.45   8.35   8.24   4.97   4.74   8.83   5.11   8.64   5.90   2.70   4.10   3.72   9.03   7.60   5.37   9.49   4.56   8.00 
  7.12   9.05   4.79   8.65   7.78   5.38   6.48   2.87   8.61   6.77   8.18   9.76   9.53   6.44   6.72   5.26   2.56   5.87   7.52   8.59   6.90   2.61   3.68   5.75   8.77   8.55   2.53   7.05   6.64   5.16   7.78   2.59   2.65   7.21   8.44   3.30   2.13   3.22   8.61   8.08   9.30   2.58   8.61   5.60   3.46   8.12   6.17   5.51   8.85 
  6.87   7.68   8.48   7.75   8.08   9.10   3.69   6.67   3.58   7.43   7.13   7.25   5.38   9.47   7.74   3.20   4.83   3.05   4.05   3.59   4.41   2.74   4.44   7.81   7.57   2.55   9.23   4.22   8.22   6.64   2.66   8.76   5.59   8.64   6.53   9.58   7.90   8.49   4.78   7.34   4.24   4.54   3.43   9.44   4.76   8.99   5.95   8.13   3.49 
  7.85   9.69   9.17   4.38   2.52   5.26   8.70   4.40   8.50   9.66   2.68   5.43   3.61   8.80   5.30   3.04   8.39   5.09   6.43   6.44   8.80   7.32   4.84   9.53   9.27   3.56   5.78   6.54   3.38   4.64   8.37   4.53   9.56   9.46   7.98   9.61   2.38   5.05   2.58   7.18   5.22   7.48   4.74   8.27   9.81   6.65   2.41   5.82   2.68 
  6.64   9.83   4.96   5.52   5.57   9.08   3.52   2.75   2.67   2.57   7.06   2.86   7.16   5.95   2.47   7.38   2.70   6.49   7.33   9.20   5.95   6.16   6.52   7.34   9.26   9.77   8.00   5.68   5.19   7.30   3.10   6.38   9.54   8.78   2.71   8.64   9.29   2.89   8.43   7.86   6.24   9.43   5.54   7.11   3.45   7.41   4.75   8.00   3.11 
  2.97   9.33   8.48   2.46   7.35   3.92   6.70   3.01   6.49   2.53   7.89   6.91   5.81   7.89   4.39   7.48   9.47   5.16   7.13   5.34   7.15   7.49   5.28   8.09   3.33   3.50   9.63   4.03   3.56   2.61   5.83   8.05   3.29   3.60   9.55   2.27   8.69   6.68   8.34   2.94   8.09   3.79   8.83   2.47   3.05   4.55   3.15   9.16   9.24 
  2.89   3.51   6.80   9.51   3.97   9.04   6.25   6.57   7.12   9.83   5.50   8.79   6.86   3.35   4.79   3.84   8.60   3.07   5.71   7.83   8.45   7.43   2.12   6.47   5.60   3.51   7.00   3.01   4.22   6.65   4.54   6.68   4.17   8.20   4.41   5.57   9.68   2.58   5.55   3.79   5.58   7.33   3.03   2.18   2.12   6.80   4.81   2.12   5.39 
  2.53   5.53   6.90   4.29   4.02   2.49   4.10   2.50   2.12   9.22   3.05   9.41   6.25   4.23   7.03   6.70   8.16   8.78   7.56   9.09   8.12   9.69   6.71   6.27   5.72   7.16   2.80   8.80   8.75   7.83   3.31   9.27   8.45   4.91   2.42   5.85   4.65   9.71   4.38   4.65   7.17   9.53   9.60   5.55   9.67   8.16   8.57   9.37   5.48 
  5.03   7.50   9.74   5.24   2.92   8.20   4.18   9.64   4.44   3.21   9.70   6.85   6.76   3.56   6.05   4.29   8.77   6.08   3.94   2.86   6.19   8.98   7.72   4.37   7.76   8.64   3.48   4.47   5.62   2.29   8.11   5.18   9.04   3.50   4.95   3.90   6.20   6.57   2.50   2.17   3.22   2.84   7.31   9.60   2.28   3.00   9.44   3.29   3.54 
  2.29   4.23   4.68   7.80   2.50   3.29   4.13   7.91   7.74   9.77   7.50   7.56   8.43   3.18   6.30   9.82   8.42   4.25   6.69   3.13   4.05   9.37   5.28   4.36   8.16   6.94   8.06   7.26   6.58   6.40   2.33   2.35   5.42   2.98   6.82   6.45   3.99   4.24   8.40   5.68   9.81   4.52   7.08   4.88   8.13   3.86   3.13   4.58   8.12 
  2.67   9.89   4.09   2.24   9.36   9.48   8.45   6.14   4.43   5.68   7.51   5.91   3.31   5.99   3.82   8.45   6.23   2.51   6.91   5.74   2.47   3.04   4.29   5.27   5.35   4.99   8.31   2.65   8.26   6.52   6.78   3.19   3.04   4.37   2.31   5.09   9.31   4.74   5.49   6.82   3.20   2.86   9.86   5.47   6.53   8.79   5.28   4.60   3.40 
  8.94   8.17   2.17   4.47   5.21   6.46   4.70   5.78   6.41   7.15   8.18   3.26   3.37   4.42   3.49   3.74   6.33   2.11   6.17   7.71   5.26   4.95   3.80   5.09   4.44   4.39   8.28   7.19   6.84   4.75   7.85   4.72   9.04   6.02   7.70   6.49   3.76   9.61   9.62   6.91   9.89   4.22   6.51   9.14   5.91   3.10   6.45   4.63   5.65 
  5.68   3.57   3.80   4.01   7.29   4.30   3.09   2.15   4.00   3.08   6.37   4.78   2.83   6.08   2.92   8.73   5.35   7.95   4.43   6.28   3.65   2.20   7.24   2.13   8.41   4.51   3.34   6.86   9.04   7.21   5.47   8.67   9.01   4.43   2.77   8.32   7.64   3.94   4.71   3.40   7.55   8.18   9.74   5.49   7.81   6.47   4.55   6.12   3.24 
  3.48   2.28   3.66   9.56   5.94   6.64   6.08   6.58   2.19   6.82   4.87   4.90   6.47   9.69   2.98   7.17   9.54   3.18   4.31   3.65   6.21   5.25   9.13   7.18   5.15   9.56   5.11   7.11   6.24   8.90   7.23   7.86   4.32   5.23   4.62   8.14   2.98   7.21   4.93   7.09   3.79   3.63   2.22   4.54   6.87   3.56   7.71   4.49   3.83 
  2.49   7.63   6.45   3.73   3.26   3.37   8.75   6.56   2.55   9.56   7.47   7.56   6.01   7.11   8.29   3.90   2.27   8.45   4.60   4.80   4.61   5.08   4.06   3.66   8.37   9.40   4.50   6.05   2.29   4.28   6.73   6.21   4.22   8.21   7.81   5.63   5.61   7.26   4.00   6.89   2.24   4.96   9.02   6.90   6.24   4.96   2.96   5.65   3.52 
  6.26   3.62   9.33   7.24   4.48   6.26   8.24   5.92   6.31   7.49   3.55   6.96   8.42   2.15   8.24   5.94   4.30   2.95   9.84   2.42   5.84   9.47   6.87   3.94   9.01   5.55   7.86   8.79   2.19   6.47   8.42   5.93   2.21   4.95   9.53   5.60   2.97   7.92   5.94   9.06   6.75   8.93   5.60   6.01   3.07   4.30   9.79   8.40   3.40 
  3.93   6.68   2.51   5.35   9.18   3.43   7.82   4.85   5.92   3.50   3.80   8.33   7.11   7.80   4.36   3.73   7.52   8.30   4.34   9.16   6.23   9.20   6.86   4.51   8.31   8.85   7.31   4.50   3.82   9.45   9.63   4.55   2.44   6.66   7.05   6.40   4.05   4.01   9.64   5.99   4.13   4.41   5.44   4.43   2.47   4.20   2.12   2.57   3.70 
  8.16   8.51   4.62   7.00   9.19   8.68   6.90   7.95   3.98   6.03   6.06   9.22   2.68   5.55   5.49   9.31   8.62   2.16   6.64   4.76   3.95   2.57   4.83   9.88   4.89   7.27   9.57   6.38   9.72   5.72   2.34   9.26   4.07   5.89   5.82   6.28   3.28   8.19   2.44   4.19   2.79   5.87   8.56   9.82   2.23   3.06   8.40   8.54   6.29 
  5.18   7.89   6.21   7.17   3.35   9.39   8.71   7.86   6.53   4.53   8.49   5.61   8.51   3.57   2.63   2.96   2.81   9.33   9.58   6.25   4.64   3.59   2.44   7.00   7.09   5.02   4.30   4.49   9.18   7.98   4.49   6.63   3.67   5.88   7.05   6.46   7.68   5.83   2.61   8.87   6.43   9.85   8.33   9.42   8.09   8.43   2.70   2.83   4.28 
---
