G_down: 49 50
  0.28   0.47   0.77   0.43   0.92   0.28   0.62   0.64   0.36   0.74   0.56   0.22   0.57   0.89   0.93   0.82   0.40   0.83   0.35   0.91   0.87   0.32   0.64   0.15   0.31   0.83   0.24   0.66   0.37   0.61   0.85   0.55   0.89   0.14   0.46   0.68   0.82   0.83   0.56   0.33   0.47   0.17   0.18   0.19   0.76   0.24   0.66   0.32   0.17   0.87 
  0.21   0.32   0.64   0.36   0.62   0.22   0.48   0.27   0.53   0.91   0.20   0.41   0.87   0.82   0.73   0.82   0.52   0.69   0.42   0.33   0.40   0.73   0.57   0.84   0.70   0.33   0.13   0.31   0.41   0.12   0.98   0.71   0.61   0.77   0.68   0.12   0.96   0.75   0.17   0.60   0.41   0.89   0.19   0.81   0.68   0.56   0.28   0.93   0.25   0.22 
  0.83   0.34   0.91   0.75   0.87   0.76   0.28   0.90   0.31   0.34   0.18   0.89   0.86   0.30   0.53   0.52   0.72   0.67   0.16   0.49   0.22   0.64   0.18   0.74   0.97   0.27   0.73   0.88   0.87   0.97   0.48   0.73   0.21   0.74   0.50   0.33   0.86   0.38   0.36   0.86   0.88   0.38   0.51   0.96   0.32   0.34   0.36   0.81   0.98   0.44 
  0.58   0.47   0.37   0.32   0.53   0.40   0.66   0.19   0.25   0.90   0.11   0.17   0.56   0.72   0.27   0.49   0.12   0.34   0.37   0.41   0.69   0.57   0.16   0.79   0.52   0.79   0.72   0.28   0.58   0.98   0.77   0.94   0.62   0.67   0.69   0.24   0.22   0.76   0.68   0.97   0.50   0.61   0.74   0.56   0.21   0.63   0.91   0.48   0.75   0.13 
  0.87   0.14   0.27   0.24   0.82   0.55   0.96   0.82   0.48   0.77   0.27   0.39   0.60   0.49   0.27   0.32   0.25   0.64   0.74   0.12   0.36   0.79   0.94   0.81   0.10   0.30   0.85   0.76   0.19   0.84   0.83   0.72   0.54   0.97   0.85   0.17   0.14   0.43   0.34   0.65   0.88   0.87   0.31   0.93   0.82   0.50   0.58   0.77   0.69   0.36 
  0.54   0.90   0.50   0.31   0.55   0.56   0.38   0.32   0.82   0.19   0.84   0.67   0.25   0.59   0.24   0.21   0.45   0.57   0.56   0.55   0.33   0.78   0.45   0.88   0.55   0.17   0.99   0.92   0.30   0.66   0.49   0.65   0.87   0.92   0.45   0.52   0.60   0.41   0.89   0.21   0.24   0.88   0.53   0.92   0.33   0.35   0.50   0.79   0.80   0.25 
  0.44   0.71   0.90   0.62   0.94   0.31   0.54   0.58   0.32   0.81   0.96   0.93   0.74   0.11   0.49   0.40   0.55   0.41   0.85   0.12   0.14   0.32   0.27   0.40   0.35   0.22   0.64   0.84   0.73   0.45   0.52   0.85   0.23   0.46   0.36   0.96   0.92   0.77   0.12   0.84   0.77   0.20   0.21   0.52   0.86   0.48   0.44   0.40   0.43   0.94 
  0.72   0.31   0.78   0.17   0.57   0.80   0.33   0.77   0.15   0.34   0.13   0.21   0.29   0.84   0.23   0.32   0.22   0.71   0.13   0.77   0.62   0.97   0.60   0.84   0.81   0.34   0.30   0.41   0.28   0.67   0.43   0.61   0.15   0.78   0.94   0.15   0.63   0.52   0.65   0.10   0.49   0.26   0.94   0.27   0.48   0.74   0.89   0.47   0.75   0.19 
  0.45   0.63   0.69   0.90   0.11   0.28   0.10   0.11   0.49   0.49   0.77   0.11   0.66   0.70   0.77   0.20   0.53   0.36   0.75   0.83   0.12   0.57   0.68   0.72   0.40   0.66   0.51   0.67   0.36   0.28   0.77   0.25   0.18   0.54   0.54   0.50   0.32   0.29   0.98   0.80   0.99   0.28   0.22   0.60   0.65   0.90   0.13   0.59   0.82   0.35 
  0.90   0.86   0.96   0.22   0.89   0.37   0.72   0.31   0.86   0.48   0.97   0.50   0.82   0.91   0.32   0.91   0.70   0.17   0.98   0.96   0.31   0.69   0.99   0.16   0.47   0.87   0.14   0.17   0.70   0.65   0.19   0.72   0.23   0.64   0.28   0.38   0.13   0.87   0.19   0.14   0.81   0.49   0.87   0.42   0.35   0.86   0.34   0.93   0.26   0.50 
  0.58   0.49   0.59   0.81   0.57   0.16   0.46   0.72   0.71   0.19   0.76   0.73   0.57   0.19   0.60   0.31   0.84   0.22   0.46   0.45   0.89   0.57   0.26   0.18   0.46   0.48   0.85   0.47   0.89   0.60   0.78   0.46   0.77   0.67   0.92   0.32   0.15   0.10   0.69   0.59   0.51   0.11   0.45   0.36   0.11   0.75   0.24   0.94   0.84   0.52 
  0.97   0.48   0.92   0.45   0.43   0.68   0.72   0.89   0.95   0.48   0.95   0.53   0.16   0.25   0.37   0.79   0.95   0.27   0.56   0.77   0.90   0.20   0.40   0.83   0.89   0.70   0.36   0.91   0.39   0.20   0.98   0.56   0.34   0.58   0.33   0.81   0.45   0.79   0.43   0.80   0.24   0.35   0.17   0.25   0.65   0.21   0.97   0.44   0.74   0.14 
  0.75   0.46   0.88   0.21   0.30   0.98   0.39   0.63   0.37   0.37   0.14   0.80   0.16   0.63   0.15   0.49   0.62   0.85   0.59   0.48   0.64   0.80   0.90   0.77   0.73   0.41   0.58   0.38   0.41   0.74   0.28   0.24   0.98   0.61   0.15   0.69   0.67   0.60   0.63   0.26   0.88   0.20   0.50   0.59   0.36   0.41   0.64   0.68   0.85   0.37 
  0.51   0.93   0.28   0.18   0.66   0.44   0.50   0.63   0.64   0.68   0.19   0.17   0.91   0.70   0.10   0.36   0.75   0.48   0.22   0.67   0.65   0.80   0.99   0.45   0.52   0.99   0.57   0.87   0.57   0.45   0.77   0.57   0.67   0.57   0.62   0.37   0.34   0.19   0.73   0.51   0.26   0.25   0.65   0.17   0.38   0.83   0.78   0.46   0.89   0.31 
  0.34   0.24   0.53   0.81   0.40   0.97   0.91   0.22   0.42   0.61   0.52   0.48   0.51   0.89   0.15   0.89   0.23   0.37   0.70   0.74   0.56   0.89   0.61   0.13   0.59   0.84   0.30   0.33   0.82   0.74   0.30   0.70   0.66   0.36   0.38   0.97   0.29   0.71   0.73   0.44   0.13   0.42   0.37   0.62   0.72   0.99   0.54   0.51   0.25   0.41 
  0.65   0.59   0.61   0.20   0.57   0.33   0.76   0.93   0.72   0.23   0.16   0.83   0.60   0.40   0.50   0.62   0.65   0.62   0.51   0.72   0.33   0.18   0.86   0.46   0.23   0.36   0.98   0.26   0.26   0.78   0.71   0.14   0.18   0.96   0.87   0.75   0.50   0.73   0.73   0.33   0.84   0.47   0.61   0.74   0.72   0.56   0.99   0.45   0.44   0.63 
  0.43   0.15   0.88   0.14   0.86   0.46   0.88   0.87   0.26   0.44   0.87   0.63   0.86   0.44   0.18   0.24   0.73   0.29   0.96   0.94   0.68   0.69   0.78   0.42   0.44   0.71   0.43   0.65   0.22   0.46   0.56   0.37   0.81   0.60   0.61   0.83   0.67   0.11   0.69   0.42   0.68   0.13   0.69   0.74   0.31   0.37   0.86   0.98   0.22   0.73 
  0.80   0.46   0.47   0.88   0.39   0.80   0.42   0.70   0.60   0.64   0.38   0.85   0.42   0.27   0.10   0.67   0.98   0.70   0.88   0.55   0.89   0.27   0.30   0.69   0.31   0.44   0.98   0.24   0.94   0.26   0.27   0.87   0.56   0.66   0.26   0.82   0.30   0.45   0.64   0.72   0.80   0.96   0.98   0.69   0.19   0.81   0.32   0.59   0.76   0.56 
  0.48   0.36   0.84   0.71   0.16   0.44   0.74   0.30   0.69   0.31   0.44   0.62   0.20   0.71   0.64   0.75   0.83   0.37   0.87   0.35   0.58   0.34   0.41   0.41   0.44   0.45   0.98   0.37   0.32   0.71   0.25   0.23   0.74   0.54   0.90   0.11   0.84   0.39   0.71   0.55   0.63   0.35   0.84   0.75   0.50   0.42   0.44   0.61   0.28   0.57 
  0.38   0.85   0.74   0.58   0.61   0.71   0.62   0.32   0.37   0.25   0.20   0.16   0.34   0.81   0.48   0.13   0.41   0.21   0.43   0.70   0.71   0.78   0.23   0.78   0.69   0.23   0.88   0.14   0.29   0.72   0.24   0.36   0.48   0.32   0.97   0.33   0.11   0.14   0.34   0.29   0.41   0.43   0.56   0.23   0.40   0.33   0.36   0.32   0.24   0.54 
  0.62   0.17   0.46   0.11   0.26   0.70   0.98   0.16   0.69   0.48   0.75   0.47   0.86   0.33   0.98   0.55   0.32   0.69   0.62   0.85   0.54   0.12   0.62   0.66   0.23   0.18   0.36   0.58   0.43   0.76   0.15   0.51   0.21   0.98   0.37   0.74   0.63   0.85   0.93   0.65   0.18   0.52   0.82   0.66   0.82   0.29   0.73   0.51   0.25   0.26 
  0.52   0.92   0.95   0.59   0.41   0.63   0.54   0.26   0.37   0.84   0.39   0.75   0.39   0.61   0.83   0.35   0.76   0.14   0.47   0.46   0.63   0.85   0.85   0.69   0.32   0.37   0.24   0.64   0.78   0.35   0.96   0.21   0.21   0.32   0.21   0.62   0.15   0.69   0.84   0.79   0.65   0.56   0.43   0.52   0.36   0.86   0.52   0.88   0.44   0.14 
  0.23   0.25   0.51   0.24   0.10   0.14   0.24   0.44   0.21   0.74   0.16   0.68   0.52   0.12   0.53   0.36   0.82   0.52   0.90   0.68   0.58   0.50   0.63   0.87   0.53   0.30   0.60   0.68   0.41   0.88   0.71   0.53   0.38   0.66   0.98   0.54   0.86   0.21   0.16   0.64   0.58   0.34   0.24   0.55   0.35   0.77   0.34   0.70   0.68   0.96 
  0.41   0.23   0.50   0.70   0.97   0.40   0.59   0.28   0.58   0.78   0.13   0.75   0.60   0.60   0.11   0.72   0.33   0.34   0.13   0.74   0.96   0.17   0.30   0.70   0.16   0.80   0.17   0.66   0.19   0.97   0.98   0.77   0.65   0.39   0.81   0.88   0.49   0.58   0.98   0.90   0.95   0.82   0.24   0.44   0.65   0.89   0.27   0.27   0.31   0.90 
  0.79   0.15   0.23   0.40   0.37   0.84   0.74   0.12   0.34   0.66   0.66   0.58   0.63   0.38   0.85   0.12   0.89   0.66   0.31   0.13   0.59   0.24   0.83   0.93   0.23   0.28   0.21   0.94   0.11   0.39   0.40   0.70   0.17   0.66   0.54   0.20   0.52   0.21   0.49   0.55   0.18   0.33   0.74   0.86   0.19   0.90   0.27   0.77   0.68   0.53 
  0.70   0.74   0.94   0.67   0.56   0.82   0.20   0.42   0.49   0.46   0.96   0.58   0.77   0.13   0.98   0.19   0.33   0.10   0.16   0.49   0.73   0.40   0.27   0.16   0.51   0.96   0.25   0.56   0.48   0.27   0.43   0.34   0.12   0.15   0.75   0.12   0.11   0.36   0.27   0.45   0.93   0.75   0.77   0.74   0.32   0.72   0.45   0.97   0.45   0.68 
  0.54   0.67   0.38   0.84   0.88   0.76   0.49   0.64   0.80   0.95   0.57   0.83   0.39   0.97   0.54   0.19   0.49   0.38   0.82   0.88   0.44   0.61   0.75   0.21   0.82   0.53   0.29   0.20   0.59   0.51   0.63   0.44   0.62   0.17   0.17   0.91   0.60   0.47   0.16   0.71   0.55   0.57   0.13   0.93   0.11   0.77   0.78   0.37   0.62   0.35 
  0.29   0.91   0.77   0.90   0.52   0.61   0.51   0.58   0.73   0.61   0.22   0.13   0.96   0.42   0.20   0.78   0.62   0.99   0.68   0.69   0.19   0.78   0.86   0.17   0.81   0.55   0.91   0.94   0.17   0.48   0.13   0.79   0.64   0.67   0.22   0.29   0.46   0.85   0.89   0.76   0.40   0.23   0.52   0.85   0.19   0.52   0.20   0.93   0.51   0.73 
  0.73   0.55   0.75   0.90   0.81   0.95   0.90   0.25   0.93   0.88   0.97   0.14   0.85   0.98   0.90   0.93   0.92   0.29   0.81   0.75   0.68   0.66   0.99   0.70   0.27   0.48   0.95   0.38   0.67   0.33   0.14   0.28   0.95   0.72   0.16   0.34   0.11   0.40   0.56   0.29   0.77   0.91   0.17   0.88   0.85   0.32   0.41   0.50   0.49   0.12 
  0.71   0.84   0.38   0.40   0.16   0.37   0.12   0.30   0.47   0.98   0.96   0.60   0.89   0.19   0.70   0.43   0.93   0.81   0.71   0.85   0.56   0.87   0.65   0.93   0.50   0.29   0.82   0.66   0.84   0.23   0.36   0.28   0.82   0.24   0.51   0.78   0.42   0.73   0.15   0.14   0.27   0.21   0.70   0.45   0.69   0.77   0.39   0.65   0.56   0.10 
  0.96   0.46   0.92   0.59   0.27   0.14   0.58   0.67   0.53   0.43   0.53   0.17   0.35   0.92   0.67   0.71   0.32   0.56   0.86   0.25   0.56   0.75   0.58   0.29   0.97   0.74   0.92   0.15   0.35   0.29   0.93   0.83   0.56   0.85   0.43   0.52   0.73   0.59   0.46   0.47   0.84   0.29   0.97   0.59   0.96   0.16   0.19   0.89   0.96   0.17 
  0.14   0.43   0.31   0.56   0.23   0.46   0.97   0.63   0.23   0.63   0.97   0.75   0.16   0.60   0.72   0.65   0.85   0.51   0.57   0.34   0.46   0.33   0.95   0.49   0.15   0.13   0.49   0.49   0.55   0.34   0.26   0.90   0.82   0.88   0.63   0.65   0.39   0.79   0.52   0.84   0.69   0.41   0.52   0.79   0.90   0.21   0.39   0.11   0.70   0.74 
  0.15   0.49   0.43   0.87   0.81   0.12   0.68   0.91   0.59   0.23   0.40   0.66   0.37   0.95   0.45   0.78   0.58   0.38   0.57   0.81   0.44   0.97   0.27   0.85   0.15   0.22   0.85   0.52   0.90   0.12   0.46   0.60   0.94   0.23   0.15   0.35   0.24   0.14   0.26   0.51   0.25   0.69   0.95   0.48   0.22   0.59   0.16   0.64   0.73   0.86 
  0.63   0.20   0.34   0.71   0.85   0.68   0.19   0.65   0.41   0.11   0.25   0.26   0.41   0.86   0.41   0.59   0.52   0.63   0.62   0.73   0.34   0.88   0.96   0.11   0.87   0.98   0.29   0.15   0.48   0.67   0.51   0.53   0.47   0.82   0.67   0.34   0.91   0.40   0.41   0.92   0.37   0.25   0.34   0.71   0.45   0.69   0.94   0.16   0.39   0.77 
  0.51   0.70   0.99   0.82   0.67   0.82   0.86   0.53   0.72   0.32   0.44   0.67   0.12   0.92   0.50   0.20   0.99   0.88   0.74   0.30   0.91   0.96   0.48   0.94   0.10   0.79   0.39   0.83   0.25   0.49   0.87   0.27   0.79   0.27   0.82   0.46   0.23   0.97   0.89   0.64   0.37   0.81   0.31   0.24   0.87   0.81   0.83   0.13   0.84   0.59 
  0.85   0.79   0.81   0.28   0.88   0.34   0.37   0.50   0.75   0.32   0.34   0.47   0.59   0.54   0.64   0.20   0.22   0.24   0.13   0.94   0.19   0.29   0.81   0.72   0.38   0.35   0.42   0.23   0.19   0.40   0.48   0.28   0.10   0.39   0.83   0.85   0.51   0.49   0.22   0.91   0.93   0.25   0.64   0.11   0.17   0.74   0.63   0.87   0.63   0.48 
  0.11   0.59   0.57   0.85   0.28   0.69   0.39   0.67   0.27   0.32   0.77   0.52   0.15   0.28   0.24   0.44   0.94   0.54   0.90   0.51   0.68   0.82   0.23   0.26   0.77   0.73   0.62   0.67   0.38   0.71   0.40   0.54   0.34   0.67   0.13   0.71   0.20   0.98   0.58   0.10   0.64   0.93   0.79   0.24   0.33   0.86   0.36   0.85   0.13   0.15 
  0.97   0.10   0.11   0.45   0.97   0.34   0.83   0.65   0.44   0.51   0.17   0.36   0.63   0.75   0.56   0.70   0.14   0.15   0.74   0.14   0.28   0.37   0.44   0.90   0.62   0.43   0.32   0.66   0.13   0.13   0.11   0.27   0.18   0.99   0.52   0.27   0.42   0.36   0.89   0.25   0.22   0.88   0.51   0.93   0.48   0.27   0.70   0.33   0.15   0.87 
  0.89   0.58   0.29   0.52   0.92   0.14   0.74   0.57   0.39   0.13   0.41   0.48   0.11   0.26   0.63   0.92   0.27   0.87   0.63   0.65   0.76   0.75   0.23   0.25   0.78   0.28   0.58   0.49   0.11   0.51   0.76   0.79   0.24   0.88   0.39   0.50   0.17   0.19   0.66   0.43   0.73   0.90   0.72   0.26   0.90   0.70   0.34   0.47   0.85   0.21 
  0.50   0.68   0.51   0.64   0.21   0.53   0.74   0.58   0.27   0.60   0.70   0.63   0.54   0.35   0.31   0.44   0.41   0.95   0.51   0.13   0.47   0.53   0.58   0.80   0.15   0.28   0.90   0.67   0.35   0.55   0.65   0.37   0.86   0.42   0.46   0.50   0.15   0.68   0.21   0.37   0.23   0.23   0.89   0.55   0.82   0.20   0.14   0.43   0.81   0.20 
  0.66   0.29   0.73   0.86   0.98   0.65   0.73   0.18   0.14   0.71   0.48   0.50   0.75   0.76   0.26   0.64   0.47   0.35   0.56   0.24   0.29   0.45   0.43   0.53   0.41   0.52   0.30   0.57   0.48   0.65   0.40   0.86   0.47   0.67   0.45   0.37   0.14   0.86   0.50   0.80   0.68   0.46   0.40   0.66   0.26   0.67   0.77   0.68   0.67   0.59 
  0.35   0.73   0.96   0.10   0.11   0.71   0.98   0.60   0.25   0.86   0.36   0.27   0.28   0.94   0.68   0.31   0.19   0.88   0.51   0.34   0.28   0.41   0.41   0.98   0.62   0.92   0.31   0.43   0.83   0.45   0.12   0.79   0.40   0.22   0.49   0.76   0.50   0.51   0.97   0.39   0.23   0.12   0.23   0.82   0.18   0.75   0.56   0.47   0.98   0.50 
  0.96   0.60   0.49   0.35   0.71   0.70   0.61   0.13   0.52   0.92   0.16   0.96   0.47   0.38   0.55   0.11   0.95   0.87   0.24   0.49   0.32   0.46   0.88   0.26   0.11   0.36   0.72   0.55   0.71   0.45   0.11   0.73   0.58   0.51   0.13   0.35   0.33   0.41   0.67   0.98   0.87   0.92   0.82   0.18   0.46   0.17   0.80   0.71   0.49   0.97 
  0.31   0.63   0.81   0.90   0.54   0.68   0.13   0.76   0.69   0.80   0.50   0.30   0.60   0.73   0.58   0.27   0.26   0.49   0.72   0.62   0.13   0.27   0.84   0.23   0.35   0.58   0.35   0.47   0.15   0.90   0.29   0.11   0.35   0.69   0.49   0.81   0.59   0.91   0.58   0.84   0.59   0.78   0.92   0.54   0.73   0.89   0.30   0.84   0.90   0.31 
  0.65   0.85   0.80   0.44   0.37   0.73   0.61   0.74   0.67   0.84   0.51   0.90   0.68   0.60   0.71   0.30   0.16   0.23   0.76   0.83   0.58   0.87   0.26   0.14   0.19   0.96   0.21   0.23   0.57   0.47   0.74   0.64   0.92   0.59   0.15   0.16   0.40   0.20   0.14   0.10   0.88   0.73   0.81   0.52   0.10   0.12   0.34   0.56   0.66   0.30 
  0.86   0.31   0.58   0.55   0.77   0.84   0.69   0.83   0.58   0.96   0.34   0.17   0.19   0.11   0.70   0.25   0.50   0.90   0.48   0.83   0.76   0.80   0.21   0.68   0.91   0.66   0.23   0.88   0.43   0.33   0.27   0.46   0.84   0.98   0.10   0.39   0.62   0.14   0.56   0.54   0.89   0.77   0.80   0.96   0.57   0.76   0.40   0.99   0.79   0.12 
  0.33   0.18   0.30   0.52   0.39   0.69   0.31   0.25   0.74   0.87   0.75   0.26   0.76   0.74   0.75   0.42   0.73   0.35   0.42   0.33   0.92   0.32   0.33   0.21   0.38   0.68   0.34   0.28   0.66   0.41   0.79   0.28   0.24   0.82   0.21   0.98   0.61   0.12   0.88   0.36   0.22   0.59   0.34   0.92   0.69   0.34   0.55   0.62   0.56   0.26 
  0.90   0.49   0.69   0.92   0.81   0.15   0.40   0.49   0.70   0.50   0.82   0.22   0.27   0.43   0.69   0.46   0.86   0.40   0.27   0.30   0.97   0.37   0.89   0.22   0.72   0.91   0.78   0.10   0.23   0.38   0.75   0.70   0.96   0.20   0.27   0.13   0.94   0.27   0.42   0.44   0.30   0.66   0.39   0.76   0.85   0.14   0.64   0.12   0.12   0.58 
  0.85   0.82   0.27   0.23   0.22   0.15   0.96   0.62   0.66   0.74   0.13   0.18   0.94   0.21   0.47   0.42   0.68   0.84   0.50   0.39   0.77   0.22   0.25   0.35   0.36   0.15   0.14   0.97   0.93   0.18   0.85   0.42   0.94   0.99   0.82   0.30   0.56   0.39   0.36   0.98   0.31   0.94   0.86   0.90   0.44   0.67   0.72   0.74   0.34   0.61 
---
G_right: 50 49
  0.27   0.67   0.26   0.27   0.75   0.88   0.13   0.83   0.95   0.90   0.45   0.92   0.30   0.15   0.68   0.27   0.64   0.70   0.39   0.66   0.97   0.34   0.39   0.69   0.86   0.79   0.43   0.49   0.67   0.67   0.15   0.74   0.77   0.97   0.97   0.76   0.56   0.15   0.33   0.50   0.36   0.26   0.58   0.12   0.13   0.52   0.41   0.21   0.33 
  0.91   0.94   0.79   0.23   0.73   0.85   0.54   0.72   0.54   0.96   0.44   0.58   0.24   0.63   0.84   0.42   0.51   0.96   0.77   0.47   0.77   0.86   0.94   0.19   0.64   0.52   0.26   0.69   0.24   0.51   0.53   0.94   0.57   0.25   0.21   0.65   0.28   0.27   0.32   0.43   0.35   0.39   0.36   0.48   0.25   0.88   0.11   0.80   0.68 
  0.76   0.89   0.22   0.48   0.54   0.90   0.35   0.79   0.94   0.19   0.39   0.90   0.29   0.42   0.70   0.71   0.20   0.90   0.56   0.52   0.46   0.68   0.27   0.72   0.37   0.82   0.72   0.31   0.17   0.81   0.94   0.87   0.37   0.88   0.17   0.11   0.18   0.78   0.60   0.41   0.43   0.65   0.64   0.60   0.20   0.82   0.95   0.71   0.48 
  0.76   0.24   0.76   0.67   0.43   0.23   0.94   0.15   0.94   0.10   0.51   0.16   0.74   0.56   0.12   0.36   0.26   0.64   0.70   0.54   0.42   0.76   0.24   0.90   0.28   0.58   0.72   0.50   0.37   0.55   0.61   0.63   0.92   0.61   0.32   0.86   0.59   0.83   0.63   0.14   0.43   0.46   0.14   0.48   0.38   0.72   0.16   0.59   0.28 
  0.65   0.36   0.41   0.71   0.37   0.94   0.29   0.82   0.90   0.48   0.23   0.80   0.69   0.78   0.57   0.21   0.62   0.12   0.87   0.50   0.67   0.86   0.84   0.24   0.74   0.48   0.76   0.16   0.22   0.28   0.78   0.77   0.46   0.33   0.97   0.70   0.49   0.65   0.52   0.23   0.58   0.54   0.30   0.51   0.21   0.52   0.65   0.15   0.14 
  0.80   0.78   0.73   0.21   0.46   0.17   0.95   0.86   0.57   0.45   0.27   0.44   0.34   0.31   0.66   0.91   0.18   0.64   0.19   0.58   0.19   0.40   0.47   0.93   0.62   0.74   0.49   0.82   0.79   0.57   0.69   0.98   0.21   0.25   0.94   0.20   0.59   0.68   0.73   0.62   0.27   0.43   0.28   0.12   0.29   0.33   0.17   0.36   0.25 
  0.74   0.58   0.81   0.68   0.30   0.75   0.19   0.46   0.26   0.24   0.19   0.66   0.34   0.16   0.73   0.84   0.86   0.37   0.59   0.18   0.46   0.32   0.44   0.41   0.91   0.92   0.15   0.40   0.48   0.61   0.68   0.60   0.97   0.22   0.68   0.80   0.83   0.90   0.51   0.39   0.33   0.58   0.83   0.17   0.34   0.39   0.36   0.84   0.25 
  0.25   0.74   0.66   0.57   0.99   0.50   0.67   0.45   0.98   0.31   0.58   0.60   0.64   0.69   0.24   0.57   0.54   0.77   0.11   0.52   0.37   0.88   0.48   0.86   0.95   0.12   0.19   0.64   0.94   0.97   0.56   0.41   0.33   0.65   0.51   0.56   0.31   0.80   0.35   0.29   0.51   0.77   0.28   0.59   0.46   0.60   0.54   0.17   0.11 
  0.30   0.82   0.54   0.25   0.55   0.73   0.41   0.60   0.56   0.35   0.63   0.27   0.79   0.69   0.40   0.96   0.48   0.71   0.45   0.31   0.64   0.24   0.85   0.35   0.13   0.41   0.90   0.46   0.23   0.95   0.69   0.90   0.93   0.48   0.57   0.84   0.94   0.19   0.31   0.21   0.76   0.21   0.81   0.37   0.51   0.20   0.61   0.67   0.98 
  0.37   0.25   0.53   0.22   0.58   0.23   0.27   0.65   0.61   0.38   0.43   0.89   0.55   0.59   0.37   0.38   0.79   0.29   0.58   0.91   0.51   0.60   0.82   0.57   0.94   0.50   0.86   0.61   0.66   0.80   0.82   0.31   0.93   0.53   0.56   0.46   0.54   0.84   0.21   0.80   0.25   0.88   0.33   0.96   0.94   0.13   0.14   0.84   0.74 
  0.85   0.71   0.61   0.96   0.94   0.64   0.28   0.38   0.97   0.57   0.74   0.53   0.39   0.55   0.62   0.82   0.65   0.25   0.98   0.80   0.95   0.99   0.42   0.66   0.20   0.95   0.48   0.89   0.42   0.65   0.28   0.51   0.53   0.68   0.82   0.24   0.64   0.74   0.71   0.33   0.62   0.54   0.89   0.89   0.76   0.22   0.34   0.79   0.74 
  0.25   0.68   0.11   0.74   0.26   0.49   0.65   0.19   0.73   0.56   0.24   0.87   0.81   0.69   0.93   0.14   0.25   0.86   0.97   0.31   0.66   0.36   0.81   0.48   0.96   0.91   0.96   0.88   0.63   0.36   0.24   0.46   0.65   0.21   0.57   0.15   0.75   0.55   0.62   0.65   0.76   0.91   0.94   0.55   0.32   0.82   0.62   0.17   0.48 
  0.42   0.85   0.18   0.89   0.54   0.33   0.53   0.49   0.53   0.17   0.32   0.48   0.38   0.39   0.89   0.86   0.40   0.69   0.85   0.94   0.40   0.76   0.82   0.83   0.96   0.78   0.11   0.85   0.17   0.70   0.96   0.43   0.11   0.66   0.35   0.19   0.98   0.69   0.28   0.47   0.70   0.49   0.29   0.77   0.56   0.38   0.58   0.37   0.82 
  0.39   0.47   0.52   0.80   0.37   0.47   0.69   0.97   0.94   0.30   0.45   0.47   0.54   0.65   0.38   0.79   0.47   0.98   0.60   0.45   0.27   0.23   0.69   0.71   0.19   0.66   0.15   0.22   0.19   0.53   0.43   0.83   0.71   0.56   0.94   0.45   0.49   0.12   0.75   0.88   0.62   0.22   0.37   0.74   0.48   0.83   0.42   0.68   0.60 
  0.50   0.46   0.22   0.83   0.60   0.39   0.48   0.54   0.86   0.77   0.57   0.95   0.76   0.80   0.50   0.68   0.83   0.36   0.68   0.24   0.48   0.14   0.37   0.65   0.70   0.80   0.56   0.80   0.44   0.10   0.62   0.29   0.72   0.77   0.16   0.91   0.70   0.24   0.69   0.19   0.71   0.25   0.65   0.86   0.17   0.45   0.65   0.79   0.88 
  0.51   0.45   0.55   0.98   0.72   0.15   0.47   0.86   0.37   0.68   0.98   0.21   0.16   0.90   0.84   0.62   0.87   0.53   0.32   0.13   0.27   0.16   0.83   0.72   0.13   0.41   0.75   0.47   0.52   0.43   0.40   0.66   0.42   0.16   0.68   0.40   0.37   0.79   0.74   0.65   0.16   0.16   0.40   0.44   0.17   0.63   0.76   0.63   0.72 
  0.64   0.89   0.32   0.56   0.39   0.31   0.88   0.55   0.63   0.29   0.44   0.21   0.41   0.84   0.35   0.93   0.55   0.42   0.85   0.79   0.58   0.30   0.88   0.80   0.54   0.46   0.89   0.52   0.63   0.71   0.20   0.48   0.67   0.63   0.68   0.52   0.83   0.90   0.24   0.43   0.58   0.23   0.29   0.63   0.76   0.32   0.56   0.55   0.60 
  0.46   0.53   0.29   0.34   0.75   0.84   0.22   0.86   0.24   0.16   0.66   0.44   0.35   0.75   0.58   0.90   0.46   0.28   0.61   0.83   0.98   0.32   0.34   0.30   0.75   0.86   0.37   0.37   0.60   0.81   0.21   0.66   0.42   0.60   0.37   0.59   0.84   0.47   0.89   0.28   0.94   0.96   0.45   0.78   0.36   0.17   0.95   0.84   0.35 
  0.48   0.29   0.33   0.40   0.32   0.95   0.11   0.98   0.51   0.98   0.59   0.96   0.20   0.55   0.67   0.80   0.48   0.55   0.93   0.85   0.25   0.32   0.18   0.69   0.87   0.89   0.82   0.31   0.27   0.81   0.87   0.33   0.64   0.35   0.92   0.20   0.80   0.49   0.61   0.38   0.11   0.82   0.62   0.25   0.18   0.46   0.60   0.69   0.61 
  0.89   0.35   0.72   0.51   0.23   0.56   0.44   0.51   0.50   0.22   0.28   0.53   0.20   0.36   0.43   0.30   0.59   0.90   0.95   0.35   0.78   0.90   0.13   0.72   0.30   0.61   0.13   0.86   0.84   0.48   0.24   0.83   0.39   0.98   0.21   0.68   0.89   0.56   0.17   0.41   0.71   0.11   0.70   0.14   0.89   0.14   0.54   0.65   0.64 
  0.44   0.71   0.44   0.72   0.92   0.41   0.75   0.16   0.48   0.19   0.15   0.96   0.84   0.33   0.54   0.86   0.28   0.90   0.69   0.57   0.93   0.83   0.39   0.72   0.16   0.91   0.81   0.62   0.57   0.90   0.73   0.71   0.64   0.95   0.19   0.31   0.83   0.79   0.55   0.75   0.80   0.48   0.63   0.84   0.42   0.72   0.79   0.80   0.37 
  0.42   0.18   0.88   0.43   0.19   0.97   0.62   0.86   0.27   0.67   0.79   0.25   0.49   0.78   0.48   0.91   0.68   0.37   0.62   0.74   0.61   0.45   0.17   0.91   0.26   0.11   0.43   0.96   0.35   0.41   0.25   0.28   0.92   0.96   0.56   0.38   0.21   0.29   0.82   0.92   0.17   0.31   0.77   0.53   0.38   0.19   0.53   0.26   0.20 
  0.13   0.99   0.22   0.73   0.54   0.50   0.93   0.70   0.42   0.35   0.32   0.69   0.22   0.93   0.44   0.48   0.97   0.44   0.34   0.16   0.69   0.39   0.65   0.18   0.37   0.75   0.21   0.34   0.25   0.72   0.63   0.90   0.69   0.47   0.33   0.30   0.66   0.93   0.89   0.37   0.44   0.26   0.56   0.61   0.72   0.45   0.88   0.78   0.92 
  0.48   0.97   0.82   0.89   0.80   0.19   0.58   0.54   0.27   0.12   0.76   0.48   0.32   0.13   0.65   0.35   0.45   0.10   0.53   0.72   0.87   0.70   0.47   0.72   0.64   0.43   0.92   0.49   0.25   0.25   0.12   0.81   0.16   0.77   0.66   0.85   0.68   0.89   0.71   0.33   0.74   0.89   0.25   0.49   0.75   0.97   0.21   0.57   0.55 
  0.77   0.92   0.21   0.70   0.77   0.45   0.89   0.26   0.70   0.29   0.76   0.56   0.35   0.98   0.54   0.54   0.39   0.85   0.77   0.44   0.35   0.94   0.80   0.33   0.14   0.59   0.87   0.21   0.42   0.32   0.43   0.95   0.34   0.29   0.52   0.33   0.43   0.33   0.42   0.85   0.32   0.91   0.63   0.93   0.42   0.22   0.44   0.21   0.88 
  0.85   0.46   0.18   0.63   0.73   0.55   0.90   0.13   0.14   0.75   0.62   0.31   0.17   0.39   0.36   0.92   0.25   0.85   0.22   0.48   0.14   0.47   0.44   0.40   0.51   0.21   0.54   0.90   0.18   0.18   0.20   0.55   0.97   0.30   0.30   0.62   0.81   0.32   0.46   0.20   0.25   0.32   0.70   0.37   0.15   0.98   0.34   0.53   0.58 
  0.86   0.89   0.18   0.19   0.74   0.33   0.27   0.61   0.72   0.97   0.13   0.91   0.98   0.11   0.86   0.17   0.43   0.33   0.34   0.25   0.65   0.91   0.50   0.67   0.39   0.57   0.31   0.14   0.91   0.47   0.11   0.93   0.78   0.22   0.11   0.35   0.42   0.47   0.23   0.15   0.94   0.24   0.80   0.33   0.96   0.19   0.91   0.29   0.43 
  0.14   0.61   0.68   0.60   0.65   0.77   0.59   0.27   0.87   0.18   0.88   0.69   0.19   0.86   0.21   0.73   0.66   0.70   0.46   0.33   0.48   0.18   0.62   0.80   0.47   0.63   0.72   0.84   0.30   0.51   0.84   0.21   0.80   0.21   0.38   0.18   0.77   0.77   0.96   0.65   0.74   0.50   0.63   0.28   0.25   0.80   0.65   0.59   0.50 
  0.94   0.55   0.26   0.90   0.61   0.89   0.71   0.41   0.73   0.17   0.86   0.47   0.90   0.13   0.41   0.40   0.54   0.17   0.43   0.46   0.51   0.59   0.82   0.12   0.54   0.13   0.15   0.11   0.36   0.45   0.98   0.23   0.68   0.68   0.76   0.50   0.33   0.20   0.61   0.42   0.15   0.80   0.47   0.29   0.86   0.46   0.14   0.22   0.31 
  0.64   0.75   0.18   0.65   0.58   0.68   0.36   0.88   0.88   0.62   0.85   0.17   0.87   0.20   0.49   0.49   0.57   0.77   0.15   0.47   0.96   0.27   0.64   0.71   0.40   0.49   0.97   0.73   0.62   0.23   0.23   0.18   0.15   0.72   0.21   0.71   0.15   0.69   0.51   0.30   0.67   0.72   0.52   0.40   0.12   0.78   0.47   0.18   0.54 
  0.75   0.18   0.21   0.63   0.95   0.92   0.16   0.96   0.93   0.34   0.52   0.41   0.76   0.60   0.39   0.57   0.80   0.61   0.43   0.92   0.95   0.54   0.18   0.54   0.33   0.37   0.37   0.30   0.32   0.19   0.43   0.57   0.50   0.99   0.38   0.64   0.17   0.38   0.27   0.57   0.42   0.95   0.90   0.54   0.62   0.62   0.64   0.18   0.18 
  0.66   0.19   0.63   0.39   0.95   0.63   0.95   0.87   0.17   0.95   0.67   0.49   0.72   0.94   0.61   0.53   0.69   0.28   0.33   0.49   0.48   0.63   0.54   0.83   0.52   0.73   0.27   0.30   0.62   0.71   0.89   0.55   0.70   0.91   0.48   0.80   0.91   0.74   0.56   0.11   0.77   0.50   0.61   0.51   0.37   0.94   0.55   0.94   0.51 
  0.15   0.68   0.73   0.66   0.78   0.89   0.89   0.64   0.97   0.12   0.88   0.29   0.84   0.69   0.40   0.96   0.35   0.83   0.52   0.61   0.32   0.97   0.17   0.98   0.26   0.58   0.96   0.95   0.76   0.58   0.82   0.85   0.57   0.57   0.31   0.81   0.32   0.99   0.86   0.40   0.56   0.45   0.58   0.15   0.84   0.10   0.85   0.13   0.55 
  0.74   0.32   0.95   0.45   0.24   0.81   0.76   0.83   0.85   0.26   0.36   0.32   0.97   0.47   0.35   0.28   0.87   0.72   0.18   0.19   0.28   0.57   0.51   0.83   0.85   0.41   0.50   0.64   0.55   0.92   0.59   0.50   0.15   0.66   0.24   0.30   0.69   0.68   0.65   0.52   0.56   0.84   0.63   0.53   0.37   0.34   0.32   0.65   0.82 
  0.71   0.75   0.49   0.28   0.37   0.34   0.64   0.56   0.69   0.87   0.25   0.48   0.40   0.35   0.79   0.82   0.60   0.61   0.10   0.93   0.64   0.29   0.95   0.47   0.43   0.32   0.59   0.69   0.89   0.46   0.74   0.96   0.34   0.93   0.24   0.83   0.51   0.24   0.71   0.79   0.91   0.57   0.76   0.97   0.14   0.48   0.13   0.98   0.78 
  0.67   0.50   0.96   0.94   0.52   0.43   0.75   0.38   0.50   0.86   0.19   0.95   0.35   0.91   0.84   0.42   0.60   0.85   0.84   0.22   0.49   0.43   0.76   0.68   0.37   0.98   0.52   0.65   0.37   0.88   0.58   0.93   0.33   0.98   0.70   0.25   0.46   0.11   0.31   0.21   0.16   0.61   0.31   0.55   0.12   0.40   0.15   0.84   0.69 
  0.81   0.97   0.69   0.77   0.52   0.44   0.65   0.49   0.19   0.72   0.71   0.35   0.46   0.43   0.97   0.82   0.72   0.72   0.83   0.16   0.58   0.39   0.86   0.51   0.53   0.74   0.36   0.38   0.25   0.39   0.98   0.82   0.21   0.92   0.82   0.32   0.57   0.81   0.77   0.40   0.94   0.15   0.60   0.53   0.86   0.30   0.17   0.76   0.37 
  0.53   0.20   0.46   0.11   0.42   0.72   0.33   0.90   0.76   0.47   0.79   0.83   0.73   0.24   0.73   0.25   0.61   0.31   0.16   0.88   0.37   0.88   0.27   0.34   0.90   0.25   0.58   0.13   0.20   0.69   0.16   0.72   0.45   0.60   0.73   0.43   0.99   0.79   0.63   0.11   0.40   0.14   0.20   0.23   0.24   0.95   0.54   0.13   0.17 
  0.50   0.35   0.13   0.18   0.45   0.44   0.76   0.35   0.15   0.60   0.31   0.41   0.19   0.45   0.82   0.60   0.86   0.37   0.68   0.21   0.91   0.95   0.27   0.11   0.94   0.61   0.63   0.22   0.33   0.83   0.74   0.50   0.35   0.50   0.54   0.85   0.67   0.72   0.44   0.46   0.54   0.87   0.39   0.56   0.91   0.91   0.79   0.73   0.95 
  0.49   0.23   0.48   0.56   0.61   0.31   0.91   0.64   0.23   0.25   0.60   0.69   0.38   0.59   0.85   0.58   0.86   0.47   0.38   0.28   0.19   0.49   0.76   0.55   0.79   0.54   0.15   0.75   0.22   0.51   0.33   0.65   0.51   0.33   0.69   0.45   0.11   0.11   0.14   0.55   0.30   0.11   0.33   0.67   0.33   0.31   0.25   0.98   0.15 
  0.79   0.60   0.82   0.72   0.57   0.75   0.53   0.85   0.90   0.31   0.62   0.88   0.81   0.69   0.56   0.48   0.29   0.85   0.96   0.60   0.11   0.19   0.61   0.42   0.27   0.23   0.25   0.76   0.49   0.39   0.42   0.44   0.14   0.12   0.53   0.50   0.27   0.97   0.95   0.14   0.18   0.38   0.25   0.23   0.40   0.43   0.19   0.15   0.94 
  0.35   0.42   0.98   0.88   0.47   0.17   0.61   0.33   0.55   0.39   0.20   0.50   0.25   0.38   0.22   0.84   0.94   0.12   0.49   0.83   0.34   0.10   0.24   0.28   0.96   0.65   0.20   0.54   0.67   0.90   0.26   0.50   0.62   0.55   0.27   0.82   0.61   0.12   0.47   0.89   0.32   0.31   0.24   0.84   0.25   0.59   0.38   0.67   0.69 
  0.19   0.38   0.70   0.97   0.86   0.17   0.46   0.26   0.39   0.33   0.82   0.93   0.63   0.58   0.29   0.52   0.45   0.82   0.43   0.38   0.14   0.56   0.70   0.16   0.20   0.24   0.88   0.50   0.12   0.76   0.68   0.33   0.37   0.16   0.47   0.23   0.66   0.15   0.60   0.48   0.59   0.90   0.60   0.84   0.71   0.95   0.45   0.65   0.74 
  0.94   0.61   0.70   0.73   0.89   0.34   0.86   0.59   0.98   0.77   0.73   0.59   0.56   0.71   0.66   0.49   0.20   0.34   0.91   0.65   0.90   0.38   0.68   0.88   0.30   0.21   0.93   0.47   0.50   0.34   0.69   0.96   0.78   0.43   0.44   0.89   0.54   0.39   0.91   0.65   0.70   0.29   0.63   0.84   0.98   0.59   0.72   0.86   0.53 
  0.47   0.78   0.18   0.60   0.30   0.51   0.21   0.27   0.41   0.27   0.75   0.90   0.41   0.61   0.81   0.26   0.19   0.77   0.34   0.18   0.98   0.66   0.84   0.64   0.71   0.95   0.42   0.96   0.88   0.57   0.52   0.71   0.20   0.50   0.53   0.68   0.83   0.17   0.82   0.86   0.99   0.39   0.76   0.82   0.84   0.81   0.95   0.45   0.35 
  0.89   0.39   0.21   0.50   0.64   0.98   0.41   0.93   0.29   0.86   0.98   0.56   0.62   0.89   0.41   0.45   0.46   0.73   0.50   0.68   0.32   0.89   0.11   0.81   0.87   0.82   0.35   0.45   0.23   0.57   0.83   0.76   0.84   0.19   0.76   0.97   0.92   0.23   0.23   0.39   0.57   0.56   0.31   0.49   0.24   0.12   0.35   0.66   0.16 
  0.66   0.40   0.25   0.83   0.32   0.49   0.24   0.70   0.44   0.54   0.42   0.11   0.53   0.43   0.59   0.51   0.35   0.56   0.22   0.41   0.54   0.14   0.32   0.94   0.11   0.67   0.65   0.34   0.76   0.97   0.34   0.30   0.64   0.65   0.87   0.77   0.93   0.76   0.70   0.23   0.43   0.91   0.91   0.77   0.91   0.70   0.45   0.93   0.68 
  0.15   0.65   0.45   0.33   0.25   0.47   0.37   0.57   0.73   0.82   0.76   0.97   0.25   0.35   0.51   0.72   0.16   0.78   0.89   0.87   0.56   0.29   0.44   0.55   0.35   0.35   0.72   0.78   0.61   0.76   0.96   0.68   0.83   0.80   0.92   0.47   0.13   0.54   0.61   0.60   0.85   0.66   0.56   0.91   0.94   0.84   0.35   0.31   0.96 
  0.21   0.14   0.70   0.84   0.42   0.82   0.88   0.73   0.20   0.57   0.42   0.64   0.94   0.55   0.13   0.28   0.12   0.24   0.33   0.38   0.42   0.53   0.26   0.69   0.83   0.58   0.89   0.15   0.96   0.38   0.55   0.39   0.48   0.48   0.29   0.58   0.67   0.79   0.88   0.68   0.35   0.61   0.83   0.49   0.36   0.62   0.43   0.92   0.36 
  0.14   0.88   0.45   0.32   0.58   0.75   0.23   0.47   0.85   0.79   0.68   0.95   0.46   0.38   0.51   0.73   0.29   0.62   0.66   0.96   0.26   0.93   0.63   0.63   0.44   0.31   0.15   0.96   0.28   0.94   0.65   0.85   0.61   0.85   0.62   0.20   0.35   0.54   0.22   0.37   0.40   0.15   0.27   0.19   0.41   0.49   0.95   0.48   0.46 
---
G_diag: 49 49
  2.94   3.48   6.88   6.54   9.14   8.44   6.62   2.79   6.00   6.74   2.83   2.60   8.62   6.62   9.52   7.71   9.83   8.16   6.61   5.54   3.98   7.83   3.85   8.72   4.68   9.74   3.52   6.66   8.49   5.71   5.73   4.27   2.30   8.86   3.64   3.85   4.49   3.07   3.42   8.30   2.44   2.10   6.26   3.11   9.34   4.63   4.79   3.03   8.18 
  3.20   6.85   4.86   4.24   4.48   2.38   3.10   4.67   9.82   5.25   3.22   7.70   4.56   9.57   3.60   8.97   6.21   6.07   3.24   3.57   6.04   6.49   5.58   8.12   2.83   7.43   6.75   6.07   9.82   7.40   5.93   3.64   3.07   8.20   3.92   5.50   4.12   3.05   4.43   8.41   5.07   4.61   8.13   6.92   7.60   2.49   7.56   5.03   3.48 
  5.78   4.01   4.67   7.14   4.04   6.10   2.89   5.08   4.49   7.73   7.69   6.18   8.84   9.42   2.66   7.99   3.58   8.42   7.11   9.40   8.64   2.80   6.23   9.63   4.81   2.98   6.55   8.51   5.05   4.41   2.35   7.61   3.38   5.39   6.22   4.24   9.25   3.27   7.79   5.65   7.01   2.71   5.82   3.76   7.02   2.76   5.35   6.17   3.26 
  7.30   3.28   5.04   6.83   4.10   7.41   6.22   5.76   4.54   5.36   3.31   6.18   2.93   3.40   6.04   2.63   7.36   7.83   7.30   7.75   6.88   5.29   2.93   4.95   7.63   8.44   9.00   5.52   5.08   8.91   4.98   7.56   3.58   7.10   5.75   2.93   8.40   3.28   8.38   9.41   4.26   3.59   6.86   8.80   5.20   9.71   4.66   5.03   3.61 
  4.76   9.11   3.67   7.88   8.28   6.65   6.83   7.76   4.36   6.95   2.78   5.72   2.90   4.13   3.05   8.98   2.14   3.26   7.18   3.73   9.02   3.76   5.03   3.35   7.33   7.99   3.06   4.86   7.98   4.11   9.58   5.96   5.35   7.97   6.83   8.45   9.05   2.33   4.81   7.67   8.88   3.18   3.28   6.58   4.75   2.13   7.74   8.19   5.88 
  7.77   4.53   4.96   5.54   4.34   6.17   5.20   9.71   3.24   5.63   9.50   6.09   8.79   5.42   6.55   6.50   4.79   7.86   3.65   3.96   6.57   2.62   6.61   8.21   6.68   9.85   2.19   2.68   9.01   3.01   6.38   9.06   8.50   4.20   7.55   6.99   3.07   7.33   3.02   4.22   3.05   6.14   2.84   3.80   7.06   3.21   6.06   6.24   6.17 
  4.37   8.62   8.52   6.49   3.06   6.10   9.32   5.20   7.19   6.31   5.39   5.26   9.56   6.95   5.12   4.38   5.34   6.42   7.56   6.97   7.57   5.55   6.94   5.22   9.70   5.04   7.58   8.44   4.17   4.20   6.07   6.02   5.65   6.42   4.51   6.80   4.11   9.45   2.75   9.80   3.00   7.57   7.22   3.58   5.79   3.97   6.24   7.83   9.61 
  5.33   7.28   4.64   4.66   6.71   9.59   8.81   2.20   6.82   6.61   2.55   5.53   6.56   9.63   9.21   8.31   6.06   7.06   9.79   8.51   6.07   2.42   7.86   9.13   3.53   4.98   9.07   3.29   8.43   5.37   4.79   5.49   2.25   8.80   6.65   5.85   8.93   4.59   8.82   4.29   6.80   3.40   6.75   7.08   6.87   4.06   6.00   6.12   7.75 
  3.39   6.18   6.91   7.98   5.83   6.97   7.17   3.85   3.30   8.55   7.20   8.56   2.54   2.48   9.39   6.91   2.20   4.30   4.03   4.29   5.13   4.91   7.39   3.36   8.59   9.46   8.22   9.48   2.99   3.71   4.58   4.79   3.32   5.23   9.44   5.25   8.97   3.29   7.52   8.66   9.02   2.34   8.45   8.84   6.55   7.89   3.93   9.79   3.34 
  3.14   6.52   7.75   6.97   3.99   9.21   9.79   2.22   3.27   7.48   5.04   7.29   4.16   9.57   9.09   2.85   2.66   5.35   8.43   6.42   6.91   6.60   9.36   3.24   2.96   6.83   8.05   8.58   8.98   5.71   5.56   2.35   2.91   5.37   4.92   5.27   4.68   7.41   3.01   7.09   4.82   6.21   5.62   6.89   3.56   6.43   9.71   2.21   3.49 
  9.76   6.38   9.61   9.17   9.13   9.37   9.43   5.83   9.23   3.58   2.92   3.29   8.61   8.32   5.56   3.45   6.16   9.23   5.14   9.04   7.50   7.95   7.44   4.33   6.27   7.93   5.97   6.32   9.74   6.31   4.83   5.49   9.10   7.88   6.54   6.17   3.80   3.98   2.90   7.63   9.57   9.31   6.36   5.69   8.11   2.60   2.72   8.05   9.34 
  5.73   2.54   8.56   4.50   4.50   6.20   3.01   7.05   7.38   2.17   2.31   9.69   6.11   3.80   3.89   2.78   2.39   8.65   6.95   9.81   4.76   9.40   5.04   5.78   9.69   7.02   5.54   2.72   8.71   8.33   2.58   4.95   7.52   3.53   6.66   4.44   5.35   3.50   5.80   4.44   6.64   6.77   7.52   6.85   8.18   8.99   7.88   6.18   6.98 
  7.66   5.08   5.13   7.08   2.93   6.38   9.43   2.78   9.12   7.87   6.83   6.68   7.88   4.05   5.73   4.80   5.91   7.83   3.07   4.57   4.27   5.30   7.80   6.02   5.50   2.57   2.90   4.89   7.15   3.72   7.89   5.47   6.02   9.53   4.12   4.24   4.86   3.71   8.73   2.44   9.01   9.04   6.63   9.30   2.11   5.91   4.93   4.06   8.11 
  8.73   2.87   4.17   2.85   5.23   3.63   5.72   4.17   8.59   3.13   9.38   4.10   3.42   2.42   2.76   2.28   4.67   9.53   9.55   3.88   6.42   3.15   7.48   6.49   9.51   2.66   6.98   5.74   2.77   3.25   4.70   9.03   8.77   4.87   7.03   3.27   5.88   7.55   6.16   2.92   8.72   6.06   7.79   5.59   7.16   5.87   2.50   2.46   4.79 
  8.35   6.54   9.16   5.95   9.77   4.58   6.46   5.33   2.87   3.58   9.85   6.40   7.90   7.87   8.54   7.82   9.64   6.23   5.84   2.98   6.81   6.11   2.52   6.18   4.05   9.57   8.29   5.74   6.68   9.60   2.74   4.05   7.06   7.62   2.74   9.77   2.66   7.67   9.41   4.65   2.76   8.34   5.35   7.43   5.12   6.97   2.29   5.02   3.74 
  3.35   9.15   2.50   4.26   6.69   2.14   4.31   9.81   3.44   6.12   9.46   2.77   7.23   4.07   2.71   8.43   8.09   8.49   8.09   3.77   7.42   6.15   4.85   3.02   5.46   6.84   7.03   6.34   9.90   6.13   6.00   3.85   9.26   4.97   5.89   8.09   2.10   2.19   7.47   4.24   8.92   2.23   7.35   6.14   4.33   4.32   8.60   6.37   6.45 
  7.89   2.54   7.54   6.50   8.88   3.45   2.58   5.74   6.74   6.46   4.08   2.52   8.13   7.75   7.84   2.20   5.00   8.56   7.13   7.12   3.56   2.75   7.16   2.92   8.52   2.54   6.47   6.36   3.84   5.17   6.88   8.09   5.41   5.36   5.02   7.56   3.58   8.64   5.06   2.29   2.76   5.39   2.48   4.17   7.79   4.01   4.45   6.48   9.61 
  9.34   5.75   9.33   9.61   5.70   7.21   2.70   2.27   4.00   3.84   3.49   7.11   4.85   7.62   8.51   2.42   3.55   7.46   5.12   4.91   5.75   6.01   4.33   5.67   2.12   9.24   5.42   8.09   5.84   6.76   7.10   7.17   5.92   7.36   4.35   3.94   2.73   5.86   5.29   4.06   5.49   5.52   9.86   5.02   6.79   7.97   5.99   8.97   5.13 
  4.47   3.17   5.20   3.27   4.28   8.60   4.60   3.90   6.88   4.70   4.91   4.29   2.64   4.94   5.98   8.09   3.56   3.30   2.43   7.63   5.54   7.51   6.86   4.75   9.37   6.11   6.84   8.12   5.73   9.55   5.86   2.88   9.60   2.80   2.28   5.12   5.34   9.88   7.05   9.35   2.54   3.71   6.58   2.52   9.11   9.71   5.53   4.41   9.63 
  5.17   8.64   9.61   8.86   9.83   2.16   5.56   2.82   4.02   2.85   6.70   7.56   4.33   5.42   3.55   2.33   7.12   6.36   7.73   2.26   8.00   8.36   2.26   5.66   8.83   8.47   5.34   4.43   5.29   6.69   5.80   6.24   3.86   7.09   4.28   9.68   9.73   3.71   9.30   7.63   4.95   3.77   9.44   6.21   3.96   8.78   5.43   7.76   7.89 
  3.59   9.89   6.83   8.30   3.77   4.13   3.75   4.00   2.73   7.49   3.13   6.74   7.93   4.82   8.85   3.73   2.14   4.72   9.74   8.82   4.21   5.97   5.58   6.26   5.59   2.70   6.45   5.19   5.55   8.30   6.79   6.85   3.75   6.26   4.36   5.89   6.73   3.70   7.44   2.16   9.89   8.33   5.45   3.41   6.35   5.92   9.37   5.87   5.39 
  9.78   4.58   3.99   3.50   3.91   7.95   9.54   5.40   9.17   7.75   9.25   4.73   2.60   3.70   8.17   6.72   8.04   3.89   9.37   9.78   2.37   6.78   7.41   3.83   6.55   4.56   9.54   5.58   2.51   7.78   8.52   8.31   9.43   2.30   2.47   7.09   5.14   2.53   7.35   7.68   9.30   6.15   5.49   5.28   6.24   3.82   5.50   9.52   3.93 
  9.21   4.31   2.52   6.60   4.06   7.78   5.23   2.65   8.39   5.16   5.14   2.54   8.40   6.24   9.68   5.68   6.28   6.50   6.98   8.29   6.09   6.47   4.86   4.08   5.98   3.75   6.98   3.46   9.42   3.38   8.35   4.60   5.77   5.94   5.75   3.28   4.91   4.67   9.85   5.54   8.66   8.68   7.84   9.73   3.85   6.81   6.79   6.83   5.05 
  5.78   5.06   5.24   8.16   8.06   4.78   6.28   3.39   8.46   7.74   9.69   3.45   9.32   5.83   3.71   4.21   9.06   8.02   7.81   3.81   5.60   5.72   9.40   5.31   6.07   3.21   7.77   3.93   9.04   8.96   5.92   6.32   6.76   2.18   3.69   9.02   5.38   5.35   7.98   9.51   9.71   2.82   9.89   2.54   2.38   4.71   9.17   7.86   3.15 
  4.76   8.78   5.06   9.47   2.11   4.93   9.84   7.74   9.79   6.75   3.18   8.16   3.37   8.98   7.23   7.08   2.44   9.58   4.02   5.86   3.91   7.73   3.94   8.20   3.70   4.28   4.23   8.35   4.48   3.83   2.21   7.40   3.39   8.87   9.72   7.28   6.71   3.64   9.23   2.81   2.70   9.33   2.77   4.05   3.57   2.96   7.37   6.30   9.72 
  8.61   4.91   8.01   2.38   9.04   9.88   9.00   9.10   5.38   2.17   5.62   8.76   3.76   7.09   7.33   7.95   9.83   8.73   6.90   6.65   3.67   8.74   5.54   8.94   4.03   5.21   3.47   3.91   2.58   6.28   9.05   5.42   4.89   3.91   4.43   6.14   5.87   6.24   4.87   4.44   3.47   4.54   4.15   3.22   2.68   3.62   5.57   6.99   5.84 
  6.81   4.18   6.62   7.47   6.24   9.70   9.67   2.21   7.71   9.69   7.89   9.78   9.45   2.98   4.01   3.53   8.05   8.60   7.21   5.28   9.68   6.86   4.29   8.31   3.78   2.92   7.41   2.97   3.01   9.21   5.64   2.62   9.04   2.24   2.47   5.54   7.49   6.60   8.63   7.06   9.49   4.79   2.20   7.33   6.42   7.13   5.19   2.14   3.74 
  9.62   7.97   5.32   6.32   6.37   8.76   5.26   7.01   9.67   8.64   5.77   7.78   5.91   2.64   2.11   7.03   7.83   7.77   4.46   9.21   2.82   3.18   4.19   5.97   3.82   9.82   7.97   8.60   9.89   9.12   9.01   6.19   8.37   2.30   5.82   2.21   9.05   8.99   9.15   3.51   3.13   5.53   9.60   4.74   2.20   9.00   8.65   9.88   5.70 
  5.63   6.11   9.26   5.66   7.43   6.24   4.73   2.57   7.71   5.18   9.52   4.11   6.12   8.45   5.24   4.70   8.01   3.23   2.98   6.26   6.82   8.09   9.88   4.56   2.18   2.31   8.34   3.04   5.55   6.68   7.33   5.78   4.40   7.91   4.38   3.33   9.22   6.84   3.23   2.44   8.32   8.35   2.92   4.16   8.46   3.10   3.63   6.34   3.87 
  7.11   6.54   6.81   5.04   4.00   3.87   8.51   8.36   7.54   2.99   9.05   5.21   4.43   6.75   9.08   7.07   6.45   2.90   6.26   7.71   5.18   6.35   8.54   8.31   3.04   6.20   4.24   2.78   9.74   4.79   8.19   6.36   5.09   3.51   7.16   7.35   4.73   9.85   7.20   8.27   9.47   7.98   6.77   8.67   3.70   7.95   8.37   7.75   6.69 
  7.04   5.08   5.74   9.54   4.80   9.71   2.30   9.28   5.52   4.51   4.99   7.98   8.75   7.02   3.56   2.24   2.28   8.54   5.38   2.18   6.93   2.46   3.95   7.06   7.99   7.48   4.74   4.80   7.25   8.08   3.64   9.51   3.36   5.86   8.33   8.80   5.62   3.86   9.50   5.44   3.18   2.19   9.18   6.47   3.48   9.68   7.08   4.30   5.63 
  6.49   3.00   9.80   2.36   6.68   8.71   8.33   2.81   6.90   8.03   6.44   4.96   8.11   4.44   5.82   6.36   2.36   8.90   8.58   9.70   2.64   9.68   2.37   5.63   8.46   3.06   3.77   7.28   7.67   8.74   8.22   7.90   6.18   3.40   8.69   6.56   8.74   4.06   2.60   4.89   7.21   8.18   9.47   7.62   6.31   2.14   3.00   3.85   3.24 
  6.50   8.75   7.43   4.72   6.44   5.38   7.75   3.86   3.17   7.60   7.51   9.05   6.80   3.28   8.96   8.15   6.64   3.44   6.04   9.79   4.79   8.88   8.53   2.65   4.76   4.14   8.18   6.87   4.69   8.55   8.37   9.81   3.90   8.13   2.30   6.87   4.64   9.69   3.50   5.99   8.88   7.47   8.67   5.18   3.62   7.73   5.41   8.56   6.70 
  5.65   4.21   2.87   6.87   9.49   2.88   4.11   2.36   7.11   9.07   8.12   7.08   9.62   2.88   4.55   4.42   7.21   4.37   8.07   2.28   3.24   6.02   3.37   7.54   8.29   2.38   4.02   8.19   9.51   4.17   9.37   3.73   4.35   7.50   7.62   9.12   9.43   3.70   8.61   6.32   7.59   8.03   5.98   4.42   9.29   9.18   6.53   4.51   7.06 
  2.33   5.34   4.52   4.92   5.22   3.42   6.27   5.53   6.13   5.19   7.15   4.22   6.72   7.19   8.94   7.92   7.71   8.93   4.35   5.35   9.28   7.93   6.34   9.47   5.80   4.06   7.18   6.32   8.46   9.86   2.84   3.44   2.45   5.08   5.72   7.86   4.43   7.94   4.08   3.63   7.07   8.09   7.34   2.42   4.45   5.83   2.52   4.35   5.54 
  3.74   5.29   5.88   4.95   8.71   7.55   8.82   6.66   8.13   4.85   8.72   2.16   5.52   5.04   4.45   4.69   2.43   9.02   4.39   4.84   2.97   4.16   6.44   9.81   2.13   6.89   9.76   5.76   7.44   7.32   5.04   5.16   8.45   2.73   7.08   8.58   6.16   3.42   5.98   9.19   8.77   5.09   7.56   2.34   2.53   3.43   7.07   5.90   8.86 
  6.87   7.92   4.55   4.54   4.12   2.64   9.29   4.13   9.12   4.56   2.83   2.44   5.70   2.97   3.43   8.13   7.46   2.86   7.34   9.48   9.83   7.53   9.80   5.13   5.98   5.37   7.46   9.69   3.38   5.14   5.05   7.16   9.53   7.39   7.24   8.79   4.61   4.65   7.77   9.37   7.77   3.45   8.93   4.40   4.56   3.21   6.64   4.11   5.29 
  9.52   6.08   7.22   4.09   7.02   9.19   8.44   9.73   3.94   7.78   3.40   2.46   4.44   3.61   8.52   8.20   6.98   6.23   4.96   9.00   4.03   5.71   6.03   7.89   2.56   2.49   2.89   7.26   7.77   8.20   6.65   6.26   8.68   3.54   9.79   4.86   3.83   3.80   5.89   3.28   2.67   8.41   3.55   7.49   4.17   5.55   6.01   7.36   2.16 
  7.26   8.76   4.51   3.77   8.26   7.08   5.01   5.00   7.47   9.30   2.94   6.12   3.99   2.70   2.56   5.34   4.33   6.43   9.01   4.92   3.47   6.76   8.95   4.90   4.18   2.98   6.82   8.74   2.79   4.01   5.94   5.76   4.59   5.33   3.61   4.24   8.00   8.46   4.67   2.27   8.48   6.23   3.12   9.64   5.02   6.86   8.28   6.79   5.42 
  4.35   7.87   5.80   9.80   2.24   7.20   5.85   7.28   9.05   7.46   6.32   4.09   9.84   2.85   6.05   2.54   2.73   8.81   9.22   4.42   9.79   7.36   4.85   2.68   9.34   7.87   3.52   5.38   5.41   3.11   9.35   6.40   6.23   3.02   2.25   8.00   8.19   2.34   2.74   3.53   6.22   6.10   2.38   6.62   4.60   4.34   6.76   6.10   3.71 
  8.00   9.78   6.54   7.06   3.02   7.74   5.74   9.36   2.13   5.66   3.54   3.54   3.51   2.98   6.11   7.32   7.64   7.63   2.74   7.31   8.11   2.28   2.12   4.30   6.26   4.20   3.82   3.09   4.70   4.46   7.60   9.23   7.19   5.16   3.49   3.95   3.96   4.27   2.60   5.85   7.06   8.44   8.41   2.31   9.35   2.53   3.59   8.60   8.01 
  3.22   6.72   6.44   2.19   7.90   4.20   8.03   4.48   8.77   5.58   7.72   5.46   5.45   2.72   7.89   5.57   7.27   5.32   7.28   6.15   3.18   6.60   3.81   4.51   3.81   9.86   2.39   9.34   6.60   9.59   6.62   5.20   9.81   2.29   4.24   3.75   5.84   7.54   6.86   8.84   7.59   2.24   5.26   2.85   8.84   8.40   3.83   9.41   3.08 
  7.34   5.57   7.36   9.84   2.76   2.46   9.09   9.35   4.57   9.54   8.33   8.37   8.17   3.95   3.93   8.54   6.19   9.41   3.36   2.74   6.17   5.06   9.34   5.22   8.05   3.00   9.67   5.23   2.52   2.67   7.58   8.29   7.62   3.13   7.18   2.78   5.27   7.57   5.69   3.94   7.57   7.40   8.36   3.85   6.69   5.98   7.19   3.80   2.10 
  8.92   3.40   2.10   5.62   6.30   5.86   8.23   8.48   5.14   9.17   8.93   9.57   6.37   7.28   4.74   4.84   5.07   5.79   6.43   8.62   8.01   8.80   6.57   6.90   2.46   5.46   9.03   6.37   5.68   7.18   5.07   9.31   5.39   3.70   4.47   8.68   5.66   8.42   5.97   4.03   7.17   4.31   5.79   9.09   4.84   8.60   6.58   8.78   5.62 
  8.63   8.39   7.31   4.37   8.41   6.73   8.48   2.40   7.00   5.35   3.93   7.98   8.87   9.61   2.61   2.59   3.36   6.47   6.81   8.60   5.36   7.05   4.43   8.04   6.02   4.22   7.45   9.41   4.97   4.60   5.72   7.45   7.43   7.42   4.09   8.16   9.11   2.93   4.69   2.79   5.27   4.97   8.02   9.26   7.88   5.14   2.34   7.16   4.60 
  4.38   4.92   4.99   2.71   7.56   4.63   5.31   3.67   7.14   4.77   3.61   8.84   6.92   5.79   8.25   9.82   5.11   5.22   9.27   9.25   5.25   6.47   8.61   5.90   3.80   6.28   3.41   3.96   8.73   8.37   8.84   9.77   7.19   9.79   4.46   9.20   9.05   4.98   9.65   4.07   7.43   2.74   7.90   5.46   8.73   4.90   7.32   8.42   6.22 
  3.28   5.80   3.10   4.88   2.98   4.28   9.19   3.21   5.97   8.02   2.59   6.93   5.93   8.98   9.05   5.49   8.56   9.61   2.28   8.06   6.74   6.03   9.17   8.27   2.34   9.41   2.65   4.62   3.71   6.95   6.50   2.33   2.19   2.63   4.87   6.96   7.49   9.03   3.61   9.57   4.28   4.33   3.57   9.90   2.32   4.44   7.14   4.13   4.89 
  4.07   3.74   4.92   4.64   3.18   5.38   3.28   4.34   2.41   7.30   3.88   9.29   9.13   7.58   8.83   3.98   9.75   7.55   6.26   4.20   2.26   8.11   9.39   3.95   6.70   9.43   2.51   6.21   4.34   2.11   4.30   7.89   6.51   3.52   7.61   2.76   9.41   2.30   2.89   2.98   3.16   8.11   9.47   2.87   4.60   3.61   3.15   5.29   3.16 
  8.88   8.25   6.76   3.32   5.37   8.63   6.38   6.73   5.94   3.57   3.47   8.75   4.78   7.05   9.74   5.06   4.84   2.62   9.32   9.59   9.03   7.86   5.77   8.85   4.74   9.77   6.19   6.13   8.80   6.84   8.22   7.67   3.93   2.44   8.60   8.13   6.23   6.65   7.52   4.17   3.10   7.43   6.18   8.09   6.14   5.23   8.41   5.03   7.76 
---
