G_down: 49 50
  0.73   0.32   0.43   0.55   0.33   0.16   0.77   0.23   0.33   0.27   0.44   0.27   0.34   0.70   0.76   0.37   0.64   0.48   0.36   0.56   0.47   0.14   0.95   0.34   0.61   0.61   0.42   0.85   0.56   0.74   0.92   0.32   0.64   0.80   0.29   0.40   0.18   0.37   0.29   0.32   0.80   0.61   0.58   0.63   0.31   0.24   0.52   0.15   0.79   0.94 
  0.58   0.31   0.18   0.20   0.60   0.34   0.89   0.76   0.79   0.38   0.84   0.21   0.46   0.92   0.78   0.66   0.84   0.76   0.62   0.73   0.89   0.34   0.14   0.41   0.80   0.60   0.40   0.50   0.80   0.44   0.76   0.91   0.43   0.18   0.26   0.76   0.47   0.63   0.85   0.42   0.90   0.76   0.24   0.76   0.76   0.10   0.99   0.49   0.85   0.19 
  0.56   0.23   0.98   0.70   0.42   0.30   0.27   0.93   0.59   0.93   0.32   0.52   0.17   0.96   0.64   0.66   0.51   0.78   0.22   0.78   0.30   0.82   0.88   0.88   0.30   0.80   0.43   0.29   0.83   0.58   0.74   0.20   0.81   0.75   0.68   0.52   0.45   0.37   0.52   0.19   0.57   0.93   0.77   0.20   0.84   0.95   0.26   0.58   0.24   0.55 
  0.58   0.67   0.18   0.89   0.31   0.54   0.32   0.67   0.41   0.91   0.51   0.14   0.92   0.90   0.95   0.84   0.59   0.42   0.53   0.12   0.37   0.33   0.61   0.79   0.41   0.46   0.44   0.15   0.58   0.76   0.26   0.58   0.24   0.72   0.82   0.48   0.20   0.97   0.99   0.70   0.34   0.83   0.91   0.32   0.48   0.23   0.79   0.41   0.62   0.28 
  0.29   0.15   0.88   0.75   0.89   0.32   0.33   0.89   0.40   0.62   0.78   0.67   0.47   0.89   0.79   0.86   0.86   0.55   0.78   0.50   0.40   0.82   0.39   0.51   0.73   0.79   0.88   0.38   0.96   0.29   0.28   0.82   0.88   0.61   0.92   0.21   0.62   0.82   0.75   0.92   0.26   0.67   0.97   0.60   0.73   0.39   0.55   0.35   0.93   0.38 
  0.45   0.65   0.65   0.72   0.71   0.88   0.56   0.18   0.61   0.57   0.84   0.81   0.42   0.84   0.44   0.49   0.82   0.10   0.74   0.14   0.89   0.66   0.65   0.54   0.11   0.83   0.84   0.89   0.99   0.12   0.43   0.18   0.48   0.74   0.68   0.45   0.85   0.61   0.17   0.62   0.82   0.54   0.27   0.93   0.72   0.32   0.55   0.17   0.62   0.55 
  0.47   0.35   0.83   0.31   0.98   0.18   0.30   0.93   0.83   0.50   0.24   0.76   0.45   0.37   0.57   0.11   0.96   0.14   0.98   0.48   0.77   0.20   0.60   0.59   0.17   0.55   0.52   0.34   0.58   0.36   0.37   0.11   0.85   0.57   0.13   0.23   0.12   0.13   0.35   0.20   0.11   0.82   0.12   0.91   0.18   0.30   0.82   0.80   0.80   0.69 
  0.37   0.68   0.69   0.77   0.77   0.42   0.10   0.94   0.48   0.33   0.36   0.67   0.71   0.17   0.50   0.72   0.85   0.54   0.37   0.22   0.17   0.77   0.46   0.64   0.77   0.78   0.24   0.29   0.27   0.87   0.76   0.40   0.83   0.89   0.63   0.50   0.57   0.68   0.33   0.54   0.12   0.44   0.53   0.97   0.31   0.60   0.38   0.54   0.75   0.14 
  0.36   0.19   0.71   0.42   0.64   0.21   0.53   0.25   0.27   0.84   0.50   0.82   0.14   0.26   0.37   0.48   0.14   0.37   0.17   0.84   0.65   0.90   0.86   0.72   0.37   0.19   0.30   0.92   0.74   0.35   0.94   0.36   0.30   0.73   0.87   0.75   0.30   0.69   0.66   0.42   0.39   0.43   0.24   0.48   0.90   0.65   0.35   0.96   0.76   0.52 
  0.39   0.19   0.73   0.26   0.18   0.64   0.59   0.37   0.24   0.65   0.52   0.53   0.52   0.44   0.95   0.31   0.95   0.33   0.75   0.55   0.87   0.62   0.40   0.50   0.16   0.97   0.84   0.72   0.89   0.87   0.84   0.41   0.35   0.14   0.45   0.64   0.12   0.35   0.60   0.89   0.90   0.74   0.37   0.79   0.60   0.52   0.83   0.29   0.15   0.76 
  0.87   0.82   0.84   0.34   0.50   0.50   0.66   0.92   0.27   0.89   0.77   0.38   0.49   0.79   0.14   0.61   0.73   0.95   0.93   0.20   0.48   0.68   0.81   0.79   0.85   0.80   0.40   0.39   0.86   0.89   0.25   0.93   0.55   0.31   0.94   0.52   0.53   0.39   0.80   0.82   0.52   0.53   0.67   0.79   0.24   0.34   0.39   0.60   0.40   0.14 
  0.30   0.80   0.93   0.37   0.27   0.51   0.94   0.32   0.83   0.42   0.72   0.73   0.51   0.12   0.18   0.15   0.20   0.26   0.82   0.63   0.77   0.56   0.40   0.62   0.48   0.26   0.29   0.36   0.95   0.99   0.17   0.61   0.48   0.18   0.94   0.30   0.44   0.28   0.31   0.21   0.31   0.27   0.85   0.66   0.36   0.25   0.62   0.31   0.28   0.37 
  0.18   0.50   0.13   0.65   0.85   0.21   0.87   0.56   0.11   0.56   0.56   0.82   0.18   0.52   0.91   0.15   0.70   0.57   0.39   0.86   0.61   0.14   0.24   0.63   0.69   0.96   0.84   0.17   0.46   0.50   0.17   0.44   0.29   0.75   0.15   0.46   0.46   0.45   0.27   0.39   0.63   0.56   0.53   0.66   0.23   0.43   0.25   0.21   0.62   0.29 
  0.11   0.28   0.94   0.46   0.53   0.96   0.38   0.68   0.17   0.21   0.98   0.76   0.30   0.88   0.33   0.35   0.80   0.77   0.53   0.96   0.26   0.50   0.94   0.14   0.73   0.54   0.64   0.35   0.46   0.98   0.89   0.85   0.78   0.49   0.32   0.29   0.99   0.19   0.45   0.42   0.59   0.35   0.86   0.74   0.50   0.13   0.70   0.94   0.53   0.41 
  0.99   0.79   0.95   0.44   0.19   0.63   0.71   0.58   0.57   0.81   0.40   0.67   0.94   0.66   0.33   0.95   0.71   0.76   0.87   0.66   0.75   0.53   0.60   0.57   0.67   0.48   0.75   0.57   0.30   0.91   0.17   0.38   0.61   0.35   0.90   0.89   0.28   0.70   0.48   0.92   0.94   0.71   0.16   0.22   0.68   0.95   0.93   0.16   0.74   0.65 
  0.22   0.40   0.70   0.48   0.44   0.31   0.53   0.78   0.78   0.97   0.77   0.89   0.97   0.74   0.70   0.44   0.35   0.72   0.45   0.66   0.17   0.28   0.25   0.58   0.59   0.29   0.45   0.92   0.63   0.76   0.77   0.62   0.80   0.87   0.96   0.55   0.45   0.80   0.47   0.65   0.63   0.97   0.51   0.34   0.31   0.79   0.41   0.92   0.54   0.77 
  0.55   0.38   0.77   0.56   0.24   0.12   0.13   0.22   0.41   0.94   0.25   0.24   0.22   0.67   0.85   0.68   0.76   0.60   0.74   0.21   0.64   0.26   0.24   0.87   0.55   0.88   0.34   0.74   0.21   0.78   0.59   0.98   0.25   0.22   0.84   0.79   0.79   0.54   0.53   0.44   0.79   0.47   0.16   0.45   0.57   0.39   0.41   0.45   0.97   0.38 
  0.71   0.78   0.77   0.36   0.42   0.77   0.37   0.58   0.84   0.68   0.86   0.55   0.75   0.18   0.34   0.71   0.33   0.21   0.89   0.22   0.67   0.23   0.31   0.18   0.15   0.63   0.31   0.55   0.48   0.62   0.55   0.18   0.89   0.42   0.31   0.49   0.91   0.37   0.21   0.69   0.23   0.28   0.50   0.75   0.51   0.51   0.68   0.44   0.43   0.32 
  0.33   0.56   0.40   0.97   0.99   0.54   0.74   0.35   0.97   0.47   0.34   0.94   0.33   0.19   0.33   0.30   0.97   0.59   0.70   0.62   0.47   0.76   0.85   0.38   0.61   0.42   0.55   0.97   0.46   0.63   0.61   0.71   0.84   0.50   0.88   0.45   0.56   0.30   0.60   0.63   0.56   0.75   0.28   0.54   0.89   0.28   0.76   0.85   0.73   0.46 
  0.63   0.27   0.60   0.53   0.68   0.93   0.66   0.82   0.96   0.37   0.31   0.92   0.62   0.40   0.28   0.63   0.51   0.48   0.98   0.15   0.63   0.30   0.16   0.83   0.51   0.47   0.93   0.85   0.57   0.80   0.94   0.45   0.47   0.26   0.26   0.46   0.24   0.19   0.73   0.27   0.80   0.56   0.49   0.64   0.18   0.59   0.38   0.85   0.33   0.55 
  0.25   0.26   0.78   0.14   0.70   0.35   0.13   0.30   0.28   0.24   0.13   0.81   0.60   0.94   0.60   0.20   0.78   0.76   0.66   0.77   0.77   0.97   0.81   0.45   0.93   0.87   0.97   0.92   0.82   0.79   0.71   0.52   0.61   0.67   0.42   0.45   0.74   0.12   0.34   0.65   0.48   0.32   0.61   0.71   0.39   0.42   0.28   0.45   0.55   0.68 
  0.71   0.67   0.99   0.26   0.64   0.85   0.47   0.44   0.15   0.12   0.38   0.56   0.32   0.52   0.93   0.67   0.11   0.68   0.20   0.45   0.62   0.40   0.46   0.26   0.48   0.95   0.25   0.81   0.65   0.27   0.94   0.63   0.72   0.88   0.74   0.38   0.30   0.97   0.57   0.54   0.10   0.65   0.76   0.26   0.68   0.83   0.11   0.21   0.54   0.27 
  0.80   0.51   0.97   0.27   0.12   0.70   0.20   0.26   0.15   0.35   0.40   0.36   0.23   0.35   0.52   0.69   0.76   0.54   0.84   0.83   0.34   0.56   0.48   0.62   0.84   0.77   0.23   0.31   0.48   0.41   0.61   0.53   0.31   0.96   0.23   0.46   0.11   0.86   0.27   0.96   0.94   0.17   0.90   0.90   0.83   0.13   0.44   0.18   0.87   0.53 
  0.90   0.79   0.94   0.85   0.15   0.42   0.45   0.65   0.85   0.73   0.59   0.35   0.19   0.75   0.54   0.53   0.49   0.52   0.20   0.29   0.97   0.94   0.90   0.16   0.14   0.94   0.84   0.40   0.64   0.41   0.22   0.16   0.65   0.17   0.63   0.89   0.33   0.34   0.60   0.30   0.51   0.28   0.75   0.57   0.63   0.93   0.48   0.56   0.36   0.83 
  0.48   0.19   0.31   0.32   0.20   0.65   0.77   0.86   0.70   0.95   0.88   0.74   0.35   0.61   0.74   0.89   0.59   0.59   0.70   0.59   0.70   0.61   0.52   0.10   0.61   0.63   0.11   0.57   0.57   0.34   0.74   0.22   0.33   0.51   0.49   0.95   0.54   0.44   0.78   0.75   0.16   0.22   0.45   0.86   0.41   0.46   0.60   0.29   0.29   0.69 
  0.34   0.16   0.79   0.73   0.26   0.98   0.24   0.78   0.25   0.32   0.12   0.15   0.44   0.16   0.73   0.47   0.73   0.37   0.81   0.19   0.16   0.81   0.68   0.98   0.76   0.47   0.97   0.23   0.49   0.81   0.78   0.64   0.47   0.84   0.93   0.15   0.64   0.53   0.14   0.94   0.65   0.84   0.73   0.27   0.88   0.71   0.88   0.73   0.51   0.25 
  0.78   0.33   0.42   0.81   0.82   0.53   0.46   0.81   0.79   0.50   0.67   0.99   0.48   0.31   0.25   0.49   0.24   0.63   0.35   0.59   0.13   0.17   0.31   0.84   0.36   0.49   0.11   0.57   0.24   0.56   0.25   0.51   0.62   0.66   0.95   0.49   0.14   0.51   0.41   0.49   0.50   0.97   0.31   0.11   0.56   0.32   0.19   0.97   0.82   0.30 
  0.97   0.75   0.56   0.67   0.63   0.96   0.71   0.93   0.10   0.24   0.22   0.28   0.96   0.18   0.57   0.48   0.44   0.10   0.92   0.17   0.37   0.97   0.62   0.49   0.87   0.90   0.48   0.77   0.26   0.69   0.54   0.96   0.50   0.86   0.21   0.52   0.26   0.21   0.14   0.83   0.48   0.22   0.41   0.74   0.36   0.60   0.66   0.40   0.43   0.32 
  0.71   0.71   0.53   0.73   0.29   0.58   0.39   0.38   0.98   0.53   0.80   0.58   0.11   0.91   0.17   0.16   0.50   0.59   0.72   0.24   0.69   0.19   0.95   0.33   0.32   0.59   0.35   0.75   0.63   0.87   0.94   0.86   0.22   0.53   0.78   0.17   0.45   0.92   0.82   0.91   0.62   0.94   0.35   0.95   0.23   0.49   0.60   0.40   0.77   0.75 
  0.41   0.88   0.37   0.97   0.72   0.35   0.68   0.11   0.56   0.77   0.16   0.63   0.31   0.53   0.59   0.17   0.49   0.44   0.57   0.66   0.70   0.74   0.75   0.13   0.79   0.88   0.19   0.78   0.88   0.60   0.30   0.79   0.26   0.64   0.32   0.34   0.52   0.60   0.69   0.80   0.92   0.90   0.12   0.33   0.95   0.71   0.54   0.77   0.41   0.47 
  0.45   0.93   0.18   0.89   0.31   0.61   0.23   0.89   0.22   0.90   0.37   0.11   0.88   0.81   0.86   0.73   0.65   0.46   0.91   0.19   0.89   0.80   0.57   0.76   0.78   0.75   0.16   0.19   0.69   0.29   0.83   0.25   0.24   0.89   0.10   0.89   0.63   0.33   0.49   0.85   0.64   0.82   0.32   0.35   0.12   0.74   0.34   0.74   0.27   0.93 
  0.52   0.47   0.94   0.27   0.83   0.40   0.23   0.38   0.42   0.82   0.30   0.28   0.53   0.37   0.77   0.74   0.82   0.83   0.24   0.11   0.68   0.36   0.11   0.69   0.50   0.61   0.71   0.34   0.43   0.96   0.49   0.17   0.92   0.22   0.96   0.67   0.28   0.20   0.44   0.40   0.50   0.94   0.69   0.39   0.94   0.11   0.39   0.11   0.24   0.28 
  0.26   0.56   0.32   0.74   0.43   0.63   0.39   0.60   0.76   0.46   0.57   0.80   0.92   0.55   0.34   0.32   0.51   0.82   0.45   0.50   0.25   0.60   0.64   0.31   0.64   0.48   0.94   0.64   0.98   0.30   0.21   0.82   0.51   0.35   0.48   0.77   0.47   0.90   0.85   0.41   0.35   0.68   0.20   0.33   0.33   0.63   0.57   0.74   0.19   0.79 
  0.53   0.92   0.83   0.45   0.18   0.33   0.43   0.47   0.10   0.41   0.98   0.31   0.96   0.66   0.25   0.38   0.98   0.72   0.75   0.66   0.30   0.73   0.97   0.11   0.20   0.37   0.85   0.43   0.77   0.29   0.47   0.68   0.58   0.69   0.86   0.65   0.46   0.85   0.14   0.27   0.57   0.33   0.38   0.51   0.72   0.70   0.93   0.41   0.93   0.49 
  0.91   0.28   0.40   0.66   0.69   0.82   0.16   0.58   0.21   0.44   0.33   0.85   0.63   0.14   0.56   0.90   0.39   0.28   0.35   0.12   0.83   0.71   0.44   0.23   0.13   0.49   0.55   0.71   0.86   0.51   0.70   0.35   0.79   0.28   0.77   0.84   0.47   0.73   0.70   0.83   0.60   0.44   0.51   0.65   0.80   0.51   0.73   0.95   0.98   0.90 
  0.67   0.51   0.52   0.93   0.53   0.52   0.63   0.36   0.69   0.65   0.36   0.60   0.46   0.24   0.25   0.73   0.20   0.63   0.29   0.51   0.47   0.41   0.59   0.17   0.30   0.61   0.19   0.67   0.30   0.34   0.84   0.26   0.48   0.15   0.35   0.15   0.56   0.96   0.79   0.50   0.26   0.73   0.30   0.35   0.87   0.69   0.80   0.39   0.27   0.64 
  0.21   0.97   0.16   0.23   0.70   0.17   0.15   0.11   0.29   0.40   0.76   0.88   0.86   0.65   0.47   0.61   0.55   0.53   0.54   0.95   0.66   0.28   0.31   0.13   0.60   0.99   0.52   0.49   0.73   0.24   0.21   0.85   0.26   0.93   0.84   0.82   0.73   0.32   0.34   0.77   0.97   0.57   0.42   0.41   0.52   0.79   0.98   0.78   0.48   0.28 
  0.57   0.30   0.93   0.55   0.66   0.15   0.47   0.97   0.31   0.37   0.96   0.78   0.47   0.33   0.11   0.19   0.17   0.11   0.12   0.25   0.97   0.23   0.70   0.71   0.61   0.69   0.88   0.93   0.36   0.86   0.92   0.81   0.13   0.99   0.17   0.30   0.28   0.67   0.64   0.49   0.65   0.31   0.83   0.37   0.24   0.14   0.78   0.99   0.45   0.78 
  0.36   0.94   0.56   0.49   0.50   0.12   0.81   0.42   0.22   0.61   0.16   0.91   0.94   0.39   0.56   0.56   0.31   0.28   0.55   0.46   0.50   0.70   0.69   0.94   0.66   0.28   0.40   0.47   0.91   0.54   0.96   0.22   0.25   0.34   0.19   0.41   0.88   0.18   0.94   0.97   0.76   0.69   0.80   0.41   0.47   0.60   0.69   0.66   0.93   0.93 
  0.34   0.32   0.19   0.28   0.13   0.25   0.89   0.68   0.92   0.91   0.82   0.15   0.15   0.75   0.41   0.82   0.94   0.28   0.84   0.66   0.95   0.45   0.83   0.89   0.63   0.39   0.20   0.59   0.24   0.46   0.48   0.83   0.20   0.55   0.14   0.95   0.65   0.50   0.87   0.28   0.62   0.30   0.30   0.82   0.18   0.91   0.54   0.81   0.41   0.38 
  0.95   0.47   0.95   0.35   0.18   0.77   0.48   0.47   0.72   0.84   0.88   0.72   0.45   0.84   0.27   0.68   0.80   0.46   0.82   0.94   0.17   0.47   0.43   0.87   0.15   0.57   0.58   0.12   0.84   0.61   0.72   0.58   0.88   0.90   0.86   0.16   0.43   0.96   0.89   0.66   0.60   0.43   0.37   0.27   0.35   0.61   0.56   0.34   0.88   0.41 
  0.49   0.93   0.41   0.10   0.65   0.10   0.96   0.62   0.32   0.69   0.72   0.34   0.79   0.89   0.87   0.63   0.11   0.11   0.61   0.61   0.24   0.97   0.79   0.38   0.55   0.98   0.49   0.88   0.36   0.19   0.27   0.38   0.13   0.43   0.25   0.33   0.54   0.22   0.84   0.68   0.12   0.52   0.10   0.49   0.29   0.87   0.53   0.11   0.79   0.15 
  0.59   0.61   0.72   0.79   0.90   0.23   0.45   0.12   0.72   0.57   0.90   0.59   0.84   0.58   0.67   0.86   0.21   0.87   0.26   0.60   0.39   0.70   0.74   0.51   0.18   0.57   0.66   0.70   0.28   0.93   0.98   0.82   0.73   0.77   0.20   0.97   0.83   0.13   0.29   0.55   0.82   0.94   0.77   0.47   0.40   0.87   0.98   0.55   0.93   0.44 
  0.30   0.88   0.62   0.98   0.96   0.26   0.79   0.49   0.87   0.89   0.10   0.44   0.54   0.51   0.35   0.65   0.56   0.32   0.19   0.75   0.62   0.42   0.18   0.67   0.52   0.56   0.16   0.67   0.30   0.46   0.81   0.43   0.13   0.53   0.81   0.17   0.48   0.64   0.79   0.11   0.75   0.29   0.35   0.34   0.96   0.57   0.22   0.69   0.70   0.85 
  0.98   0.19   0.18   0.59   0.85   0.84   0.53   0.75   0.21   0.35   0.97   0.96   0.71   0.67   0.45   0.95   0.66   0.41   0.43   0.31   0.48   0.93   0.88   0.31   0.72   0.34   0.94   0.64   0.90   0.60   0.77   0.46   0.89   0.49   0.91   0.91   0.35   0.78   0.27   0.47   0.70   0.16   0.63   0.78   0.43   0.67   0.99   0.98   0.15   0.19 
  0.20   0.54   0.25   0.92   0.69   0.57   0.90   0.67   0.97   0.19   0.32   0.20   0.21   0.34   0.73   0.69   0.11   0.19   0.39   0.93   0.84   0.32   0.99   0.83   0.76   0.95   0.64   0.35   0.82   0.85   0.67   0.38   0.68   0.82   0.82   0.72   0.53   0.73   0.18   0.68   0.33   0.82   0.30   0.12   0.80   0.70   0.81   0.67   0.54   0.64 
  0.70   0.69   0.44   0.21   0.45   0.72   0.34   0.94   0.88   0.26   0.61   0.72   0.80   0.77   0.83   0.35   0.88   0.35   0.55   0.11   0.57   0.21   0.82   0.90   0.86   0.32   0.49   0.89   0.72   0.90   0.89   0.52   0.24   0.13   0.13   0.30   0.48   0.22   0.86   0.63   0.96   0.49   0.64   0.53   0.24   0.12   0.30   0.90   0.82   0.48 
  0.65   0.81   0.32   0.82   0.28   0.40   0.19   0.74   0.49   0.32   0.41   0.63   0.80   0.51   0.56   0.40   0.81   0.40   0.43   0.95   0.35   0.91   0.18   0.27   0.76   0.96   0.66   0.83   0.82   0.42   0.45   0.71   0.70   0.52   0.39   0.81   0.77   0.75   0.65   0.49   0.49   0.19   0.10   0.95   0.54   0.74   0.73   0.71   0.30   0.71 
  0.83   0.77   0.10   0.44   0.72   0.40   0.35   0.18   0.50   0.25   0.98   0.86   0.10   0.54   0.55   0.45   0.90   0.73   0.87   0.68   0.56   0.79   0.75   0.36   0.72   0.32   0.59   0.80   0.69   0.39   0.11   0.74   0.32   0.11   0.42   0.16   0.77   0.44   0.64   0.32   0.88   0.24   0.51   0.35   0.37   0.91   0.22   0.26   0.78   0.99 
---
G_right: 50 49
  0.42   0.73   0.90   0.67   0.89   0.20   0.33   0.10   0.80   0.19   0.55   0.65   0.61   0.71   0.43   0.10   0.23   0.68   0.30   0.79   0.49   0.58   0.80   0.20   0.48   0.94   0.74   0.90   0.11   0.46   0.98   0.51   0.22   0.23   0.49   0.50   0.39   0.49   0.50   0.92   0.25   0.77   0.60   0.75   0.37   0.87   0.95   0.11   0.69 
  0.67   0.77   0.98   0.64   0.62   0.37   0.81   0.37   0.21   0.52   0.94   0.41   0.40   0.31   0.74   0.85   0.90   0.63   0.79   0.82   0.12   0.11   0.30   0.55   0.45   0.13   0.76   0.12   0.94   0.98   0.84   0.77   0.97   0.17   0.71   0.80   0.50   0.16   0.55   0.91   0.40   0.92   0.94   0.65   0.23   0.40   0.31   0.40   0.40 
  0.22   0.18   0.20   0.33   0.40   0.97   0.19   0.79   0.68   0.38   0.75   0.18   0.32   0.21   0.61   0.32   0.22   0.66   0.35   0.83   0.98   0.52   0.28   0.23   0.76   0.45   0.56   0.79   0.59   0.24   0.27   0.51   0.98   0.58   0.47   0.21   0.85   0.40   0.44   0.50   0.85   0.45   0.43   0.15   0.71   0.63   0.64   0.66   0.42 
  0.87   0.53   0.10   0.44   0.13   0.45   0.19   0.16   0.37   0.84   0.85   0.65   0.45   0.90   0.86   0.36   0.93   0.25   0.40   0.49   0.66   0.41   0.48   0.75   0.62   0.91   0.81   0.16   0.49   0.80   0.94   0.87   0.85   0.70   0.21   0.13   0.34   0.46   0.73   0.80   0.44   0.69   0.62   0.68   0.93   0.81   0.82   0.47   0.78 
  0.21   0.69   0.60   0.68   0.37   0.85   0.51   0.76   0.78   0.47   0.61   0.52   0.81   0.21   0.23   0.45   0.45   0.50   0.31   0.45   0.42   0.87   0.17   0.61   0.83   0.40   0.40   0.87   0.67   0.56   0.80   0.35   0.81   0.51   0.26   0.32   0.44   0.78   0.77   0.65   0.82   0.34   0.55   0.50   0.86   0.32   0.60   0.34   0.45 
  0.23   0.17   0.65   0.15   0.84   0.81   0.46   0.72   0.25   0.51   0.72   0.19   0.61   0.91   0.91   0.64   0.39   0.53   0.90   0.29   0.78   0.28   0.69   0.41   0.28   0.27   0.24   0.81   0.51   0.82   0.83   0.81   0.83   0.92   0.71   0.87   0.98   0.86   0.85   0.68   0.30   0.61   0.15   0.77   0.73   0.96   0.73   0.35   0.36 
  0.35   0.34   0.71   0.46   0.11   0.80   0.38   0.87   0.40   0.65   0.61   0.87   0.50   0.29   0.35   0.57   0.96   0.83   0.78   0.36   0.65   0.58   0.33   0.27   0.53   0.66   0.34   0.88   0.29   0.83   0.15   0.92   0.70   0.43   0.31   0.66   0.71   0.86   0.53   0.99   0.81   0.96   0.48   0.69   0.98   0.76   0.23   0.90   0.92 
  0.96   0.39   0.36   0.88   0.96   0.46   0.91   0.87   0.11   0.72   0.61   0.30   0.40   0.77   0.43   0.68   0.63   0.71   0.36   0.13   0.38   0.39   0.24   0.26   0.31   0.48   0.54   0.24   0.57   0.12   0.37   0.92   0.34   0.55   0.81   0.44   0.74   0.78   0.76   0.75   0.61   0.59   0.91   0.27   0.79   0.71   0.13   0.68   0.75 
  0.80   0.38   0.74   0.50   0.31   0.87   0.86   0.56   0.90   0.30   0.27   0.57   0.81   0.42   0.74   0.55   0.51   0.32   0.15   0.69   0.24   0.49   0.86   0.65   0.87   0.84   0.55   0.27   0.97   0.72   0.68   0.26   0.26   0.26   0.58   0.45   0.30   0.68   0.40   0.70   0.68   0.81   0.80   0.43   0.76   0.50   0.40   0.73   0.63 
  0.81   0.64   0.63   0.39   0.77   0.23   0.36   0.67   0.13   0.88   0.78   0.98   0.54   0.25   0.71   0.51   0.57   0.83   0.97   0.65   0.62   0.85   0.98   0.26   0.35   0.66   0.91   0.51   0.47   0.23   0.72   0.47   0.72   0.75   0.58   0.59   0.33   0.87   0.51   0.37   0.97   0.52   0.99   0.96   0.77   0.68   0.93   0.91   0.39 
  0.67   0.71   0.55   0.72   0.25   0.98   0.97   0.16   0.81   0.77   0.68   0.33   0.88   0.86   0.31   0.33   0.84   0.57   0.37   0.72   0.16   0.88   0.54   0.15   0.70   0.57   0.47   0.37   0.20   0.71   0.78   0.91   0.71   0.49   0.85   0.97   0.49   0.96   0.95   0.66   0.84   0.66   0.66   0.86   0.15   0.88   0.81   0.60   0.57 
  0.84   0.35   0.23   0.36   0.56   0.94   0.59   0.51   0.42   0.64   0.32   0.43   0.80   0.35   0.15   0.97   0.46   0.76   0.10   0.33   0.82   0.60   0.93   0.19   0.44   0.77   0.14   0.44   0.43   0.37   0.92   0.12   0.88   0.85   0.14   0.35   0.78   0.78   0.74   0.31   0.22   0.71   0.16   0.60   0.11   0.68   0.84   0.13   0.74 
  0.31   0.27   0.79   0.39   0.86   0.69   0.14   0.18   0.38   0.47   0.64   0.98   0.40   0.50   0.27   0.54   0.59   0.40   0.17   0.11   0.79   0.23   0.69   0.29   0.33   0.90   0.12   0.61   0.86   0.61   0.81   0.69   0.80   0.83   0.61   0.22   0.58   0.65   0.36   0.25   0.39   0.32   0.73   0.38   0.86   0.73   0.82   0.14   0.34 
  0.75   0.55   0.74   0.13   0.70   0.81   0.38   0.80   0.88   0.87   0.77   0.71   0.77   0.55   0.67   0.88   0.86   0.74   0.55   0.38   0.44   0.44   0.41   0.98   0.21   0.32   0.80   0.46   0.57   0.38   0.30   0.99   0.74   0.97   0.61   0.96   0.81   0.57   0.72   0.87   0.96   0.11   0.18   0.44   0.20   0.62   0.32   0.65   0.24 
  0.11   0.17   0.28   0.38   0.22   0.76   0.91   0.45   0.58   0.83   0.68   0.33   0.28   0.15   0.86   0.85   0.27   0.33   0.56   0.46   0.20   0.67   0.56   0.70   0.34   0.11   0.73   0.62   0.77   0.93   0.32   0.56   0.24   0.40   0.81   0.46   0.23   0.72   0.11   0.27   0.68   0.23   0.38   0.96   0.56   0.26   0.88   0.66   0.64 
  0.71   0.53   0.62   0.41   0.22   0.57   0.68   0.41   0.70   0.88   0.35   0.32   0.69   0.49   0.28   0.90   0.78   0.22   0.72   0.87   0.70   0.89   0.13   0.71   0.75   0.59   0.58   0.30   0.43   0.72   0.64   0.64   0.22   0.97   0.48   0.18   0.98   0.60   0.84   0.84   0.26   0.81   0.95   0.63   0.53   0.56   0.50   0.21   0.88 
  0.54   0.63   0.83   0.78   0.52   0.56   0.68   0.83   0.65   0.90   0.28   0.59   0.19   0.22   0.16   0.96   0.84   0.66   0.97   0.99   0.77   0.89   0.24   0.58   0.28   0.55   0.27   0.85   0.31   0.27   0.69   0.46   0.27   0.98   0.65   0.68   0.27   0.77   0.15   0.65   0.49   0.66   0.12   0.19   0.81   0.26   0.17   0.32   0.33 
  0.57   0.94   0.42   0.71   0.88   0.39   0.18   0.26   0.95   0.82   0.45   0.50   0.14   0.15   0.67   0.74   0.70   0.90   0.72   0.35   0.19   0.23   0.55   0.47   0.75   0.56   0.73   0.65   0.14   0.28   0.27   0.34   0.20   0.68   0.40   0.33   0.39   0.55   0.11   0.58   0.53   0.49   0.21   0.65   0.64   0.63   0.12   0.62   0.55 
  0.26   0.80   0.75   0.12   0.14   0.94   0.52   0.45   0.60   0.24   0.87   0.76   0.30   0.69   0.81   0.26   0.93   0.89   0.82   0.32   0.46   0.24   0.63   0.25   0.27   0.98   0.98   0.34   0.12   0.40   0.55   0.46   0.44   0.20   0.81   0.59   0.33   0.79   0.39   0.83   0.48   0.37   0.35   0.51   0.12   0.37   0.37   0.93   0.62 
  0.13   0.44   0.90   0.60   0.46   0.35   0.52   0.60   0.54   0.42   0.15   0.59   0.87   0.87   0.52   0.35   0.60   0.65   0.53   0.38   0.87   0.27   0.47   0.49   0.65   0.81   0.54   0.92   0.59   0.95   0.35   0.19   0.14   0.28   0.37   0.61   0.62   0.89   0.21   0.10   0.61   0.19   0.32   0.71   0.20   0.73   0.10   0.75   0.61 
  0.48   0.40   0.22   0.91   0.49   0.65   0.34   0.44   0.34   0.13   0.18   0.81   0.18   0.94   0.58   0.10   0.66   0.54   0.94   0.67   0.70   0.28   0.55   0.82   0.62   0.51   0.51   0.90   0.11   0.65   0.31   0.82   0.41   0.88   0.98   0.24   0.42   0.95   0.21   0.90   0.46   0.96   0.90   0.40   0.21   0.52   0.76   0.89   0.39 
  0.69   0.48   0.59   0.63   0.53   0.97   0.69   0.18   0.73   0.96   0.96   0.33   0.43   0.59   0.47   0.36   0.50   0.87   0.61   0.74   0.44   0.96   0.65   0.64   0.65   0.48   0.28   0.41   0.12   0.92   0.24   0.34   0.43   0.43   0.91   0.66   0.82   0.22   0.68   0.42   0.46   0.18   0.48   0.79   0.63   0.73   0.51   0.69   0.73 
  0.60   0.76   0.66   0.56   0.27   0.77   0.96   0.61   0.66   0.98   0.93   0.35   0.19   0.44   0.39   0.62   0.76   0.81   0.52   0.75   0.23   0.55   0.88   0.47   0.54   0.93   0.15   0.58   0.96   0.59   0.29   0.27   0.96   0.34   0.28   0.87   0.18   0.35   0.33   0.16   0.69   0.66   0.42   0.24   0.34   0.34   0.37   0.60   0.52 
  0.61   0.22   0.28   0.98   0.74   0.60   0.22   0.45   0.17   0.18   0.62   0.29   0.88   0.36   0.59   0.32   0.40   0.32   0.97   0.13   0.60   0.61   0.86   0.85   0.64   0.53   0.32   0.66   0.66   0.57   0.57   0.19   0.47   0.31   0.37   0.40   0.83   0.90   0.37   0.77   0.86   0.70   0.14   0.89   0.68   0.47   0.20   0.82   0.78 
  0.12   0.83   0.89   0.42   0.57   0.71   0.25   0.79   0.39   0.84   0.34   0.18   0.75   0.78   0.53   0.45   0.21   0.57   0.85   0.56   0.31   0.82   0.78   0.38   0.31   0.38   0.64   0.86   0.28   0.25   0.83   0.26   0.24   0.73   0.25   0.29   0.62   0.20   0.20   0.91   0.56   0.60   0.84   0.16   0.21   0.73   0.40   0.25   0.57 
  0.66   0.77   0.32   0.80   0.89   0.60   0.11   0.13   0.22   0.27   0.55   0.77   0.27   0.72   0.13   0.71   0.70   0.23   0.38   0.37   0.90   0.42   0.92   0.34   0.20   0.22   0.96   0.18   0.67   0.72   0.74   0.84   0.68   0.64   0.74   0.16   0.43   0.44   0.65   0.60   0.66   0.78   0.29   0.90   0.39   0.52   0.43   0.52   0.29 
  0.62   0.68   0.65   0.36   0.81   0.15   0.11   0.99   0.97   0.54   0.95   0.36   0.37   0.34   0.83   0.12   0.82   0.81   0.21   0.21   0.58   0.26   0.75   0.95   0.42   0.73   0.37   0.50   0.77   0.61   0.78   0.60   0.31   0.94   0.62   0.38   0.45   0.53   0.26   0.56   0.17   0.14   0.15   0.79   0.63   0.37   0.23   0.18   0.22 
  0.75   0.38   0.35   0.31   0.36   0.47   0.96   0.76   0.55   0.11   0.51   0.60   0.32   0.85   0.46   0.29   0.95   0.21   0.93   0.31   0.11   0.71   0.72   0.60   0.35   0.58   0.38   0.61   0.34   0.66   0.33   0.58   0.75   0.37   0.48   0.13   0.43   0.37   0.70   0.30   0.95   0.58   0.76   0.43   0.96   0.87   0.29   0.30   0.24 
  0.74   0.57   0.98   0.50   0.27   0.73   0.95   0.57   0.18   0.65   0.46   0.72   0.38   0.74   0.12   0.96   0.32   0.83   0.82   0.73   0.55   0.28   0.21   0.61   0.26   0.65   0.23   0.53   0.63   0.83   0.15   0.31   0.25   0.92   0.52   0.21   0.11   0.32   0.90   0.62   0.18   0.27   0.54   0.42   0.83   0.84   0.72   0.33   0.30 
  0.14   0.22   0.94   0.72   0.21   0.79   0.57   0.91   0.50   0.34   0.72   0.44   0.19   0.29   0.94   0.83   0.53   0.72   0.33   0.92   0.14   0.28   0.37   0.85   0.11   0.49   0.20   0.82   0.91   0.65   0.28   0.82   0.54   0.56   0.60   0.48   0.46   0.59   0.53   0.22   0.44   0.96   0.44   0.54   0.61   0.78   0.98   0.63   0.30 
  0.89   0.55   0.56   0.73   0.40   0.91   0.69   0.98   0.59   0.86   0.98   0.42   0.31   0.31   0.85   0.18   0.23   0.21   0.52   0.86   0.67   0.38   0.98   0.23   0.70   0.80   0.53   0.30   0.75   0.18   0.31   0.51   0.23   0.89   0.98   0.54   0.32   0.20   0.24   0.22   0.80   0.59   0.90   0.26   0.91   0.78   0.23   0.94   0.18 
  0.90   0.89   0.22   0.39   0.46   0.90   0.23   0.33   0.96   0.18   0.76   0.22   0.10   0.26   0.59   0.66   0.77   0.87   0.77   0.13   0.96   0.20   0.59   0.73   0.60   0.69   0.94   0.57   0.11   0.40   0.19   0.64   0.94   0.53   0.72   0.90   0.36   0.35   0.21   0.22   0.51   0.79   0.38   0.38   0.48   0.85   0.51   0.96   0.58 
  0.21   0.18   0.74   0.43   0.92   0.97   0.44   0.53   0.46   0.43   0.62   0.74   0.97   0.33   0.63   0.58   0.85   0.41   0.39   0.25   0.68   0.37   0.26   0.14   0.17   0.35   0.26   0.81   0.46   0.20   0.79   0.11   0.25   0.33   0.19   0.27   0.58   0.81   0.79   0.26   0.22   0.55   0.18   0.71   0.14   0.15   0.68   0.40   0.27 
  0.69   0.92   0.62   0.73   0.23   0.42   0.16   0.65   0.64   0.23   0.94   0.49   0.38   0.71   0.51   0.46   0.90   0.85   0.24   0.93   0.18   0.17   0.36   0.39   0.75   0.75   0.32   0.72   0.48   0.95   0.98   0.23   0.87   0.25   0.32   0.20   0.51   0.38   0.31   0.80   0.18   0.18   0.25   0.62   0.29   0.53   0.78   0.29   0.98 
  0.74   0.78   0.78   0.18   0.70   0.89   0.67   0.61   0.51   0.45   0.40   0.79   0.95   0.72   0.51   0.36   0.58   0.45   0.39   0.77   0.72   0.33   0.84   0.79   0.81   0.58   0.63   0.12   0.56   0.36   0.54   0.38   0.75   0.28   0.23   0.92   0.78   0.21   0.83   0.82   0.13   0.33   0.89   0.59   0.72   0.44   0.85   0.94   0.21 
  0.28   0.24   0.39   0.80   0.22   0.98   0.46   0.47   0.16   0.44   0.27   0.60   0.87   0.94   0.70   0.67   0.84   0.48   0.44   0.36   0.76   0.81   0.96   0.62   0.15   0.54   0.16   0.52   0.28   0.86   0.56   0.93   0.24   0.67   0.66   0.52   0.73   0.78   0.84   0.86   0.28   0.85   0.13   0.62   0.43   0.31   0.13   0.80   0.69 
  0.79   0.33   0.45   0.52   0.67   0.52   0.62   0.99   0.12   0.37   0.97   0.19   0.53   0.98   0.92   0.59   0.56   0.36   0.31   0.34   0.68   0.37   0.75   0.43   0.61   0.74   0.49   0.23   0.69   0.14   0.65   0.11   0.44   0.67   0.88   0.85   0.95   0.18   0.15   0.12   0.43   0.53   0.47   0.91   0.93   0.12   0.50   0.36   0.11 
  0.80   0.49   0.30   0.33   0.40   0.93   0.65   0.27   0.16   0.72   0.21   0.31   0.15   0.12   0.11   0.27   0.66   0.74   0.20   0.16   0.28   0.33   0.68   0.88   0.74   0.28   0.88   0.55   0.84   0.35   0.67   0.62   0.99   0.95   0.56   0.27   0.27   0.91   0.26   0.88   0.60   0.82   0.92   0.18   0.33   0.45   0.30   0.21   0.92 
  0.48   0.12   0.21   0.23   0.18   0.36   0.54   0.65   0.75   0.48   0.82   0.88   0.51   0.98   0.32   0.70   0.41   0.74   0.24   0.65   0.19   0.67   0.45   0.61   0.34   0.63   0.50   0.82   0.53   0.88   0.27   0.60   0.67   0.79   0.33   0.49   0.91   0.17   0.73   0.64   0.47   0.70   0.14   0.81   0.82   0.65   0.40   0.26   0.37 
  0.29   0.53   0.31   0.11   0.73   0.36   0.84   0.95   0.32   0.79   0.20   0.36   0.73   0.29   0.64   0.33   0.19   0.74   0.12   0.66   0.29   0.53   0.78   0.94   0.15   0.35   0.19   0.17   0.26   0.45   0.27   0.23   0.60   0.36   0.86   0.11   0.61   0.75   0.80   0.91   0.55   0.83   0.36   0.38   0.92   0.89   0.63   0.56   0.67 
  0.53   0.58   0.85   0.49   0.54   0.36   0.31   0.36   0.86   0.87   0.15   0.48   0.87   0.13   0.46   0.12   0.96   0.64   0.17   0.66   0.94   0.13   0.40   0.68   0.15   0.45   0.95   0.93   0.65   0.65   0.75   0.43   0.71   0.43   0.65   0.18   0.53   0.24   0.86   0.31   0.97   0.63   0.74   0.76   0.46   0.86   0.15   0.40   0.92 
  0.77   0.93   0.95   0.39   0.26   0.38   0.51   0.97   0.77   0.70   0.62   0.71   0.15   0.14   0.72   0.58   0.10   0.52   0.69   0.61   0.70   0.52   0.30   0.50   0.24   0.48   0.40   0.37   0.60   0.43   0.90   0.70   0.53   0.14   0.92   0.45   0.49   0.36   0.17   0.53   0.19   0.73   0.76   0.56   0.47   0.23   0.25   0.77   0.31 
  0.61   0.32   0.17   0.39   0.67   0.77   0.90   0.56   0.60   0.76   0.23   0.99   0.23   0.84   0.18   0.92   0.49   0.74   0.43   0.10   0.84   0.48   0.10   0.67   0.38   0.17   0.96   0.13   0.91   0.73   0.55   0.49   0.62   0.78   0.20   0.48   0.51   0.98   0.78   0.58   0.17   0.71   0.57   0.78   0.93   0.90   0.64   0.96   0.47 
  0.17   0.38   0.98   0.53   0.99   0.65   0.54   0.57   0.51   0.50   0.37   0.62   0.41   0.65   0.44   0.79   0.66   0.61   0.53   0.51   0.49   0.46   0.92   0.48   0.89   0.88   0.49   0.37   0.53   0.84   0.55   0.79   0.89   0.67   0.69   0.41   0.42   0.84   0.59   0.92   0.81   0.80   0.78   0.68   0.39   0.65   0.31   0.18   0.76 
  0.48   0.13   0.51   0.65   0.68   0.39   0.90   0.61   0.74   0.92   0.54   0.30   0.91   0.55   0.58   0.73   0.60   0.83   0.88   0.79   0.41   0.94   0.71   0.23   0.11   0.21   0.78   0.49   0.18   0.87   0.87   0.25   0.34   0.38   0.45   0.10   0.93   0.91   0.45   0.40   0.10   0.82   0.94   0.20   0.78   0.67   0.13   0.53   0.28 
  0.51   0.98   0.14   0.82   0.30   0.70   0.27   0.20   0.86   0.65   0.65   0.85   0.84   0.17   0.39   0.71   0.64   0.63   0.17   0.38   0.77   0.51   0.15   0.48   0.37   0.85   0.83   0.81   0.83   0.55   0.91   0.59   0.70   0.13   0.93   0.50   0.90   0.52   0.55   0.85   0.74   0.32   0.27   0.50   0.49   0.15   0.57   0.64   0.71 
  0.24   0.44   0.90   0.94   0.93   0.24   0.60   0.18   0.40   0.36   0.86   0.82   0.93   0.32   0.82   0.30   0.33   0.31   0.81   0.83   0.58   0.35   0.85   0.92   0.44   0.12   0.15   0.74   0.47   0.18   0.94   0.65   0.53   0.40   0.96   0.38   0.49   0.88   0.95   0.29   0.67   0.33   0.62   0.88   0.49   0.46   0.25   0.33   0.62 
  0.89   0.62   0.47   0.90   0.81   0.37   0.90   0.47   0.74   0.80   0.84   0.96   0.76   0.91   0.89   0.36   0.29   0.92   0.57   0.81   0.10   0.51   0.73   0.28   0.48   0.35   0.79   0.80   0.38   0.85   0.65   0.43   0.87   0.73   0.87   0.32   0.51   0.85   0.54   0.88   0.51   0.28   0.89   0.59   0.90   0.16   0.20   0.12   0.25 
  0.37   0.18   0.47   0.62   0.86   0.84   0.42   0.35   0.16   0.56   0.31   0.78   0.62   0.17   0.73   0.69   0.18   0.99   0.37   0.40   0.56   0.15   0.56   0.20   0.61   0.95   0.83   0.26   0.80   0.87   0.98   0.19   0.13   0.60   0.87   0.91   0.43   0.15   0.88   0.57   0.70   0.83   0.30   0.23   0.39   0.46   0.18   0.20   0.27 
  0.38   0.47   0.11   0.57   0.43   0.69   0.16   0.18   0.41   0.92   0.36   0.42   0.80   0.30   0.71   0.21   0.79   0.55   0.57   0.77   0.66   0.15   0.73   0.23   0.56   0.65   0.38   0.33   0.94   0.94   0.83   0.43   0.70   0.22   0.48   0.69   0.88   0.54   0.35   0.39   0.79   0.73   0.59   0.57   0.58   0.71   0.35   0.49   0.29 
---
G_diag: 49 49
  5.53   5.10   6.46   7.34   4.04   7.43   8.84   7.19   6.97   2.85   7.85   6.64   4.18   7.14   2.54   5.41   7.36   7.42   6.43   9.02   9.00   2.86   5.51   9.53   7.26   8.91   9.07   3.41   6.03   7.05   5.27   8.40   2.79   6.41   2.78   6.81   5.19   9.34   7.54   3.12   4.85   7.85   2.78   8.31   5.62   9.69   2.65   4.34   8.80 
  9.22   6.40   2.18   3.06   2.43   9.57   9.65   7.91   4.89   5.87   9.05   8.75   4.83   8.96   7.70   2.61   3.07   5.18   8.05   6.13   7.19   3.28   8.75   6.53   6.75   7.84   4.84   5.11   6.62   8.16   8.64   2.76   8.77   6.51   9.52   3.19   9.58   5.16   8.79   9.42   8.78   8.30   6.97   3.56   4.68   3.86   8.03   6.82   4.61 
  5.31   2.51   8.47   7.44   7.37   3.83   8.97   8.66   4.40   6.09   2.26   2.86   4.53   6.32   4.70   6.27   3.31   8.19   2.66   4.84   9.66   6.35   6.27   8.09   5.17   3.77   7.35   9.32   4.56   7.15   8.26   6.08   8.99   5.97   9.14   3.20   7.12   3.01   2.28   4.06   8.44   7.24   3.68   6.55   4.26   6.53   3.22   2.92   8.10 
  9.46   3.17   4.28   3.04   9.69   3.08   6.44   5.81   8.80   6.76   9.23   9.47   4.18   5.87   5.73   6.63   5.47   8.01   3.56   5.16   3.19   6.07   5.06   4.16   7.21   4.10   9.36   5.92   6.88   7.08   4.89   2.58   5.20   6.46   7.72   3.33   2.15   3.76   2.47   4.68   4.76   4.90   4.60   9.68   6.61   5.18   7.05   6.14   3.77 
  3.32   9.88   5.03   6.97   4.17   5.10   3.74   8.85   5.24   4.69   7.41   4.65   4.06   6.00   9.22   9.69   4.67   7.95   3.81   4.70   5.50   5.35   2.28   7.44   9.66   8.49   4.76   2.59   8.41   8.25   4.30   8.21   3.81   8.57   5.70   8.02   9.19   2.77   9.15   7.61   3.25   8.44   4.36   9.00   6.40   8.91   5.07   8.85   6.32 
  5.13   6.70   4.33   5.06   8.14   3.24   3.84   4.63   2.83   9.23   2.41   3.20   7.29   7.60   4.51   3.70   5.80   6.09   9.00   5.64   8.45   7.75   7.12   4.55   5.85   9.67   4.83   5.13   8.57   9.62   8.21   5.97   5.46   4.60   3.52   3.95   7.33   4.45   3.51   5.75   2.59   4.72   5.14   9.03   9.82   6.96   3.61   6.94   6.27 
  9.18   7.84   4.67   2.36   2.32   8.29   7.23   3.12   6.20   9.29   3.75   8.59   9.42   3.96   6.13   6.17   6.36   6.46   5.80   5.90   5.03   2.85   7.11   5.47   7.87   2.49   5.11   5.23   6.96   9.70   8.81   9.15   5.27   4.32   2.69   8.57   9.83   4.61   6.02   3.54   3.11   3.00   9.15   4.00   6.06   9.07   5.62   9.13   4.29 
  9.03   6.43   3.72   9.75   7.74   5.11   3.65   7.22   3.33   3.86   3.30   2.57   4.50   4.93   5.05   8.92   7.83   3.67   3.21   5.14   6.68   3.53   9.72   8.38   5.74   2.19   8.44   4.49   8.70   6.90   8.14   6.28   9.23   3.62   4.96   2.85   7.41   3.05   2.50   4.11   4.59   3.47   9.86   2.70   2.50   3.33   2.44   2.35   6.62 
  7.67   5.20   4.30   5.50   7.23   5.24   8.62   2.70   8.02   2.79   3.08   4.70   3.25   7.53   7.20   5.09   3.51   4.81   8.78   5.31   8.96   8.91   9.02   7.25   7.31   2.89   5.30   4.78   3.81   2.24   9.10   3.34   8.28   2.56   6.25   6.05   9.58   5.31   6.94   9.82   3.33   2.84   6.63   8.33   7.32   6.77   4.28   9.07   4.10 
  3.71   6.03   2.16   8.46   9.86   7.56   2.16   2.15   2.95   8.36   2.42   5.56   2.58   3.98   5.25   4.05   4.49   4.04   5.91   5.93   5.69   2.90   4.26   9.59   3.27   6.13   6.93   4.49   8.99   2.25   4.41   9.07   4.73   6.03   2.95   2.31   4.96   5.59   2.47   7.65   7.61   6.10   7.79   7.13   4.65   9.31   4.91   3.00   7.65 
  7.44   7.27   5.61   7.08   3.42   5.73   5.03   2.27   3.42   5.74   5.92   6.30   2.48   8.19   6.15   8.93   8.58   4.29   5.02   3.95   5.15   4.02   6.87   5.01   8.09   8.01   4.56   4.37   5.40   6.87   3.72   7.98   4.67   8.97   9.87   3.19   6.79   8.65   9.00   8.37   5.93   8.63   5.57   3.36   7.93   9.02   7.88   2.33   5.97 
  2.60   9.83   7.97   2.30   9.48   9.70   9.72   4.52   3.93   9.34   6.00   7.94   7.97   9.13   4.27   6.77   3.54   9.64   6.67   3.84   7.42   5.63   4.19   4.88   8.45   2.64   7.51   4.77   2.88   4.38   6.30   4.53   6.90   4.03   5.98   3.97   8.62   4.42   8.99   9.37   8.35   9.31   8.48   8.18   3.48   2.15   9.65   6.84   2.39 
  5.85   6.59   9.68   6.23   4.87   6.24   2.67   8.76   5.99   9.51   3.90   8.80   5.84   9.75   8.68   5.86   4.17   4.47   5.52   2.43   7.65   2.99   3.73   3.49   5.70   6.34   8.35   8.49   3.69   8.86   8.20   2.38   6.78   9.02   4.95   4.78   3.26   2.33   4.71   4.22   9.51   6.87   6.26   7.78   7.10   5.03   9.30   8.38   8.94 
  3.04   7.68   5.47   2.39   3.65   7.27   8.33   2.70   9.22   2.83   8.83   2.27   8.68   9.73   9.43   9.10   4.44   3.66   6.52   3.33   7.28   5.33   6.04   7.26   3.01   7.75   6.77   5.43   3.19   2.55   6.73   3.56   3.10   8.00   5.98   5.30   9.04   2.48   9.27   5.80   3.31   7.80   4.17   2.90   7.10   2.93   3.06   7.53   5.60 
  9.02   7.01   3.16   6.90   6.81   9.62   8.68   3.61   4.77   5.23   9.16   2.50   5.17   3.45   3.25   4.28   2.89   5.86   9.61   6.04   6.52   6.94   7.36   3.10   8.02   9.64   9.64   9.12   7.61   5.71   9.00   7.63   3.46   4.97   6.13   5.75   7.87   5.29   2.42   5.73   3.35   7.74   4.29   8.10   2.65   9.59   5.11   8.10   5.60 
  6.08   3.40   7.44   2.10   2.54   4.65   6.19   8.40   4.35   5.35   5.56   7.79   4.14   9.62   4.45   6.74   3.85   9.22   6.40   8.26   7.48   3.03   8.68   4.69   8.69   5.32   3.14   4.18   3.13   5.66   6.67   8.29   3.39   3.16   7.42   7.90   5.97   4.22   7.85   5.88   7.09   6.74   2.92   8.12   3.07   3.03   9.79   5.17   5.29 
  5.93   4.53   4.23   9.79   8.11   8.53   7.11   7.30   3.19   9.26   2.22   7.12   9.08   3.29   4.07   9.77   9.23   6.65   8.58   4.17   4.86   9.16   2.67   6.09   4.97   8.70   2.43   8.21   4.51   3.53   7.47   4.11   2.61   5.70   7.94   9.00   9.49   7.05   5.01   7.85   8.35   9.32   7.01   8.60   6.00   4.49   8.96   6.95   3.93 
  3.72   7.95   6.16   5.49   9.56   6.04   5.41   6.30   6.92   8.95   5.74   2.29   3.88   2.12   8.54   4.80   2.16   2.26   8.86   7.28   7.01   9.67   2.95   8.41   4.54   4.31   7.27   8.58   2.31   4.99   2.65   6.56   8.19   9.89   2.36   6.06   7.38   4.18   3.34   2.79   4.01   3.47   7.11   7.85   6.98   2.84   3.17   4.96   9.49 
  7.34   8.98   7.40   8.36   8.57   2.96   4.71   8.71   4.44   8.09   6.82   7.80   5.08   6.08   3.52   6.30   4.27   8.09   5.12   5.74   6.61   7.45   3.72   3.79   4.11   6.80   3.65   7.09   6.43   6.81   4.33   6.69   8.66   4.70   3.34   3.37   6.29   2.86   2.78   8.90   8.65   5.86   7.88   3.45   8.47   7.16   2.19   4.98   3.45 
  6.70   3.21   5.21   3.10   9.85   3.01   6.15   6.09   6.26   4.19   7.91   5.67   5.04   9.18   8.65   8.02   2.96   2.16   8.74   3.24   2.80   7.72   8.18   3.80   3.85   4.27   2.73   3.06   4.71   7.75   6.47   5.32   6.64   6.43   8.92   4.66   9.80   8.59   6.96   2.17   9.82   6.62   3.33   6.92   8.55   6.95   6.07   9.61   5.82 
  7.25   4.41   5.07   9.63   7.91   5.03   9.18   8.75   8.92   5.27   4.15   2.77   6.66   6.69   5.35   4.71   6.47   5.95   3.39   7.47   9.37   7.54   2.89   8.24   8.08   2.65   6.84   2.81   5.99   4.33   7.87   7.96   6.78   5.79   3.45   3.45   3.16   8.55   2.53   9.83   9.72   8.75   3.91   8.60   6.48   7.34   3.00   3.17   2.65 
  8.57   3.73   6.98   2.76   8.69   5.06   9.23   4.42   6.77   3.38   4.51   6.26   9.50   2.47   9.79   5.13   7.20   2.54   6.79   2.92   5.21   7.97   2.35   5.77   8.76   8.13   6.77   8.14   8.19   6.43   3.91   3.68   2.65   4.28   8.89   9.70   5.03   8.16   7.13   8.88   5.40   2.42   4.74   4.56   9.82   3.82   8.59   7.02   4.07 
  4.00   2.26   7.25   7.51   7.34   9.59   3.31   5.39   7.66   8.48   2.51   8.14   7.91   2.34   2.94   3.27   5.58   8.51   9.09   5.44   8.88   3.15   2.88   9.68   5.05   9.29   3.30   8.98   9.03   4.52   8.56   2.28   2.87   3.73   5.80   4.10   4.71   8.64   2.72   7.27   4.81   2.93   9.65   5.50   5.34   5.30   6.43   4.26   4.78 
  9.49   3.22   4.18   7.86   3.50   5.98   7.55   3.45   3.88   9.29   3.39   2.44   4.48   3.60   5.35   5.79   8.22   4.33   4.99   3.32   5.95   9.18   5.03   7.82   6.42   3.45   8.29   7.38   6.42   5.52   8.05   7.35   3.23   5.10   7.30   8.01   6.92   5.90   5.36   6.52   9.78   5.42   2.62   9.22   2.21   6.52   5.39   4.79   5.17 
  2.20   7.35   4.57   4.59   3.75   7.98   2.23   3.89   7.28   6.89   2.45   4.14   3.93   3.49   7.62   4.53   7.84   6.50   4.69   5.66   8.91   9.15   6.61   4.92   2.92   2.56   3.71   9.00   6.44   9.57   3.25   6.01   9.42   8.01   2.28   3.40   9.48   5.19   3.00   7.69   2.33   6.21   6.16   5.10   2.86   7.16   3.64   5.60   6.93 
  3.06   4.61   4.45   8.73   3.96   3.67   8.85   3.60   5.25   4.47   7.09   9.63   5.13   3.94   7.03   3.83   8.00   4.66   6.96   3.78   7.84   5.44   3.10   3.56   3.72   7.48   9.34   6.39   6.35   2.18   4.68   6.45   4.36   3.22   7.10   2.38   6.07   4.35   7.08   3.95   7.84   9.41   4.47   9.41   8.68   8.00   7.65   5.15   2.77 
  2.13   3.06   2.60   7.18   8.84   8.18   8.85   9.89   6.70   6.51   8.77   4.25   4.76   9.15   6.07   3.57   9.47   7.59   5.31   9.55   7.97   4.62   2.23   9.43   2.90   3.37   9.30   3.04   9.46   7.02   5.37   7.55   5.76   3.03   8.56   4.09   7.94   9.01   6.71   2.10   4.81   4.03   5.63   7.76   8.35   4.10   4.20   8.20   7.06 
  9.12   8.84   5.93   7.22   3.86   8.81   8.12   6.66   6.65   7.12   2.88   2.52   9.43   7.52   4.14   2.53   7.67   6.56   6.83   6.87   6.80   8.04   6.80   9.22   8.29   5.52   2.72   7.94   6.36   5.00   8.53   8.04   7.58   5.21   3.82   7.94   2.91   9.40   5.20   7.54   3.73   9.54   3.50   7.29   9.15   4.27   5.21   8.58   3.87 
  2.44   5.66   7.16   2.67   3.60   8.17   5.83   3.97   3.17   3.99   3.57   2.31   4.75   9.15   6.78   4.32   5.99   7.52   5.75   2.96   8.94   7.70   7.52   5.30   3.95   7.63   2.54   8.57   9.84   6.90   7.48   7.72   8.71   9.15   2.88   2.95   3.95   8.88   6.43   4.42   4.05   5.59   5.41   6.40   3.76   3.39   2.60   2.92   9.03 
  8.43   9.60   5.50   2.61   3.20   5.05   7.50   8.45   2.75   6.43   5.52   4.15   5.00   6.45   4.36   9.82   6.97   5.74   6.47   7.81   9.63   4.09   5.51   4.46   8.29   6.54   4.25   4.88   5.86   6.55   5.28   4.30   3.65   7.37   8.60   9.52   4.68   6.75   3.53   2.31   7.79   2.35   8.01   7.68   2.75   8.48   3.31   2.66   2.48 
  6.09   8.95   4.38   5.26   4.59   4.29   5.11   2.11   7.59   2.37   9.67   6.29   8.60   2.86   9.68   3.00   4.32   9.19   8.06   6.86   3.30   8.69   4.81   5.06   5.62   6.19   9.11   6.22   3.96   6.66   3.39   2.31   4.56   5.09   3.26   2.36   6.12   4.38   7.75   5.76   4.40   7.57   7.53   5.37   9.29   5.86   9.46   4.06   4.81 
  8.34   2.78   5.48   8.15   4.68   4.65   7.00   7.78   4.25   2.87   4.05   9.21   7.77   5.13   3.86   7.38   4.85   5.74   5.22   7.50   6.63   9.39   6.65   8.99   3.29   7.18   8.59   7.07   8.53   3.81   4.68   3.81   2.61   3.41   8.50   7.17   6.62   4.27   6.71   8.84   6.01   6.39   4.37   6.05   7.81   2.50   2.68   8.97   7.92 
  4.98   6.23   7.92   7.69   6.20   7.80   6.71   5.82   8.39   8.20   7.09   7.72   6.19   2.88   5.81   8.00   5.32   4.07   6.57   6.07   5.20   8.15   6.58   8.57   4.70   8.94   2.64   3.58   7.33   4.96   5.60   4.03   8.24   6.62   9.77   2.15   8.73   7.86   7.53   5.36   9.62   7.56   8.34   6.19   8.51   7.29   9.58   6.04   7.29 
  6.54   5.83   5.30   8.02   9.79   9.66   6.10   3.38   2.50   9.75   6.96   4.92   7.10   4.52   2.62   3.03   3.58   9.23   6.70   4.98   6.93   9.43   8.16   2.84   5.47   6.54   5.48   5.70   4.89   3.17   7.57   4.66   3.19   2.62   9.13   7.89   3.69   4.31   4.27   9.78   4.10   6.91   2.36   5.08   8.86   8.38   2.93   5.94   6.02 
  2.94   9.76   4.58   4.92   9.39   5.67   2.81   7.41   3.95   3.61   3.54   9.25   8.43   8.95   6.84   8.56   8.04   6.24   4.61   6.19   6.54   9.09   7.87   8.11   9.79   6.98   7.01   3.48   4.67   3.23   8.51   7.69   6.95   7.13   4.41   8.01   7.96   6.05   9.11   8.50   8.70   5.88   5.82   4.23   2.99   4.59   4.94   2.46   8.10 
  7.99   2.87   6.09   4.88   7.71   8.14   4.29   9.12   6.39   3.41   3.52   3.29   6.87   4.50   2.20   8.35   5.74   3.72   9.87   9.60   2.92   7.09   4.96   8.30   3.83   4.88   8.26   7.50   4.67   3.83   5.09   6.01   6.61   2.97   8.91   6.88   8.75   8.89   4.48   8.47   6.96   3.81   3.67   4.80   8.53   3.11   7.72   7.58   3.02 
  3.53   4.57   4.70   3.93   2.47   3.63   5.78   4.60   5.51   7.34   4.20   2.85   3.21   9.17   4.96   9.76   3.37   2.19   2.56   9.27   9.56   8.76   3.59   8.89   2.61   7.15   8.42   9.09   5.21   7.28   9.24   5.51   3.79   7.14   6.10   9.01   7.32   5.63   8.86   2.13   8.21   6.10   5.66   5.01   9.62   6.15   5.84   3.43   3.09 
  6.61   6.04   8.25   7.80   7.75   9.80   3.52   7.21   8.41   9.36   8.32   7.89   3.28   6.67   5.81   3.14   8.35   2.81   6.95   5.84   8.51   3.20   4.05   6.85   7.49   3.70   3.74   3.79   6.36   7.59   9.06   9.85   4.69   5.30   9.46   7.61   5.76   4.62   9.19   2.58   7.17   7.62   7.14   4.18   7.01   2.21   3.72   9.56   6.98 
  5.93   5.66   3.89   4.96   3.26   3.50   9.90   9.68   4.56   6.59   5.61   5.46   5.72   3.14   4.20   2.42   5.98   2.46   4.91   9.60   8.75   9.08   7.74   4.56   7.21   6.08   8.16   2.28   9.20   8.18   3.24   5.47   3.63   3.68   2.79   5.00   5.72   5.40   3.82   6.79   6.57   3.15   4.92   5.94   7.90   6.98   3.32   2.50   8.72 
  2.64   7.69   3.14   8.91   3.53   3.80   4.38   7.72   5.73   9.35   7.00   6.32   9.26   8.24   9.35   7.18   9.04   6.36   9.06   9.07   5.27   7.94   3.46   4.75   8.89   2.96   4.55   4.00   9.59   9.02   2.76   2.63   8.79   5.40   2.49   4.84   5.34   4.39   5.45   7.55   5.20   3.05   3.99   2.81   8.86   6.53   6.25   4.55   5.65 
  2.41   5.30   4.24   8.51   6.14   4.99   3.52   7.90   4.06   9.22   4.27   4.90   5.24   4.31   6.86   9.21   2.50   7.05   8.66   5.98   2.34   7.23   8.31   6.32   3.67   4.86   7.77   8.68   8.65   3.19   3.18   9.09   5.38   6.31   6.55   4.28   7.78   2.91   8.21   6.36   8.57   4.28   2.68   3.44   8.61   2.45   4.74   5.83   3.60 
  5.52   3.08   8.73   6.16   7.27   4.87   3.86   2.78   3.25   8.03   8.12   2.83   8.58   3.80   3.68   7.10   7.18   3.64   9.69   7.11   5.24   3.42   9.64   2.33   5.55   5.66   7.99   5.32   9.13   6.43   9.34   7.23   8.21   3.51   7.27   3.77   2.62   4.33   9.04   5.29   2.79   6.12   6.12   9.21   6.63   9.08   9.83   6.07   5.28 
  9.65   3.29   9.26   8.18   5.85   7.05   6.64   6.63   2.81   5.51   6.75   3.15   4.13   9.02   8.54   7.36   4.78   8.68   7.52   5.24   6.93   5.25   2.66   4.50   2.95   5.12   4.43   6.57   9.50   8.24   5.47   3.40   3.03   9.05   8.80   3.99   7.51   2.71   5.03   9.61   8.47   3.85   7.76   9.00   7.29   3.53   6.57   7.33   7.94 
  4.38   4.05   7.09   5.11   4.04   6.03   4.73   3.48   7.94   4.35   7.69   5.84   5.59   9.17   7.74   4.11   5.18   9.35   3.95   4.18   2.30   9.14   3.88   6.00   8.33   5.86   3.60   6.14   4.21   3.32   4.74   5.94   7.15   6.54   3.07   8.77   3.81   2.17   7.77   3.56   3.62   5.95   9.53   5.60   8.27   8.62   3.45   7.66   3.67 
  5.34   8.89   5.33   2.67   8.60   2.46   4.77   2.66   3.25   4.31   3.56   2.83   3.29   8.36   9.26   6.82   4.79   5.21   5.45   9.26   6.28   8.74   7.33   7.31   9.88   7.48   2.53   7.75   8.13   2.68   9.55   5.65   6.64   6.66   8.33   7.42   7.66   6.96   6.26   8.98   8.35   8.28   6.11   8.52   5.16   9.67   9.62   2.90   5.91 
  3.88   7.19   3.52   8.83   4.63   9.40   2.41   9.20   4.46   3.39   3.23   4.85   3.02   3.37   2.70   8.84   9.87   6.90   9.06   9.08   2.94   6.14   7.76   8.59   5.86   8.70   9.23   8.74   8.71   9.62   7.90   8.41   3.00   5.71   9.57   3.53   2.83   9.46   3.24   8.26   6.84   5.19   6.88   9.86   6.40   5.13   7.57   9.20   4.92 
  8.38   2.69   7.94   3.19   7.62   4.58   4.71   8.66   8.62   9.57   7.65   7.48   5.61   2.11   4.88   6.03   6.38   9.80   7.95   6.30   4.85   4.00   6.52   3.77   6.38   5.39   3.54   4.73   3.31   6.83   3.64   5.79   6.77   3.89   6.22   9.18   3.77   3.11   3.78   3.60   6.87   3.98   3.29   7.25   7.00   6.85   2.26   2.89   4.76 
  4.05   7.94   9.61   5.37   7.73   2.59   3.12   2.43   8.25   2.41   6.89   3.71   8.39   8.34   5.45   6.00   9.70   2.59   5.07   8.53   3.74   2.13   9.65   9.68   7.80   5.53   7.32   2.30   4.76   6.60   3.96   3.74   9.90   2.21   3.50   2.67   7.26   9.11   9.66   7.87   9.78   9.80   4.17   5.31   7.40   4.55   2.70   7.65   5.67 
  5.66   2.65   7.31   9.64   7.31   8.71   2.95   5.21   5.98   7.62   5.47   4.44   8.30   7.39   4.06   5.10   6.46   9.86   9.10   9.72   6.87   4.65   7.27   9.48   4.75   5.36   6.46   2.62   4.39   3.42   7.92   7.21   3.83   3.33   9.30   2.17   3.53   5.92   8.55   7.55   9.73   6.28   2.68   3.05   5.40   3.36   5.52   6.92   3.41 
---
