G_down: 49 50
  0.58   0.53   0.86   0.17   0.63   0.81   0.77   0.82   0.61   0.96   0.23   0.83   0.47   0.16   0.86   0.49   0.36   0.85   0.65   0.73   0.61   0.62   0.79   0.60   0.55   0.59   0.13   0.64   0.91   0.20   0.58   0.69   0.48   0.13   0.71   0.79   0.93   0.91   0.53   0.36   0.90   0.44   0.33   0.30   0.13   0.62   0.81   0.99   0.25   0.93 
  0.37   0.39   0.98   0.30   0.73   0.91   0.92   0.66   0.59   0.87   0.10   0.96   0.15   0.84   0.82   0.62   0.83   0.55   0.45   0.81   0.22   0.17   0.25   0.77   0.31   0.66   0.88   0.67   0.31   0.15   0.85   0.52   0.84   0.38   0.30   0.88   0.37   0.25   0.88   0.82   0.35   0.26   0.92   0.95   0.78   0.31   0.52   0.98   0.24   0.40 
  0.78   0.34   0.76   0.86   0.56   0.94   0.20   0.85   0.71   0.98   0.39   0.61   0.53   0.23   0.93   0.17   0.98   0.32   0.68   0.59   0.52   0.21   0.25   0.87   0.13   0.27   0.13   0.58   0.58   0.14   0.94   0.39   0.61   0.58   0.97   0.64   0.24   0.55   0.74   0.30   0.60   0.87   0.47   0.32   0.74   0.92   0.36   0.40   0.30   0.23 
  0.26   0.83   0.79   0.90   0.99   0.60   0.47   0.26   0.20   0.35   0.48   0.12   0.91   0.82   0.25   0.56   0.32   0.46   0.84   0.42   0.12   0.64   0.53   0.83   0.61   0.37   0.94   0.74   0.21   0.79   0.96   0.69   0.75   0.16   0.63   0.56   0.49   0.10   0.68   0.77   0.76   0.49   0.52   0.90   0.39   0.65   0.38   0.34   0.82   0.45 
  0.59   0.42   0.54   0.86   0.38   0.39   0.44   0.29   0.46   0.84   0.65   0.90   0.92   0.73   0.81   0.57   0.96   0.74   0.80   0.24   0.47   0.37   0.87   0.34   0.23   0.81   0.14   0.43   0.56   0.16   0.69   0.53   0.92   0.21   0.87   0.98   0.82   0.79   0.42   0.55   0.83   0.19   0.91   0.83   0.91   0.59   0.90   0.48   0.81   0.82 
  0.27   0.37   0.86   0.36   0.98   0.18   0.80   0.38   0.68   0.45   0.64   0.49   0.20   0.78   0.31   0.93   0.67   0.45   0.63   0.45   0.73   0.70   0.50   0.61   0.56   0.30   0.30   0.48   0.94   0.83   0.92   0.57   0.72   0.68   0.91   0.94   0.60   0.16   0.59   0.54   0.10   0.56   0.69   0.71   0.33   0.92   0.37   0.45   0.55   0.40 
  0.76   0.31   0.58   0.75   0.83   0.45   0.46   0.40   0.49   0.32   0.71   0.36   0.22   0.58   0.29   0.50   0.18   0.59   0.93   0.56   0.29   0.59   0.86   0.16   0.85   0.83   0.37   0.63   0.27   0.22   0.43   0.15   0.55   0.57   0.45   0.90   0.64   0.78   0.15   0.97   0.79   0.13   0.46   0.72   0.30   0.79   0.12   0.87   0.74   0.17 
  0.11   0.65   0.47   0.34   0.97   0.35   0.51   0.48   0.43   0.45   0.66   0.76   0.86   0.31   0.78   0.70   0.27   0.69   0.51   0.51   0.71   0.30   0.55   0.52   0.98   0.76   0.11   0.12   0.85   0.33   0.94   0.27   0.30   0.90   0.66   0.84   0.11   0.79   0.99   0.63   0.34   0.60   0.50   0.33   0.50   0.59   0.85   0.96   0.78   0.62 
  0.86   0.27   0.50   0.52   0.68   0.20   0.83   0.94   0.76   0.57   0.26   0.61   0.88   0.24   0.92   0.30   0.51   0.98   0.93   0.26   0.69   0.71   0.69   0.55   0.63   0.60   0.42   0.12   0.90   0.33   0.74   0.26   0.47   0.48   0.95   0.93   0.38   0.16   0.55   0.97   0.86   0.88   0.80   0.66   0.82   0.45   0.66   0.46   0.48   0.22 
  0.70   0.77   0.88   0.37   0.53   0.35   0.65   0.36   0.13   0.95   0.58   0.59   0.62   0.68   0.66   0.25   0.88   0.66   0.70   0.67   0.73   0.92   0.18   0.31   0.71   0.78   0.69   0.65   0.41   0.66   0.37   0.13   0.67   0.84   0.36   0.52   0.23   0.47   0.30   0.11   0.68   0.18   0.95   0.59   0.44   0.54   0.76   0.69   0.23   0.14 
  0.18   0.66   0.91   0.87   0.61   0.44   0.18   0.65   0.13   0.33   0.34   0.82   0.30   0.82   0.92   0.83   0.77   0.17   0.66   0.13   0.13   0.88   0.34   0.54   0.77   0.30   0.78   0.88   0.29   0.85   0.90   0.67   0.23   0.24   0.42   0.59   0.28   0.31   0.76   0.38   0.13   0.20   0.78   0.61   0.80   0.93   0.26   0.55   0.46   0.16 
  0.45   0.38   0.78   0.36   0.16   0.44   0.32   0.64   0.35   0.49   0.78   0.47   0.68   0.83   0.81   0.57   0.41   0.65   0.31   0.37   0.22   0.36   0.68   0.91   0.52   0.35   0.47   0.39   0.54   0.24   0.86   0.13   0.12   0.99   0.87   0.63   0.20   0.39   0.38   0.69   0.29   0.69   0.91   0.34   0.10   0.88   0.99   0.80   0.33   0.51 
  0.66   0.17   0.27   0.39   0.75   0.55   0.51   0.37   0.54   0.89   0.91   0.99   0.56   0.83   0.85   0.92   0.78   0.72   0.37   0.19   0.34   0.79   0.90   0.78   0.34   0.41   0.12   0.96   0.47   0.74   0.34   0.57   0.29   0.79   0.62   0.11   0.21   0.36   0.65   0.23   0.31   0.69   0.91   0.98   0.25   0.74   0.55   0.96   0.60   0.29 
  0.83   0.28   0.39   0.82   0.73   0.35   0.47   0.34   0.79   0.36   0.70   0.32   0.87   0.18   0.70   0.20   0.56   0.77   0.37   0.36   0.13   0.44   0.51   0.44   0.72   0.23   0.45   0.25   0.62   0.74   0.72   0.56   0.36   0.47   0.29   0.20   0.28   0.14   0.75   0.12   0.19   0.37   0.38   0.12   0.42   0.18   0.53   0.96   0.23   0.92 
  0.51   0.43   0.28   0.49   0.72   0.42   0.85   0.76   0.40   0.69   0.27   0.75   0.51   0.28   0.86   0.53   0.18   0.15   0.92   0.99   0.27   0.81   0.48   0.55   0.37   0.90   0.38   0.33   0.53   0.70   0.71   0.24   0.35   0.98   0.30   0.84   0.40   0.58   0.35   0.32   0.29   0.63   0.95   0.39   0.47   0.75   0.16   0.54   0.42   0.90 
  0.11   0.87   0.23   0.67   0.25   0.61   0.42   0.96   0.75   0.66   0.69   0.48   0.85   0.37   0.76   0.36   0.39   0.19   0.46   0.61   0.65   0.79   0.25   0.68   0.19   0.22   0.55   0.40   0.63   0.14   0.78   0.88   0.14   0.52   0.26   0.92   0.17   0.58   0.50   0.33   0.58   0.50   0.47   0.78   0.77   0.64   0.22   0.47   0.37   0.36 
  0.75   0.96   0.66   0.22   0.54   0.84   0.92   0.77   0.74   0.69   0.37   0.90   0.17   0.70   0.75   0.35   0.33   0.32   0.19   0.21   0.15   0.29   0.43   0.70   0.47   0.25   0.63   0.64   0.80   0.55   0.24   0.91   0.70   0.42   0.54   0.59   0.55   0.53   0.89   0.19   0.21   0.45   0.81   0.11   0.43   0.60   0.68   0.59   0.88   0.96 
  0.62   0.52   0.14   0.38   0.13   0.86   0.37   0.92   0.21   0.84   0.21   0.73   0.76   0.56   0.61   0.48   0.16   0.33   0.40   0.22   0.20   0.47   0.84   0.19   0.15   0.35   0.17   0.31   0.67   0.68   0.37   0.67   0.29   0.49   0.90   0.30   0.84   0.59   0.47   0.63   0.49   0.28   0.52   0.11   0.72   0.49   0.84   0.31   0.41   0.21 
  0.66   0.94   0.97   0.35   0.11   0.93   0.31   0.17   0.84   0.56   0.49   0.43   0.49   0.52   0.69   0.79   0.59   0.75   0.44   0.98   0.25   0.67   0.88   0.79   0.38   0.19   0.76   0.28   0.75   0.21   0.96   0.59   0.84   0.71   0.65   0.33   0.90   0.66   0.20   0.34   0.49   0.55   0.32   0.37   0.41   0.88   0.56   0.45   0.18   0.96 
  0.52   0.97   0.66   0.22   0.28   0.68   0.64   0.77   0.66   0.21   0.34   0.23   0.82   0.37   0.75   0.36   0.90   0.20   0.12   0.32   0.50   0.94   0.72   0.29   0.14   0.36   0.54   0.31   0.90   0.57   0.90   0.99   0.47   0.42   0.67   0.45   0.81   0.27   0.22   0.91   0.57   0.19   0.96   0.66   0.17   0.69   0.64   0.45   0.86   0.79 
  0.19   0.37   0.81   0.67   0.68   0.35   0.53   0.87   0.96   0.65   0.68   0.82   0.29   0.63   0.93   0.69   0.82   0.17   0.47   0.33   0.75   0.27   0.97   0.77   0.65   0.12   0.97   0.21   0.10   0.53   0.79   0.49   0.85   0.85   0.30   0.75   0.77   0.49   0.26   0.56   0.26   0.41   0.42   0.39   0.12   0.49   0.31   0.41   0.60   0.36 
  0.46   0.62   0.59   0.57   0.13   0.86   0.73   0.94   0.32   0.83   0.33   0.19   0.18   0.15   0.46   0.83   0.79   0.58   0.49   0.74   0.72   0.65   0.52   0.70   0.12   0.68   0.25   0.67   0.56   0.64   0.67   0.76   0.61   0.37   0.68   0.91   0.78   0.42   0.74   0.93   0.89   0.68   0.96   0.90   0.46   0.97   0.96   0.85   0.71   0.57 
  0.85   0.30   0.87   0.87   0.73   0.21   0.90   0.29   0.76   0.79   0.78   0.61   0.74   0.94   0.59   0.75   0.70   0.21   0.13   0.20   0.41   0.73   0.87   0.26   0.93   0.94   0.45   0.59   0.37   0.67   0.14   0.81   0.28   0.62   0.71   0.22   0.77   0.54   0.94   0.46   0.45   0.91   0.14   0.70   0.66   0.35   0.65   0.75   0.58   0.56 
  0.17   0.43   0.29   0.28   0.22   0.97   0.75   0.26   0.76   0.76   0.20   0.47   0.87   0.52   0.28   0.95   0.22   0.36   0.76   0.65   0.17   0.43   0.81   0.56   0.87   0.74   0.80   0.32   0.45   0.59   0.45   0.94   0.84   0.51   0.64   0.37   0.77   0.61   0.20   0.50   0.88   0.43   0.57   0.36   0.29   0.74   0.25   0.80   0.72   0.88 
  0.11   0.45   0.84   0.78   0.82   0.92   0.11   0.92   0.50   0.70   0.24   0.49   0.19   0.25   0.62   0.80   0.86   0.34   0.73   0.37   0.16   0.66   0.80   0.47   0.58   0.76   0.90   0.56   0.90   0.97   0.61   0.46   0.22   0.79   0.52   0.48   0.17   0.19   0.62   0.40   0.93   0.32   0.88   0.45   0.76   0.45   0.81   0.10   0.49   0.55 
  0.18   0.32   0.73   0.56   0.79   0.90   0.13   0.13   0.13   0.39   0.93   0.31   0.46   0.73   0.80   0.18   0.77   0.29   0.69   0.21   0.38   0.63   0.50   0.27   0.79   0.30   0.97   0.19   0.37   0.10   0.28   0.86   0.62   0.97   0.31   0.97   0.20   0.96   0.94   0.67   0.77   0.93   0.59   0.21   0.75   0.48   0.48   0.31   0.77   0.57 
  0.69   0.59   0.72   0.47   0.50   0.97   0.12   0.54   0.10   0.42   0.88   0.57   0.37   0.89   0.73   0.97   0.81   0.43   0.35   0.54   0.34   0.63   0.79   0.11   0.37   0.88   0.11   0.15   0.39   0.88   0.36   0.29   0.42   0.66   0.37   0.12   0.61   0.37   0.59   0.23   0.29   0.94   0.46   0.45   0.94   0.82   0.48   0.22   0.85   0.40 
  0.40   0.31   0.66   0.49   0.63   0.90   0.15   0.71   0.42   0.18   0.13   0.96   0.40   0.69   0.97   0.75   0.88   0.44   0.40   0.14   0.23   0.95   0.53   0.26   0.77   0.94   0.98   0.48   0.48   0.52   0.85   0.22   0.92   0.89   0.86   0.13   0.43   0.17   0.20   0.41   0.73   0.29   0.78   0.13   0.43   0.92   0.72   0.58   0.35   0.20 
  0.26   0.46   0.55   0.53   0.46   0.48   0.41   0.87   0.71   0.37   0.23   0.20   0.40   0.84   0.11   0.36   0.33   0.24   0.16   0.79   0.87   0.45   0.89   0.49   0.34   0.31   0.31   0.10   0.42   0.95   0.17   0.21   0.48   0.85   0.56   0.40   0.74   0.78   0.81   0.17   0.65   0.70   0.23   0.13   0.97   0.70   0.22   0.90   0.29   0.15 
  0.15   0.86   0.11   0.74   0.19   0.81   0.60   0.32   0.77   0.27   0.35   0.31   0.29   0.84   0.56   0.97   0.44   0.68   0.91   0.91   0.66   0.83   0.84   0.51   0.72   0.13   0.71   0.88   0.63   0.20   0.94   0.61   0.55   0.48   0.39   0.45   0.21   0.42   0.21   0.14   0.15   0.86   0.54   0.96   0.14   0.91   0.52   0.85   0.99   0.74 
  0.11   0.52   0.87   0.24   0.21   0.22   0.39   0.20   0.50   0.71   0.21   0.65   0.34   0.34   0.20   0.90   0.22   0.22   0.31   0.78   0.66   0.24   0.14   0.25   0.84   0.96   0.70   0.33   0.65   0.16   0.12   0.94   0.52   0.72   0.12   0.60   0.52   0.56   0.97   0.93   0.16   0.58   0.10   0.14   0.46   0.34   0.14   0.16   0.79   0.23 
  0.37   0.77   0.15   0.60   0.97   0.95   0.18   0.10   0.90   0.20   0.29   0.47   0.67   0.51   0.89   0.45   0.89   0.81   0.48   0.42   0.64   0.17   0.21   0.98   0.79   0.61   0.86   0.18   0.95   0.47   0.84   0.98   0.51   0.93   0.83   0.97   0.50   0.71   0.19   0.34   0.97   0.24   0.59   0.97   0.44   0.72   0.26   0.30   0.22   0.59 
  0.92   0.23   0.88   0.20   0.26   0.43   0.42   0.81   0.22   0.84   0.25   0.61   0.27   0.48   0.13   0.94   0.17   0.35   0.15   0.84   0.93   0.30   0.37   0.79   0.33   0.45   0.70   0.31   0.58   0.53   0.92   0.76   0.82   0.71   0.78   0.10   0.40   0.21   0.24   0.61   0.12   0.44   0.26   0.52   0.47   0.25   0.14   0.49   0.32   0.25 
  0.72   0.20   0.58   0.44   0.25   0.52   0.15   0.42   0.65   0.59   0.66   0.78   0.50   0.56   0.87   0.83   0.50   0.48   0.39   0.98   0.71   0.79   0.91   0.52   0.91   0.88   0.61   0.85   0.94   0.71   0.67   0.14   0.94   0.77   0.57   0.82   0.56   0.74   0.43   0.78   0.71   0.27   0.33   0.83   0.88   0.96   0.71   0.75   0.10   0.20 
  0.45   0.15   0.29   0.92   0.58   0.55   0.59   0.37   0.18   0.60   0.26   0.91   0.53   0.55   0.21   0.21   0.30   0.88   0.58   0.68   0.30   0.86   0.63   0.74   0.71   0.37   0.29   0.23   0.25   0.27   0.91   0.56   0.89   0.36   0.17   0.17   0.37   0.13   0.19   0.65   0.42   0.52   0.22   0.88   0.88   0.58   0.70   0.45   0.87   0.73 
  0.56   0.49   0.82   0.67   0.96   0.35   0.68   0.42   0.48   0.91   0.16   0.17   0.52   0.87   0.56   0.72   0.34   0.25   0.22   0.93   0.19   0.88   0.50   0.27   0.68   0.39   0.78   0.34   0.68   0.61   0.39   0.72   0.17   0.44   0.87   0.34   0.91   0.78   0.36   0.45   0.12   0.93   0.42   0.53   0.76   0.48   0.44   0.60   0.95   0.62 
  0.79   0.81   0.51   0.66   0.77   0.38   0.90   0.48   0.82   0.92   0.15   0.58   0.81   0.41   0.14   0.80   0.45   0.88   0.33   0.68   0.79   0.56   0.74   0.23   0.56   0.56   0.12   0.15   0.98   0.78   0.99   0.51   0.89   0.19   0.49   0.16   0.75   0.61   0.43   0.25   0.56   0.75   0.84   0.63   0.63   0.47   0.97   0.43   0.22   0.14 
  0.87   0.18   0.48   0.53   0.77   0.38   0.66   0.51   0.28   0.69   0.62   0.76   0.71   0.85   0.19   0.55   0.75   0.40   0.58   0.22   0.18   0.27   0.11   0.41   0.40   0.26   0.77   0.41   0.70   0.57   0.27   0.22   0.19   0.89   0.58   0.95   0.84   0.68   0.85   0.80   0.69   0.96   0.80   0.83   0.78   0.49   0.75   0.76   0.31   0.74 
  0.73   0.89   0.37   0.20   0.88   0.98   0.76   0.54   0.81   0.91   0.18   0.77   0.75   0.89   0.11   0.53   0.61   0.69   0.81   0.29   0.68   0.65   0.65   0.20   0.57   0.94   0.87   0.80   0.19   0.89   0.30   0.36   0.36   0.21   0.93   0.74   0.73   0.68   0.40   0.12   0.50   0.19   0.80   0.85   0.48   0.18   0.69   0.70   0.35   0.77 
  0.70   0.17   0.44   0.92   0.10   0.38   0.44   0.12   0.99   0.94   0.15   0.55   0.39   0.13   0.53   0.33   0.67   0.95   0.79   0.54   0.17   0.96   0.60   0.70   0.73   0.10   0.21   0.19   0.48   0.81   0.51   0.58   0.53   0.49   0.23   0.44   0.83   0.16   0.63   0.52   0.58   0.44   0.42   0.50   0.96   0.14   0.82   0.71   0.23   0.75 
  0.36   0.88   0.38   0.86   0.36   0.85   0.61   0.52   0.48   0.95   0.19   0.79   0.80   0.26   0.71   0.23   0.21   0.58   0.48   0.72   0.70   0.46   0.75   0.78   0.57   0.15   0.20   0.34   0.21   0.97   0.58   0.60   0.45   0.40   0.21   0.86   0.98   0.87   0.73   0.61   0.88   0.90   0.62   0.53   0.59   0.58   0.15   0.29   0.19   0.40 
  0.96   0.92   0.34   0.39   0.64   0.83   0.39   0.88   0.63   0.17   0.76   0.89   0.93   0.60   0.56   0.78   0.67   0.29   0.21   0.35   0.41   0.90   0.64   0.89   0.44   0.81   0.50   0.61   0.79   0.25   0.44   0.32   0.43   0.32   0.25   0.20   0.78   0.96   0.85   0.33   0.30   0.65   0.33   0.75   0.76   0.17   0.94   0.91   0.47   0.22 
  0.67   0.78   0.73   0.81   0.18   0.58   0.31   0.49   0.46   0.30   0.60   0.53   0.10   0.71   0.89   0.86   0.97   0.90   0.98   0.69   0.46   0.98   0.61   0.36   0.60   0.82   0.26   0.98   0.12   0.63   0.20   0.53   0.20   0.14   0.15   0.58   0.31   0.65   0.59   0.56   0.17   0.58   0.62   0.46   0.30   0.81   0.95   0.70   0.85   0.43 
  0.99   0.12   0.35   0.53   0.47   0.63   0.80   0.48   0.19   0.82   0.28   0.56   0.46   0.75   0.89   0.53   0.61   0.91   0.99   0.53   0.57   0.14   0.51   0.40   0.71   0.44   0.58   0.69   0.85   0.17   0.65   0.14   0.53   0.51   0.71   0.50   0.91   0.72   0.51   0.53   0.56   0.24   0.89   0.63   0.80   0.15   0.29   0.90   0.16   0.65 
  0.25   0.44   0.50   0.77   0.30   0.29   0.99   0.52   0.33   0.17   0.91   0.13   0.56   0.74   0.26   0.50   0.17   0.73   0.97   0.40   0.95   0.75   0.55   0.95   0.43   0.97   0.61   0.91   0.24   0.13   0.82   0.55   0.37   0.21   0.27   0.93   0.63   0.24   0.34   0.84   0.95   0.84   0.40   0.39   0.43   0.54   0.50   0.69   0.84   0.85 
  0.89   0.62   0.38   0.53   0.93   0.67   0.33   0.91   0.67   0.86   0.48   0.45   0.23   0.25   0.32   0.71   0.44   0.63   0.36   0.49   0.76   0.98   0.84   0.95   0.56   0.30   0.15   0.41   0.18   0.67   0.40   0.25   0.98   0.62   0.17   0.67   0.46   0.25   0.15   0.49   0.52   0.55   0.68   0.91   0.17   0.14   0.76   0.27   0.19   0.85 
  0.57   0.22   0.54   0.13   0.83   0.54   0.23   0.26   0.61   0.36   0.31   0.72   0.54   0.62   0.47   0.39   0.50   0.19   0.44   0.13   0.84   0.92   0.51   0.28   0.38   0.45   0.98   0.60   0.30   0.96   0.94   0.31   0.79   0.21   0.98   0.82   0.31   0.87   0.16   0.71   0.52   0.57   0.30   0.13   0.78   0.38   0.20   0.97   0.90   0.37 
  0.39   0.52   0.41   0.51   0.51   0.90   0.53   0.68   0.38   0.76   0.98   0.77   0.51   0.63   0.62   0.14   0.88   0.12   0.29   0.39   0.46   0.20   0.82   0.56   0.11   0.16   0.97   0.24   0.70   0.45   0.23   0.47   0.66   0.90   0.22   0.95   0.45   0.44   0.83   0.73   0.52   0.16   0.61   0.12   0.61   0.54   0.17   0.87   0.70   0.74 
  0.66   0.17   0.48   0.74   0.23   0.34   0.36   0.38   0.43   0.50   0.18   0.77   0.49   0.49   0.62   0.64   0.76   0.82   0.95   0.77   0.27   0.78   0.65   0.87   0.73   0.79   0.72   0.28   0.61   0.98   0.72   0.68   0.30   0.67   0.90   0.90   0.12   0.64   0.96   0.65   0.41   0.85   0.25   0.46   0.38   0.18   0.33   0.69   0.76   0.10 
---
G_right: 50 49
  0.76   0.57   0.84   0.76   0.77   0.32   0.88   0.50   0.90   0.11   0.60   0.22   0.12   0.97   0.90   0.29   0.36   0.73   0.97   0.28   0.96   0.59   0.50   0.74   0.80   0.33   0.32   0.66   0.60   0.46   0.68   0.90   0.63   0.17   0.98   0.26   0.86   0.32   0.81   0.84   0.43   0.82   0.20   0.25   0.45   0.18   0.74   0.80   0.53 
  0.33   0.96   0.31   0.15   0.17   0.18   0.83   0.71   0.38   0.58   0.38   0.23   0.63   0.17   0.42   0.63   0.10   0.15   0.61   0.35   0.63   0.12   0.58   0.23   0.88   0.10   0.11   0.58   0.38   0.47   0.50   0.77   0.75   0.14   0.59   0.70   0.56   0.96   0.85   0.21   0.17   0.28   0.43   0.33   0.93   0.49   0.90   0.83   0.96 
  0.96   0.42   0.75   0.13   0.28   0.93   0.82   0.17   0.74   0.67   0.76   0.81   0.76   0.93   0.19   0.40   0.33   0.31   0.93   0.48   0.16   0.51   0.77   0.73   0.45   0.31   0.93   0.45   0.29   0.36   0.55   0.88   0.61   0.68   0.49   0.32   0.20   0.71   0.89   0.38   0.86   0.37   0.25   0.42   0.75   0.16   0.31   0.42   0.58 
  0.64   0.26   0.34   0.43   0.74   0.60   0.28   0.18   0.64   0.52   0.90   0.34   0.68   0.95   0.95   0.82   0.41   0.81   0.89   0.29   0.51   0.24   0.28   0.98   0.62   0.38   0.98   0.72   0.89   0.81   0.60   0.48   0.43   0.57   0.91   0.24   0.19   0.36   0.89   0.33   0.23   0.18   0.87   0.13   0.74   0.69   0.58   0.31   0.23 
  0.41   0.92   0.67   0.69   0.67   0.10   0.80   0.87   0.28   0.45   0.44   0.73   0.25   0.67   0.98   0.50   0.14   0.47   0.19   0.62   0.80   0.87   0.11   0.84   0.24   0.43   0.86   0.40   0.82   0.30   0.27   0.71   0.47   0.82   0.30   0.28   0.15   0.46   0.38   0.12   0.71   0.88   0.15   0.37   0.64   0.55   0.80   0.58   0.71 
  0.54   0.88   0.48   0.30   0.77   0.77   0.45   0.14   0.87   0.69   0.48   0.57   0.60   0.62   0.41   0.22   0.80   0.78   0.40   0.64   0.31   0.76   0.23   0.25   0.61   0.29   0.62   0.34   0.95   0.21   0.59   0.73   0.90   0.72   0.74   0.87   0.12   0.63   0.40   0.27   0.23   0.60   0.31   0.68   0.84   0.33   0.31   0.68   0.76 
  0.13   0.80   0.48   0.42   0.92   0.84   0.56   0.14   0.36   0.14   0.73   0.87   0.78   0.28   0.29   0.53   0.64   0.66   0.58   0.73   0.18   0.64   0.77   0.30   0.98   0.50   0.73   0.25   0.30   0.69   0.43   0.65   0.70   0.60   0.35   0.89   0.38   0.72   0.37   0.49   0.38   0.22   0.92   0.72   0.11   0.68   0.82   0.92   0.85 
  0.58   0.15   0.56   0.80   0.27   0.46   0.33   0.14   0.49   0.91   0.12   0.49   0.65   0.81   0.97   0.77   0.39   0.31   0.71   0.93   0.36   0.95   0.90   0.71   0.67   0.79   0.55   0.22   0.93   0.50   0.68   0.27   0.71   0.87   0.92   0.55   0.45   0.36   0.43   0.26   0.64   0.98   0.82   0.98   0.94   0.12   0.63   0.21   0.31 
  0.72   0.34   0.59   0.88   0.61   0.85   0.40   0.50   0.81   0.95   0.46   0.44   0.66   0.49   0.61   0.80   0.26   0.66   0.69   0.14   0.27   0.29   0.77   0.35   0.54   0.66   0.62   0.21   0.51   0.46   0.60   0.31   0.23   0.53   0.59   0.39   0.61   0.40   0.91   0.89   0.86   0.67   0.81   0.70   0.26   0.94   0.49   0.19   0.43 
  0.66   0.74   0.70   0.81   0.29   0.82   0.75   0.98   0.10   0.36   0.87   0.24   0.93   0.57   0.94   0.54   0.56   0.93   0.93   0.98   0.34   0.49   0.50   0.43   0.46   0.80   0.88   0.36   0.35   0.33   0.72   0.50   0.89   0.27   0.45   0.81   0.72   0.16   0.69   0.60   0.18   0.24   0.78   0.16   0.53   0.37   0.50   0.81   0.17 
  0.55   0.26   0.46   0.54   0.55   0.58   0.73   0.39   0.34   0.45   0.15   0.30   0.48   0.45   0.98   0.65   0.80   0.69   0.77   0.85   0.76   0.62   0.41   0.53   0.78   0.62   0.27   0.98   0.92   0.96   0.75   0.97   0.79   0.53   0.11   0.43   0.22   0.90   0.94   0.56   0.12   0.73   0.40   0.76   0.54   0.50   0.54   0.82   0.14 
  0.36   0.95   0.97   0.88   0.55   0.42   0.29   0.26   0.62   0.92   0.93   0.40   0.72   0.16   0.73   0.75   0.45   0.61   0.12   0.27   0.29   0.22   0.15   0.17   0.29   0.25   0.90   0.13   0.29   0.79   0.54   0.19   0.49   0.42   0.85   0.97   0.89   0.81   0.51   0.45   0.24   0.86   0.52   0.17   0.56   0.91   0.50   0.36   0.83 
  0.16   0.92   0.39   0.89   0.17   0.13   0.83   0.78   0.35   0.30   0.80   0.18   0.65   0.24   0.67   0.52   0.94   0.38   0.23   0.96   0.98   0.29   0.52   0.16   0.97   0.78   0.45   0.51   0.82   0.79   0.25   0.66   0.66   0.15   0.99   0.18   0.68   0.31   0.44   0.82   0.22   0.18   0.28   0.80   0.36   0.80   0.94   0.53   0.72 
  0.51   0.40   0.89   0.47   0.87   0.41   0.62   0.80   0.64   0.66   0.19   0.82   0.74   0.14   0.43   0.75   0.87   0.91   0.94   0.14   0.65   0.75   0.62   0.55   0.62   0.89   0.38   0.63   0.75   0.11   0.43   0.50   0.23   0.15   0.20   0.70   0.96   0.78   0.57   0.76   0.73   0.82   0.78   0.43   0.11   0.96   0.87   0.36   0.16 
  0.84   0.27   0.54   0.20   0.12   0.98   0.66   0.67   0.35   0.92   0.66   0.86   0.33   0.71   0.75   0.89   0.65   0.42   0.12   0.22   0.17   0.37   0.18   0.11   0.53   0.83   0.49   0.14   0.68   0.68   0.67   0.38   0.29   0.40   0.45   0.51   0.80   0.55   0.58   0.31   0.39   0.12   0.62   0.25   0.34   0.90   0.95   0.72   0.27 
  0.14   0.38   0.13   0.36   0.54   0.88   0.34   0.56   0.45   0.82   0.11   0.34   0.29   0.49   0.58   0.87   0.80   0.30   0.24   0.51   0.53   0.71   0.29   0.48   0.57   0.26   0.31   0.93   0.83   0.83   0.51   0.48   0.39   0.32   0.41   0.61   0.67   0.47   0.86   0.63   0.81   0.23   0.82   0.92   0.78   0.15   0.65   0.60   0.63 
  0.21   0.25   0.94   0.48   0.68   0.97   0.34   0.75   0.72   0.40   0.52   0.74   0.25   0.57   0.33   0.30   0.24   0.43   0.15   0.45   0.48   0.24   0.73   0.31   0.62   0.43   0.22   0.16   0.34   0.27   0.15   0.39   0.11   0.62   0.92   0.90   0.55   0.52   0.52   0.62   0.35   0.64   0.70   0.55   0.27   0.83   0.85   0.59   0.14 
  0.62   0.26   0.59   0.65   0.95   0.48   0.65   0.85   0.82   0.37   0.94   0.58   0.51   0.92   0.48   0.11   0.82   0.30   0.30   0.70   0.21   0.76   0.42   0.78   0.73   0.93   0.18   0.81   0.95   0.19   0.74   0.87   0.27   0.69   0.13   0.52   0.29   0.42   0.61   0.76   0.28   0.43   0.62   0.83   0.75   0.53   0.93   0.63   0.69 
  0.96   0.63   0.75   0.76   0.13   0.94   0.84   0.41   0.58   0.69   0.37   0.35   0.24   0.82   0.15   0.57   0.73   0.49   0.27   0.70   0.83   0.45   0.16   0.25   0.53   0.91   0.56   0.86   0.48   0.26   0.85   0.10   0.13   0.36   0.42   0.34   0.23   0.76   0.56   0.38   0.90   0.61   0.16   0.87   0.40   0.86   0.96   0.77   0.64 
  0.11   0.58   0.27   0.77   0.52   0.53   0.34   0.57   0.24   0.14   0.16   0.20   0.71   0.15   0.17   0.89   0.59   0.73   0.82   0.13   0.50   0.53   0.36   0.46   0.24   0.86   0.85   0.15   0.26   0.70   0.19   0.90   0.91   0.61   0.58   0.71   0.92   0.71   0.79   0.80   0.14   0.43   0.36   0.43   0.43   0.35   0.34   0.14   0.78 
  0.93   0.64   0.28   0.33   0.14   0.42   0.46   0.65   0.29   0.30   0.59   0.29   0.38   0.64   0.48   0.44   0.85   0.34   0.42   0.15   0.76   0.14   0.30   0.14   0.91   0.74   0.24   0.86   0.66   0.16   0.23   0.24   0.12   0.90   0.21   0.41   0.59   0.79   0.43   0.32   0.77   0.84   0.28   0.79   0.47   0.42   0.48   0.70   0.44 
  0.91   0.21   0.16   0.34   0.66   0.62   0.92   0.91   0.25   0.56   0.59   0.56   0.41   0.32   0.39   0.96   0.13   0.20   0.22   0.59   0.73   0.51   0.66   0.39   0.36   0.40   0.77   0.21   0.63   0.53   0.86   0.46   0.50   0.31   0.96   0.28   0.77   0.62   0.75   0.57   0.22   0.64   0.16   0.40   0.64   0.78   0.69   0.23   0.73 
  0.20   0.43   0.64   0.52   0.75   0.33   0.31   0.58   0.37   0.85   0.70   0.12   0.56   0.48   0.59   0.37   0.18   0.16   0.11   0.82   0.47   0.30   0.39   0.96   0.52   0.65   0.63   0.84   0.23   0.95   0.16   0.95   0.95   0.49   0.64   0.50   0.17   0.65   0.93   0.69   0.81   0.41   0.27   0.13   0.61   0.93   0.92   0.78   0.44 
  0.62   0.61   0.27   0.95   0.30   0.86   0.91   0.96   0.26   0.63   0.43   0.91   0.78   0.64   0.31   0.83   0.69   0.92   0.38   0.72   0.26   0.59   0.62   0.71   0.78   0.28   0.29   0.18   0.36   0.38   0.57   0.66   0.75   0.71   0.12   0.59   0.71   0.85   0.34   0.53   0.74   0.69   0.38   0.73   0.89   0.13   0.48   0.29   0.87 
  0.63   0.31   0.22   0.45   0.87   0.17   0.17   0.72   0.84   0.38   0.38   0.93   0.17   0.99   0.38   0.81   0.85   0.21   0.86   0.60   0.31   0.65   0.21   0.77   0.85   0.58   0.61   0.94   0.89   0.98   0.57   0.38   0.38   0.93   0.14   0.31   0.88   0.28   0.38   0.74   0.73   0.91   0.16   0.99   0.72   0.27   0.67   0.48   0.66 
  0.34   0.27   0.94   0.67   0.54   0.58   0.72   0.71   0.90   0.18   0.45   0.31   0.66   0.90   0.48   0.73   0.30   0.69   0.75   0.93   0.20   0.75   0.16   0.94   0.48   0.82   0.71   0.97   0.88   0.23   0.72   0.77   0.72   0.37   0.90   0.91   0.65   0.84   0.55   0.50   0.25   0.34   0.68   0.32   0.49   0.86   0.50   0.74   0.12 
  0.82   0.24   0.69   0.93   0.95   0.64   0.62   0.39   0.75   0.96   0.32   0.45   0.49   0.37   0.59   0.48   0.60   0.89   0.24   0.85   0.54   0.52   0.34   0.31   0.64   0.27   0.65   0.39   0.20   0.82   0.92   0.66   0.94   0.56   0.74   0.69   0.76   0.56   0.40   0.92   0.66   0.89   0.21   0.68   0.21   0.80   0.82   0.54   0.67 
  0.80   0.52   0.30   0.83   0.15   0.56   0.40   0.11   0.95   0.60   0.91   0.13   0.26   0.42   0.43   0.50   0.47   0.78   0.64   0.25   0.55   0.80   0.60   0.62   0.31   0.43   0.36   0.25   0.98   0.31   0.94   0.82   0.69   0.99   0.40   0.79   0.51   0.87   0.42   0.79   0.45   0.70   0.45   0.41   0.23   0.16   0.76   0.56   0.34 
  0.26   0.23   0.96   0.37   0.36   0.13   0.40   0.16   0.70   0.89   0.56   0.61   0.43   0.87   0.45   0.37   0.26   0.29   0.59   0.92   0.73   0.74   0.76   0.78   0.76   0.32   0.43   0.60   0.87   0.32   0.94   0.86   0.16   0.92   0.67   0.79   0.95   0.10   0.38   0.86   0.49   0.14   0.65   0.11   0.17   0.15   0.16   0.34   0.74 
  0.75   0.97   0.60   0.90   0.89   0.23   0.65   0.83   0.67   0.15   0.62   0.92   0.74   0.36   0.72   0.53   0.84   0.20   0.76   0.11   0.84   0.12   0.42   0.44   0.15   0.82   0.48   0.28   0.96   0.66   0.16   0.58   0.95   0.84   0.71   0.48   0.11   0.81   0.44   0.16   0.50   0.66   0.55   0.80   0.50   0.78   0.91   0.63   0.54 
  0.76   0.99   0.59   0.15   0.76   0.16   0.23   0.69   0.84   0.34   0.30   0.25   0.47   0.32   0.76   0.89   0.37   0.51   0.76   0.72   0.60   0.51   0.97   0.18   0.92   0.94   0.35   0.61   0.84   0.87   0.81   0.22   0.42   0.45   0.14   0.62   0.48   0.29   0.81   0.23   0.60   0.11   0.93   0.48   0.92   0.70   0.57   0.26   0.11 
  0.25   0.21   0.17   0.20   0.11   0.13   0.71   0.31   0.96   0.98   0.94   0.32   0.79   0.86   0.73   0.68   0.91   0.53   0.62   0.89   0.71   0.18   0.22   0.64   0.72   0.97   0.82   0.47   0.14   0.80   0.73   0.56   0.82   0.60   0.85   0.29   0.66   0.95   0.35   0.90   0.64   0.51   0.93   0.39   0.55   0.76   0.16   0.76   0.36 
  0.15   0.13   0.94   0.91   0.56   0.72   0.79   0.94   0.37   0.58   0.45   0.56   0.85   0.22   0.84   0.35   0.79   0.59   0.30   0.36   0.22   0.58   0.49   0.63   0.78   0.65   0.94   0.37   0.19   0.50   0.22   0.89   0.86   0.15   0.12   0.69   0.86   0.90   0.71   0.73   0.35   0.65   0.41   0.71   0.39   0.17   0.19   0.85   0.54 
  0.62   0.95   0.87   0.18   0.50   0.76   0.47   0.83   0.98   0.69   0.86   0.19   0.51   0.53   0.39   0.16   0.55   0.70   0.15   0.74   0.98   0.49   0.66   0.56   0.79   0.27   0.49   0.88   0.76   0.42   0.86   0.77   0.35   0.85   0.86   0.46   0.24   0.95   0.43   0.13   0.93   0.79   0.79   0.40   0.78   0.89   0.76   0.45   0.51 
  0.93   0.91   0.34   0.34   0.15   0.55   0.71   0.75   0.91   0.86   0.71   0.13   0.57   0.11   0.33   0.88   0.20   0.22   0.83   0.68   0.87   0.84   0.54   0.41   0.51   0.60   0.63   0.11   0.13   0.89   0.71   0.23   0.55   0.38   0.94   0.96   0.38   0.41   0.48   0.32   0.73   0.97   0.41   0.22   0.48   0.14   0.91   0.35   0.11 
  0.86   0.95   0.27   0.93   0.37   0.21   0.89   0.19   0.49   0.14   0.99   0.76   0.88   0.59   0.71   0.57   0.92   0.35   0.49   0.66   0.92   0.67   0.65   0.54   0.87   0.84   0.78   0.90   0.33   0.71   0.38   0.41   0.85   0.13   0.12   0.54   0.45   0.71   0.83   0.64   0.79   0.64   0.87   0.76   0.75   0.36   0.52   0.70   0.68 
  0.84   0.50   0.30   0.45   0.12   0.92   0.94   0.74   0.26   0.96   0.28   0.95   0.37   0.24   0.73   0.52   0.44   0.24   0.94   0.47   0.79   0.66   0.11   0.63   0.17   0.12   0.29   0.31   0.34   0.23   0.72   0.24   0.43   0.87   0.59   0.65   0.64   0.22   0.63   0.81   0.74   0.47   0.52   0.47   0.31   0.44   0.64   0.50   0.71 
  0.88   0.68   0.85   0.98   0.20   0.18   0.46   0.57   0.27   0.92   0.69   0.58   0.81   0.85   0.56   0.12   0.60   0.36   0.95   0.14   0.45   0.96   0.60   0.50   0.49   0.42   0.60   0.36   0.45   0.42   0.62   0.21   0.88   0.39   0.71   0.98   0.28   0.48   0.45   0.33   0.54   0.35   0.21   0.97   0.11   0.73   0.30   0.69   0.26 
  0.98   0.69   0.50   0.69   0.21   0.11   0.52   0.10   0.88   0.73   0.48   0.59   0.24   0.95   0.46   0.80   0.70   0.86   0.11   0.42   0.39   0.21   0.65   0.67   0.27   0.93   0.88   0.84   0.58   0.43   0.76   0.45   0.26   0.67   0.68   0.20   0.25   0.36   0.58   0.76   0.10   0.86   0.39   0.94   0.41   0.20   0.44   0.27   0.12 
  0.87   0.16   0.50   0.46   0.70   0.28   0.39   0.58   0.14   0.17   0.15   0.33   0.59   0.16   0.27   0.76   0.83   0.85   0.61   0.34   0.65   0.11   0.93   0.25   0.89   0.24   0.43   0.98   0.83   0.56   0.37   0.42   0.44   0.16   0.50   0.45   0.90   0.93   0.50   0.19   0.53   0.76   0.77   0.44   0.59   0.85   0.44   0.42   0.85 
  0.91   0.89   0.30   0.34   0.69   0.31   0.21   0.24   0.85   0.43   0.86   0.11   0.44   0.93   0.50   0.29   0.57   0.65   0.37   0.54   0.23   0.95   0.84   0.12   0.38   0.57   0.19   0.73   0.58   0.48   0.92   0.96   0.56   0.72   0.30   0.91   0.52   0.32   0.92   0.16   0.52   0.72   0.82   0.26   0.92   0.72   0.52   0.23   0.99 
  0.98   0.37   0.44   0.33   0.76   0.26   0.25   0.94   0.76   0.84   0.92   0.11   0.61   0.23   0.21   0.20   0.62   0.50   0.88   0.43   0.18   0.40   0.77   0.86   0.92   0.88   0.64   0.91   0.92   0.90   0.64   0.97   0.33   0.44   0.93   0.54   0.88   0.45   0.30   0.51   0.20   0.31   0.66   0.33   0.28   0.83   0.69   0.97   0.45 
  0.71   0.85   0.42   0.98   0.85   0.34   0.67   0.48   0.60   0.10   0.15   0.31   0.15   0.90   0.38   0.88   0.92   0.52   0.34   0.28   0.70   0.37   0.98   0.32   0.88   0.96   0.74   0.84   0.83   0.77   0.64   0.97   0.47   0.45   0.78   0.11   0.76   0.38   0.27   0.21   0.31   0.53   0.25   0.45   0.93   0.30   0.33   0.26   0.36 
  0.93   0.71   0.30   0.49   0.22   0.92   0.35   0.20   0.77   0.43   0.80   0.31   0.48   0.93   0.80   0.25   0.57   0.19   0.86   0.22   0.90   0.77   0.38   0.11   0.48   0.97   0.67   0.36   0.64   0.74   0.35   0.25   0.90   0.47   0.27   0.92   0.59   0.97   0.95   0.49   0.48   0.71   0.22   0.97   0.23   0.58   0.53   0.36   0.43 
  0.43   0.68   0.23   0.43   0.79   0.86   0.87   0.60   0.85   0.34   0.65   0.78   0.63   0.34   0.80   0.66   0.87   0.31   0.75   0.70   0.69   0.99   0.58   0.61   0.13   0.30   0.11   0.76   0.76   0.37   0.81   0.78   0.49   0.89   0.77   0.38   0.93   0.43   0.45   0.50   0.73   0.74   0.13   0.52   0.18   0.91   0.11   0.36   0.52 
  0.24   0.82   0.14   0.80   0.12   0.58   0.93   0.51   0.97   0.60   0.40   0.38   0.40   0.16   0.96   0.83   0.39   0.97   0.95   0.37   0.88   0.12   0.15   0.37   0.50   0.86   0.21   0.23   0.39   0.34   0.95   0.64   0.65   0.13   0.55   0.70   0.79   0.73   0.86   0.34   0.94   0.62   0.62   0.63   0.12   0.17   0.14   0.29   0.35 
  0.34   0.67   0.17   0.51   0.52   0.68   0.84   0.85   0.65   0.62   0.97   0.84   0.92   0.48   0.32   0.60   0.45   0.70   0.90   0.90   0.61   0.44   0.69   0.81   0.27   0.58   0.45   0.58   0.25   0.60   0.57   0.98   0.32   0.38   0.42   0.24   0.72   0.66   0.13   0.28   0.30   0.96   0.67   0.15   0.13   0.17   0.64   0.71   0.77 
  0.65   0.29   0.46   0.51   0.84   0.27   0.72   0.16   0.70   0.59   0.24   0.38   0.66   0.95   0.46   0.18   0.64   0.36   0.58   0.81   0.81   0.73   0.20   0.78   0.62   0.31   0.23   0.41   0.51   0.57   0.51   0.34   0.40   0.68   0.94   0.40   0.17   0.97   0.64   0.95   0.89   0.49   0.91   0.68   0.40   0.13   0.98   0.76   0.33 
  0.44   0.85   0.55   0.82   0.50   0.67   0.38   0.88   0.12   0.50   0.22   0.35   0.37   0.84   0.19   0.96   0.49   0.11   0.83   0.18   0.82   0.20   0.89   0.34   0.82   0.50   0.11   0.54   0.77   0.82   0.98   0.39   0.35   0.68   0.53   0.92   0.92   0.58   0.22   0.89   0.54   0.65   0.12   0.63   0.11   0.32   0.80   0.30   0.45 
  0.82   0.39   0.77   0.64   0.63   0.73   0.50   0.88   0.53   0.16   0.66   0.85   0.22   0.20   0.48   0.62   0.16   0.76   0.25   0.33   0.34   0.36   0.93   0.74   0.37   0.15   0.63   0.91   0.53   0.76   0.70   0.33   0.18   0.40   0.40   0.32   0.71   0.84   0.71   0.45   0.46   0.74   0.26   0.22   0.56   0.93   0.48   0.36   0.52 
---
G_diag: 49 49
  7.69   2.47   6.35   4.15   7.97   9.12   6.32   4.66   5.30   6.09   7.50   6.08   2.25   4.15   8.51   7.17   8.96   7.59   6.25   6.66   8.29   7.73   9.51   3.61   3.95   7.61   3.41   9.84   3.65   4.13   4.06   8.62   6.27   6.98   5.89   5.14   7.56   3.04   4.04   2.45   5.57   6.07   9.57   4.52   3.71   5.84   6.27   2.37   8.93 
  3.27   9.28   3.59   5.17   2.21   4.96   2.81   8.40   2.37   9.62   2.81   5.35   7.69   6.03   5.93   7.06   4.73   9.65   6.75   8.34   9.01   2.36   5.89   9.47   2.32   9.23   2.23   9.41   6.19   6.92   2.62   7.67   3.48   3.86   5.98   6.85   5.81   7.75   8.47   5.97   4.10   4.24   9.73   4.07   6.71   4.49   3.13   3.74   8.43 
  6.92   2.76   9.42   3.39   5.37   6.49   9.21   9.28   4.15   5.93   5.57   9.57   7.91   7.13   2.54   2.67   9.07   4.06   9.40   3.46   5.83   4.65   5.48   9.04   3.03   8.11   8.35   7.77   5.53   4.87   6.40   2.98   3.95   3.69   9.63   6.63   6.80   6.64   3.80   2.45   5.93   8.95   9.27   7.82   7.63   7.84   6.83   4.72   2.57 
  3.73   5.74   3.16   8.50   4.89   3.89   2.46   3.84   3.76   2.90   2.61   4.31   4.25   5.96   5.43   4.09   2.25   5.25   8.24   7.10   8.96   7.46   6.70   5.06   8.08   7.64   9.35   7.12   3.23   9.43   6.61   9.52   4.36   4.08   3.94   6.53   7.68   3.46   9.12   4.15   3.24   2.65   6.54   6.79   5.55   4.02   8.78   4.80   5.81 
  3.31   2.22   4.45   2.54   5.67   7.57   5.80   4.67   3.90   4.86   8.35   8.65   7.36   2.25   3.31   9.86   6.34   7.19   2.62   4.70   8.11   8.27   7.23   3.69   5.91   7.73   8.41   3.04   7.67   5.17   6.20   8.27   5.18   5.84   3.16   7.00   2.66   4.41   2.13   4.55   2.43   4.35   7.62   9.10   9.22   2.97   9.14   6.05   5.17 
  2.32   3.52   8.86   4.29   7.84   3.13   5.03   9.37   3.40   4.83   3.52   5.55   9.36   9.86   9.77   8.04   5.80   8.60   2.41   7.10   4.71   2.59   9.35   7.13   8.64   2.38   9.38   4.83   6.49   3.39   9.55   6.19   4.34   9.74   4.85   9.41   9.48   5.53   5.36   5.33   8.10   8.51   6.17   9.26   4.89   2.27   7.98   9.40   5.25 
  6.45   2.71   3.44   9.51   4.05   4.56   4.13   9.08   7.09   4.53   5.94   9.72   7.65   8.04   6.81   2.98   7.57   2.61   5.31   7.75   5.98   9.25   9.23   7.83   2.65   2.80   5.20   8.52   3.03   8.44   7.43   6.54   8.67   3.61   2.60   2.11   8.80   8.36   8.66   5.42   2.20   5.00   4.84   9.00   2.71   5.92   2.75   3.36   8.80 
  6.84   4.42   7.39   4.98   6.68   4.95   2.34   7.20   6.81   5.80   3.72   9.57   3.75   7.63   6.26   9.11   5.26   5.25   5.57   7.68   8.99   4.23   7.08   5.87   6.00   7.88   8.08   4.68   6.13   9.68   6.23   8.02   2.72   5.24   3.39   9.62   4.68   5.42   6.13   3.23   4.05   8.78   6.98   2.23   5.63   8.77   7.19   3.90   8.24 
  5.17   2.62   6.44   4.03   5.36   3.16   9.00   9.62   8.88   8.94   5.79   2.10   8.78   5.22   4.75   8.36   6.50   6.61   9.16   3.76   7.52   5.57   7.00   8.34   3.37   5.52   8.78   3.69   3.78   7.92   3.78   8.91   8.23   9.57   9.59   3.65   4.57   8.78   3.14   4.91   8.23   3.21   2.56   6.79   7.50   4.68   4.98   3.79   3.45 
  6.31   3.11   6.86   8.11   7.81   6.89   5.44   8.19   2.24   7.25   2.36   8.74   7.30   3.97   8.57   9.39   2.26   4.98   8.87   8.54   3.16   4.50   7.16   9.15   4.52   3.01   9.63   6.67   5.53   3.04   5.74   7.90   8.77   4.81   8.32   9.11   3.02   4.75   7.73   5.16   6.06   2.40   5.87   5.95   6.83   7.27   7.24   7.75   6.74 
  7.15   9.66   2.68   8.55   8.65   3.58   6.15   6.01   7.70   6.15   7.35   6.38   9.19   9.41   2.13   8.51   3.12   5.72   9.15   5.83   4.80   3.44   9.13   5.64   4.69   6.04   9.68   5.74   9.77   6.42   5.94   7.96   7.66   9.16   9.44   5.78   2.81   6.31   2.69   7.27   9.46   7.42   8.86   2.87   5.47   2.30   2.36   6.78   6.27 
  7.18   3.82   2.90   6.29   9.76   2.11   6.01   7.67   9.67   2.83   8.41   8.20   4.07   7.93   5.16   7.34   4.89   7.01   7.50   4.23   7.77   3.54   6.53   9.31   6.55   5.03   2.16   3.90   7.68   3.88   3.93   7.46   5.21   4.17   5.87   6.36   5.23   9.36   3.55   9.31   7.32   2.18   5.26   7.29   9.85   8.38   5.31   3.30   2.17 
  4.19   5.80   9.50   4.88   7.36   9.41   9.70   9.36   7.87   7.53   5.11   8.04   9.48   8.35   5.43   9.46   6.12   5.22   3.33   5.49   2.88   6.85   8.51   7.20   5.81   9.11   7.57   4.01   7.43   5.24   9.20   6.43   6.54   3.97   7.77   2.78   4.18   8.87   4.74   4.15   9.80   8.22   6.94   6.48   8.41   5.53   6.37   5.44   4.40 
  7.09   8.69   2.73   8.03   7.55   7.82   6.24   4.64   4.92   8.31   8.45   5.83   2.52   5.84   5.16   4.85   2.20   8.02   7.86   2.76   4.59   9.41   8.56   9.48   5.33   8.50   4.03   5.52   3.45   5.11   8.03   9.31   5.06   8.87   2.77   3.87   7.99   4.54   4.05   7.82   7.53   6.27   4.87   7.27   9.06   5.66   6.22   7.21   7.33 
  5.52   7.48   6.25   3.94   2.71   2.44   3.37   2.56   6.53   7.94   2.81   9.73   6.10   7.03   6.53   9.42   2.94   2.10   5.97   9.78   9.56   6.49   7.50   6.46   3.18   4.21   2.70   9.05   3.14   7.32   2.76   5.00   9.89   3.92   9.44   6.40   9.00   3.98   3.62   6.67   5.20   2.31   2.59   5.79   7.12   5.86   9.03   3.29   4.43 
  7.20   8.21   3.53   2.48   9.29   4.59   4.77   9.15   5.94   3.60   2.28   4.30   2.25   9.61   7.53   6.56   4.70   5.34   9.64   4.12   3.95   4.67   5.31   6.04   5.18   9.12   2.88   2.28   5.90   7.52   2.42   8.34   6.70   3.31   4.64   3.13   4.73   7.91   9.07   9.17   2.47   2.18   3.88   6.05   6.81   8.19   3.41   9.31   8.65 
  2.26   4.59   9.51   8.97   5.46   2.30   5.78   9.05   4.16   9.76   7.26   8.56   4.64   6.58   5.16   7.38   7.03   7.18   6.16   6.24   7.29   9.13   2.84   4.92   2.78   5.67   9.64   3.54   5.04   2.31   7.34   2.27   9.01   5.53   6.10   9.39   8.16   7.75   7.27   7.25   6.00   2.13   5.67   7.20   9.46   4.98   5.93   2.46   9.16 
  7.58   4.94   4.78   5.84   4.01   9.51   9.50   8.98   5.63   3.67   5.56   8.59   8.48   2.36   7.83   5.32   6.28   4.29   5.62   6.14   8.15   9.56   8.35   5.62   7.75   7.04   3.57   8.28   2.19   9.46   3.78   7.39   3.64   9.32   3.61   2.10   9.67   5.35   5.85   6.96   7.24   5.91   2.26   9.43   3.31   9.73   2.10   9.78   4.44 
  2.18   6.68   6.17   7.69   8.56   2.74   3.41   4.39   4.11   2.48   2.12   5.13   6.48   7.74   2.62   4.81   7.25   5.68   9.04   6.90   6.80   3.23   4.66   2.63   9.17   4.32   4.41   9.09   3.71   3.81   6.16   4.65   4.67   4.20   9.13   3.83   6.20   4.94   2.19   7.42   2.71   4.65   9.63   8.26   7.20   6.52   7.56   6.70   8.96 
  8.51   6.69   2.85   5.22   2.62   8.98   6.05   7.69   3.37   6.85   5.20   9.65   8.72   2.74   7.80   2.14   7.28   8.07   7.77   6.28   3.84   8.10   3.82   6.87   8.30   2.89   4.19   2.50   9.81   7.79   6.79   9.54   9.83   4.78   9.09   9.09   7.80   7.69   9.79   8.11   7.64   2.97   8.98   2.70   4.86   7.16   3.70   7.93   8.56 
  2.81   3.17   3.32   6.44   4.51   3.40   2.69   9.70   8.11   5.06   8.75   8.06   7.76   7.28   9.55   2.84   8.01   4.26   2.90   9.23   7.10   8.97   9.16   6.99   9.09   2.98   3.19   8.12   5.84   9.73   5.13   4.66   4.66   4.21   3.48   3.38   5.70   4.76   7.87   6.69   3.19   8.40   9.69   6.98   3.44   6.07   4.22   4.82   3.84 
  2.19   7.59   9.11   9.69   4.81   5.68   7.22   3.53   8.24   6.45   7.87   9.38   3.92   9.22   7.82   8.43   8.04   8.48   8.00   7.94   4.93   7.27   6.68   3.29   8.12   4.52   6.76   4.37   9.17   4.11   4.82   3.71   7.29   5.55   7.58   5.89   9.78   2.18   8.40   4.29   9.13   5.00   2.55   7.46   9.03   8.70   5.12   4.01   5.53 
  5.07   7.93   8.28   6.69   6.80   5.80   8.06   2.91   8.45   5.13   6.07   3.86   2.42   9.22   4.63   7.42   2.90   4.89   8.59   6.36   2.32   5.07   3.05   4.09   5.74   8.70   7.49   6.56   6.73   9.55   5.84   7.56   2.61   7.28   4.81   3.53   8.87   4.17   9.52   2.64   5.77   9.21   2.83   6.76   2.22   9.68   7.95   9.29   6.11 
  4.85   6.35   5.04   7.00   2.90   4.97   9.60   4.87   2.13   3.95   5.56   7.99   7.30   5.28   4.83   4.41   3.70   6.32   4.59   2.67   6.00   2.24   3.67   7.70   6.94   4.47   4.77   7.77   4.98   4.83   9.41   4.07   8.14   3.47   4.53   6.32   2.46   7.66   6.53   7.24   7.38   5.12   9.03   7.04   5.69   8.52   5.74   8.30   9.89 
  8.57   7.78   6.96   7.24   5.26   9.03   2.70   2.65   6.68   4.02   4.59   6.94   8.56   8.12   9.72   7.44   3.47   9.87   6.71   7.83   8.25   6.51   3.39   9.03   7.60   5.64   3.01   3.38   3.56   3.76   6.66   4.84   9.18   4.61   8.20   9.12   7.83   4.23   3.04   8.53   5.86   7.43   6.63   2.53   9.47   3.14   9.14   7.25   9.81 
  9.88   8.51   6.80   9.77   6.94   4.46   2.46   4.57   2.50   6.75   3.12   7.11   3.02   9.06   2.26   5.92   7.21   4.81   6.46   9.01   7.87   3.58   3.97   9.78   7.70   6.98   7.78   9.59   9.07   4.94   6.97   4.43   4.89   7.38   2.93   5.29   5.48   7.30   4.27   9.36   2.89   3.95   8.33   7.84   3.60   2.96   9.33   7.64   9.17 
  8.66   2.30   3.84   6.00   4.15   2.18   4.38   4.70   5.75   6.36   2.36   3.33   6.34   8.89   9.42   7.04   5.17   9.84   7.22   3.05   3.10   3.37   8.13   4.82   9.19   6.30   9.65   5.99   7.84   2.59   3.04   6.69   4.55   4.64   4.95   6.85   9.56   8.95   4.56   5.80   9.15   8.09   5.77   7.88   7.15   2.15   7.95   5.03   6.79 
  7.18   9.30   4.92   9.55   7.07   6.74   7.88   6.84   9.24   7.51   6.74   5.73   5.58   4.10   4.12   2.10   7.91   7.91   9.20   7.96   4.55   5.52   2.52   3.04   5.72   5.32   3.47   3.52   5.20   8.76   5.33   3.77   3.93   3.88   2.63   9.02   6.86   4.96   8.93   3.56   9.36   2.67   5.45   8.88   3.51   4.27   6.20   8.42   7.02 
  8.19   8.45   6.71   6.85   9.47   8.68   3.40   3.90   2.70   6.11   8.10   3.35   4.36   4.08   7.97   8.33   8.66   6.72   4.19   3.97   4.08   3.73   7.74   8.49   2.51   4.48   8.78   4.25   9.63   9.51   2.71   2.56   6.16   6.72   9.54   4.24   7.76   3.66   3.67   3.93   8.90   8.17   4.35   9.76   3.35   5.07   6.80   8.95   3.32 
  3.21   2.77   6.16   2.19   5.37   7.25   5.36   5.54   5.29   8.30   7.51   7.63   7.43   5.59   3.88   4.39   8.43   2.61   2.96   8.60   5.83   6.26   6.80   8.25   5.08   7.29   5.83   5.70   3.25   7.30   7.11   8.76   2.33   4.69   4.69   3.56   4.62   5.25   2.70   8.59   4.52   8.73   2.31   2.62   6.88   2.53   6.51   5.24   2.39 
  2.65   6.07   6.47   5.85   2.76   8.63   5.47   4.29   4.68   5.87   6.25   3.15   5.38   5.49   6.93   6.35   9.22   4.61   8.58   3.99   2.67   6.15   5.37   6.65   6.61   3.84   8.62   4.25   3.61   6.71   6.93   8.92   5.64   7.15   5.78   4.68   3.51   4.36   3.13   3.90   5.95   3.21   7.31   9.36   7.37   9.81   4.46   2.93   9.65 
  5.71   9.63   2.84   8.45   8.36   4.85   9.00   3.30   7.52   8.06   3.95   8.50   7.54   6.48   2.83   6.14   5.52   3.41   8.13   2.77   5.83   7.76   3.94   5.93   3.40   8.29   8.44   9.80   7.58   4.06   7.69   4.79   9.56   6.09   5.88   7.08   7.48   7.66   4.72   8.18   7.10   9.87   8.23   3.81   4.68   8.59   3.45   3.08   5.45 
  8.79   5.04   4.99   3.70   6.46   8.14   8.66   5.24   5.60   3.81   6.24   7.93   5.44   6.51   2.89   7.32   3.17   7.07   2.94   5.13   6.07   8.29   2.65   8.60   7.38   5.30   4.97   6.90   6.72   4.77   4.49   5.40   5.89   3.06   4.87   7.30   3.27   5.59   7.96   9.68   5.28   3.72   3.52   3.46   9.82   7.55   6.47   7.63   3.42 
  9.84   2.87   5.44   5.93   5.54   4.02   9.66   5.61   3.98   3.47   8.78   4.96   2.91   4.86   5.81   2.19   4.97   4.44   5.55   6.36   2.71   4.76   3.49   9.03   8.28   3.94   8.86   5.38   8.42   2.37   4.48   3.58   9.75   9.46   6.93   5.20   8.41   2.69   3.88   6.91   5.95   6.89   2.95   6.15   5.74   4.28   2.80   6.25   8.79 
  3.71   2.17   6.67   8.74   7.51   7.38   9.00   4.12   4.49   7.10   8.50   4.33   9.70   7.54   2.23   9.02   8.12   5.66   8.74   2.84   5.98   3.75   8.00   9.14   5.67   5.84   3.88   8.54   7.30   6.79   2.19   3.04   2.17   2.79   5.05   3.29   7.59   4.33   7.36   6.26   5.43   2.29   6.43   6.82   5.23   4.53   3.92   8.66   5.31 
  8.68   4.54   8.69   9.20   7.53   3.42   5.99   8.47   7.94   5.30   6.64   5.20   7.99   8.96   2.15   6.16   7.29   3.98   3.29   2.87   5.52   5.70   4.35   4.97   4.82   5.21   6.54   5.87   6.95   6.02   9.39   7.91   5.63   6.25   6.74   6.65   3.57   8.63   9.05   5.44   9.58   9.61   5.51   4.81   7.40   5.85   6.11   3.64   9.63 
  7.44   4.89   7.63   3.93   4.08   5.30   7.48   9.56   5.81   2.60   6.78   9.38   4.98   7.47   3.30   4.43   5.79   7.97   5.39   7.79   6.95   9.02   7.63   9.74   7.52   7.53   9.06   4.33   5.54   6.63   6.71   2.66   5.65   4.43   8.15   7.64   3.59   6.66   9.89   9.18   4.76   2.82   7.11   6.23   8.03   7.60   5.57   6.24   4.33 
  4.97   9.40   2.43   4.91   7.93   9.60   2.68   9.06   2.44   9.78   4.51   6.94   6.64   8.96   4.47   8.08   2.73   3.84   2.45   4.68   2.83   2.85   9.48   3.43   3.27   5.38   3.97   2.57   3.29   9.58   9.61   8.98   7.79   6.06   6.81   7.74   8.58   3.95   2.50   2.42   2.71   2.53   2.46   3.12   7.03   2.39   4.61   8.41   9.03 
  6.17   4.71   2.65   3.67   5.17   5.38   9.05   8.13   4.25   7.85   5.20   7.30   7.18   2.27   8.71   8.39   5.67   6.93   4.80   8.21   5.38   5.93   2.58   8.86   2.81   3.87   9.16   2.88   7.88   5.73   6.28   7.26   5.45   7.66   5.61   7.04   5.07   2.48   4.92   5.90   7.19   8.40   6.86   5.32   2.38   6.01   2.57   2.82   8.90 
  3.19   6.76   5.41   7.24   7.11   9.39   3.44   7.31   4.60   5.97   7.81   7.94   5.68   4.05   8.15   8.88   2.86   4.92   4.01   4.78   3.45   5.83   9.12   8.33   8.22   6.57   3.12   9.73   5.05   7.36   7.14   3.69   2.14   5.67   7.46   4.61   4.70   3.59   9.38   3.99   9.47   6.16   4.66   5.96   8.71   3.37   5.13   8.45   4.91 
  9.39   2.28   7.17   4.35   6.89   6.88   9.63   7.00   3.39   8.19   6.48   8.80   9.60   8.44   5.75   2.37   2.29   3.83   2.17   3.17   6.45   2.91   8.08   7.22   8.76   8.64   4.24   4.54   3.54   9.12   7.83   8.26   9.78   9.24   8.40   2.57   5.22   8.51   2.48   6.19   3.18   8.93   9.57   7.13   3.42   3.84   7.77   8.27   2.46 
  2.25   5.98   4.64   4.97   7.41   3.82   4.24   7.29   3.06   4.98   9.58   8.26   7.68   8.35   7.49   4.12   5.87   2.48   4.57   7.17   5.13   4.86   6.23   5.44   9.57   3.98   9.74   9.23   5.00   3.57   8.48   6.39   6.50   8.26   5.06   4.72   9.53   7.48   8.42   8.50   3.38   4.28   4.39   3.31   3.79   2.81   5.76   4.76   5.70 
  6.29   3.62   9.59   8.40   8.66   4.91   5.71   2.85   5.34   3.44   9.70   4.94   8.33   6.26   5.66   2.87   2.63   2.42   3.21   3.43   7.50   8.44   6.13   2.50   5.17   8.45   7.88   2.29   4.28   5.58   6.31   7.91   6.47   4.71   8.27   4.12   5.82   2.83   9.04   6.20   2.93   5.44   9.39   8.97   2.88   2.14   5.50   4.32   5.18 
  2.76   7.60   3.35   8.67   6.82   2.55   7.08   3.89   4.31   6.16   4.36   2.27   3.87   4.52   3.64   2.44   9.24   6.44   3.43   9.46   4.49   5.06   4.45   7.72   4.15   2.84   7.31   6.98   2.58   7.28   5.22   3.12   2.90   5.59   2.13   3.99   6.87   6.36   3.41   9.84   6.08   5.43   3.28   5.39   2.17   7.76   9.33   8.13   2.95 
  8.93   9.21   5.73   3.97   9.89   6.21   2.74   9.57   7.66   6.09   2.59   6.10   8.52   3.10   8.24   9.43   4.47   5.03   7.19   9.22   4.64   7.48   9.59   9.77   9.70   5.06   8.26   4.37   6.11   5.74   4.84   4.06   4.09   7.16   7.93   8.25   2.57   3.28   3.27   6.95   3.12   5.17   8.11   4.82   8.85   5.93   6.39   2.58   2.44 
  7.76   7.03   9.48   2.11   7.81   2.48   8.35   3.62   8.96   2.61   2.43   5.75   8.05   7.21   8.68   7.91   4.63   3.65   6.69   2.35   4.02   6.07   3.48   9.35   9.50   4.43   9.47   2.10   8.63   3.75   7.71   5.13   7.23   2.71   6.73   6.73   6.60   5.64   6.02   9.31   7.86   3.00   7.47   6.85   5.32   7.61   5.15   7.24   9.65 
  4.37   4.87   2.76   2.48   7.05   5.01   9.45   5.41   5.06   5.45   9.68   9.40   2.29   8.54   5.78   6.82   2.40   7.53   9.88   8.83   9.48   2.45   9.65   9.86   4.65   2.38   2.44   9.02   4.31   8.90   7.31   5.50   7.02   2.17   9.81   8.16   4.19   8.03   2.56   7.25   4.94   7.72   5.74   9.89   5.33   7.79   7.36   9.34   6.78 
  2.81   2.53   8.53   6.41   6.56   9.33   2.91   4.51   6.40   4.27   4.21   3.04   6.07   2.35   3.36   6.09   3.46   3.20   8.80   7.75   9.70   9.62   2.55   7.15   3.08   6.13   9.15   5.98   3.21   4.71   8.85   9.28   5.32   4.06   4.75   8.89   2.90   2.94   2.76   5.71   3.85   7.49   5.55   4.29   2.19   3.66   6.74   9.10   7.33 
  8.07   7.02   9.24   8.32   4.78   3.05   4.27   7.06   8.78   3.48   4.61   9.77   7.51   5.89   6.49   7.76   5.14   9.68   7.99   2.63   7.76   4.74   5.83   8.97   3.50   8.64   2.75   5.15   7.42   4.83   3.76   9.73   9.20   4.72   4.05   4.53   8.04   6.01   5.85   6.39   8.54   9.21   9.33   8.43   5.03   6.79   4.59   7.00   7.96 
---
