G_down: 49 50
  0.86   0.20   0.90   0.33   0.73   0.64   0.88   0.74   0.80   0.32   0.59   0.92   0.87   0.26   0.53   0.84   0.44   0.83   0.29   0.28   0.77   0.21   0.63   0.85   0.79   0.19   0.47   0.46   0.16   0.70   0.71   0.97   0.86   0.60   0.54   0.69   0.15   0.88   0.94   0.93   0.97   0.48   0.48   0.62   0.15   0.90   0.76   0.67   0.40   0.45 
  0.59   0.47   0.78   0.44   0.12   0.96   0.20   0.51   0.30   0.18   0.32   0.95   0.96   0.36   0.49   0.17   0.76   0.48   0.84   0.63   0.81   0.50   0.53   0.71   0.80   0.31   0.78   0.81   0.87   0.62   0.38   0.80   0.86   0.61   0.39   0.91   0.76   0.15   0.44   0.88   0.88   0.12   0.49   0.95   0.30   0.69   0.96   0.87   0.90   0.84 
  0.39   0.39   0.59   0.72   0.79   0.18   0.77   0.45   0.75   0.37   0.21   0.28   0.86   0.78   0.12   0.81   0.34   0.31   0.86   0.76   0.65   0.60   0.51   0.71   0.28   0.32   0.89   0.23   0.20   0.13   0.37   0.94   0.91   0.95   0.84   0.12   0.57   0.24   0.69   0.47   0.50   0.31   0.31   0.16   0.73   0.64   0.87   0.32   0.64   0.91 
  0.62   0.27   0.65   0.42   0.86   0.90   0.65   0.12   0.79   0.59   0.71   0.69   0.71   0.32   0.11   0.52   0.19   0.15   0.12   0.58   0.64   0.86   0.63   0.13   0.36   0.79   0.26   0.98   0.68   0.54   0.19   0.57   0.49   0.74   0.33   0.77   0.94   0.72   0.44   0.62   0.76   0.90   0.35   0.86   0.45   0.72   0.24   0.70   0.31   0.45 
  0.68   0.90   0.39   0.22   0.83   0.77   0.13   0.83   0.69   0.76   0.81   0.44   0.40   0.64   0.90   0.11   0.55   0.78   0.33   0.95   0.61   0.68   0.29   0.17   0.70   0.25   0.71   0.30   0.56   0.83   0.90   0.53   0.94   0.61   0.86   0.12   0.52   0.94   0.23   0.82   0.80   0.46   0.96   0.52   0.90   0.42   0.64   0.15   0.51   0.70 
  0.59   0.55   0.19   0.93   0.93   0.59   0.12   0.14   0.82   0.57   0.54   0.62   0.48   0.83   0.63   0.58   0.76   0.57   0.67   0.14   0.92   0.73   0.94   0.65   0.44   0.61   0.88   0.44   0.41   0.96   0.52   0.32   0.61   0.57   0.24   0.89   0.96   0.89   0.10   0.74   0.12   0.55   0.39   0.26   0.82   0.49   0.86   0.43   0.68   0.85 
  0.25   0.50   0.99   0.57   0.38   0.85   0.27   0.32   0.18   0.92   0.79   0.27   0.79   0.73   0.28   0.80   0.68   0.30   0.31   0.17   0.37   0.80   0.48   0.45   0.61   0.57   0.60   0.90   0.29   0.20   0.51   0.30   0.94   0.23   0.56   0.66   0.33   0.12   0.52   0.30   0.68   0.58   0.58   0.81   0.48   0.73   0.92   0.72   0.15   0.36 
  0.17   0.18   0.46   0.80   0.52   0.25   0.86   0.52   0.12   0.80   0.62   0.98   0.14   0.82   0.48   0.34   0.99   0.86   0.83   0.80   0.57   0.81   0.78   0.26   0.19   0.81   0.19   0.94   0.64   0.24   0.20   0.59   0.30   0.47   0.67   0.37   0.68   0.19   0.91   0.49   0.26   0.55   0.31   0.27   0.69   0.92   0.72   0.46   0.18   0.50 
  0.39   0.62   0.98   0.63   0.82   0.49   0.74   0.53   0.13   0.95   0.27   0.81   0.15   0.51   0.20   0.89   0.72   0.17   0.69   0.72   0.38   0.71   0.64   0.78   0.89   0.95   0.53   0.11   0.96   0.64   0.73   0.93   0.35   0.74   0.11   0.85   0.10   0.23   0.89   0.14   0.69   0.56   0.82   0.96   0.47   0.61   0.71   0.33   0.59   0.93 
  0.16   0.81   0.23   0.70   0.74   0.75   0.72   0.49   0.77   0.95   0.46   0.64   0.26   0.69   0.44   0.29   0.91   0.57   0.94   0.63   0.29   0.31   0.56   0.84   0.25   0.83   0.62   0.48   0.56   0.88   0.45   0.19   0.86   0.28   0.95   0.20   0.19   0.15   0.32   0.50   0.92   0.55   0.16   0.19   0.69   0.16   0.63   0.13   0.48   0.54 
  0.58   0.99   0.43   0.71   0.29   0.31   0.44   0.57   0.40   0.27   0.82   0.90   0.30   0.88   0.66   0.92   0.59   0.73   0.23   0.83   0.77   0.22   0.65   0.74   0.37   0.23   0.43   0.27   0.80   0.85   0.83   0.53   0.32   0.98   0.84   0.38   0.28   0.98   0.37   0.61   0.37   0.50   0.83   0.91   0.80   0.80   0.99   0.78   0.16   0.51 
  0.87   0.72   0.60   0.63   0.90   0.92   0.67   0.38   0.33   0.66   0.78   0.64   0.21   0.89   0.58   0.33   0.71   0.58   0.57   0.28   0.73   0.71   0.30   0.97   0.72   0.52   0.83   0.31   0.23   0.61   0.84   0.44   0.76   0.23   0.28   0.30   0.42   0.97   0.93   0.71   0.41   0.37   0.67   0.66   0.41   0.14   0.67   0.65   0.82   0.69 
  0.67   0.93   0.59   0.90   0.38   0.92   0.47   0.50   0.61   0.42   0.54   0.88   0.73   0.67   0.67   0.42   0.70   0.44   0.31   0.83   0.13   0.91   0.40   0.57   0.66   0.28   0.19   0.55   0.46   0.47   0.83   0.49   0.84   0.26   0.89   0.64   0.94   0.44   0.21   0.40   0.79   0.60   0.53   0.90   0.53   0.98   0.17   0.83   0.58   0.20 
  0.92   0.83   0.42   0.89   0.49   0.28   0.92   0.19   0.41   0.37   0.55   0.67   0.21   0.13   0.24   0.83   0.93   0.73   0.83   0.85   0.63   0.35   0.37   0.80   0.33   0.65   0.37   0.73   0.84   0.98   0.74   0.41   0.69   0.78   0.96   0.68   0.87   0.41   0.63   0.65   0.64   0.20   0.94   0.83   0.15   0.22   0.80   0.25   0.93   0.67 
  0.94   0.92   0.37   0.58   0.70   0.60   0.73   0.65   0.64   0.37   0.22   0.33   0.80   0.67   0.92   0.98   0.50   0.56   0.77   0.35   0.85   0.86   0.68   0.25   0.88   0.43   0.97   0.64   0.66   0.69   0.57   0.43   0.95   0.68   0.72   0.61   0.64   0.59   0.40   0.21   0.84   0.85   0.91   0.42   0.33   0.42   0.26   0.56   0.56   0.73 
  0.48   0.22   0.22   0.17   0.55   0.60   0.60   0.49   0.81   0.89   0.34   0.83   0.18   0.40   0.14   0.51   0.50   0.63   0.14   0.32   0.87   0.97   0.56   0.73   0.97   0.72   0.35   0.33   0.10   0.82   0.67   0.55   0.16   0.90   0.91   0.25   0.63   0.72   0.33   0.35   0.70   0.53   0.41   0.33   0.16   0.20   0.58   0.65   0.30   0.94 
  0.40   0.58   0.29   0.59   0.34   0.75   0.95   0.28   0.23   0.65   0.75   0.67   0.93   0.42   0.21   0.43   0.74   0.25   0.98   0.36   0.85   0.51   0.18   0.87   0.58   0.86   0.16   0.49   0.40   0.12   0.13   0.58   0.72   0.29   0.23   0.11   0.25   0.96   0.30   0.39   0.61   0.43   0.12   0.69   0.96   0.58   0.30   0.62   0.42   0.40 
  0.40   0.40   0.56   0.54   0.16   0.45   0.84   0.12   0.13   0.23   0.51   0.17   0.81   0.49   0.10   0.56   0.49   0.37   0.61   0.46   0.35   0.81   0.50   0.13   0.11   0.79   0.67   0.74   0.66   0.82   0.32   0.11   0.46   0.60   0.18   0.84   0.32   0.73   0.66   0.12   0.62   0.50   0.35   0.75   0.79   0.46   0.13   0.83   0.41   0.75 
  0.24   0.83   0.84   0.61   0.73   0.94   0.96   0.35   0.50   0.21   0.44   0.32   0.47   0.92   0.20   0.31   0.21   0.81   0.86   0.14   0.83   0.59   0.24   0.24   0.76   0.89   0.29   0.22   0.83   0.83   0.90   0.46   0.44   0.69   0.27   0.16   0.67   0.16   0.51   0.31   0.73   0.14   0.25   0.79   0.54   0.84   0.13   0.60   0.13   0.89 
  0.10   0.12   0.60   0.63   0.92   0.67   0.45   0.41   0.62   0.28   0.29   0.41   0.43   0.15   0.73   0.83   0.35   0.79   0.77   0.45   0.12   0.93   0.48   0.60   0.71   0.60   0.57   0.21   0.13   0.35   0.43   0.32   0.45   0.11   0.59   0.52   0.87   0.73   0.15   0.85   0.64   0.43   0.62   0.26   0.17   0.95   0.16   0.35   0.22   0.17 
  0.48   0.30   0.39   0.72   0.33   0.20   0.34   0.40   0.27   0.73   0.63   0.61   0.89   0.35   0.43   0.95   0.38   0.45   0.39   0.72   0.57   0.86   0.97   0.95   0.47   0.75   0.11   0.16   0.78   0.38   0.55   0.98   0.29   0.31   0.74   0.17   0.59   0.66   0.50   0.54   0.68   0.79   0.72   0.56   0.23   0.90   0.26   0.21   0.30   0.26 
  0.74   0.44   0.68   0.49   0.19   0.85   0.71   0.62   0.37   0.15   0.33   0.50   0.86   0.92   0.12   0.61   0.59   0.36   0.38   0.27   0.97   0.55   0.27   0.79   0.57   0.25   0.32   0.79   0.99   0.98   0.31   0.83   0.19   0.81   0.98   0.11   0.13   0.54   0.60   0.49   0.18   0.93   0.66   0.31   0.48   0.28   0.24   0.61   0.91   0.95 
  0.64   0.76   0.13   0.79   0.33   0.26   0.55   0.29   0.80   0.55   0.39   0.51   0.28   0.57   0.53   0.85   0.87   0.33   0.44   0.58   0.83   0.85   0.40   0.77   0.92   0.95   0.66   0.75   0.11   0.87   0.83   0.48   0.74   0.10   0.35   0.20   0.30   0.68   0.59   0.27   0.48   0.12   0.48   0.63   0.77   0.45   0.62   0.41   0.25   0.45 
  0.61   0.30   0.17   0.38   0.83   0.50   0.93   0.71   0.23   0.46   0.53   0.64   0.70   0.75   0.62   0.36   0.61   0.10   0.57   0.20   0.46   0.33   0.78   0.81   0.82   0.23   0.21   0.47   0.88   0.72   0.13   0.95   0.81   0.48   0.56   0.20   0.37   0.23   0.78   0.18   0.84   0.66   0.41   0.31   0.40   0.90   0.20   0.17   0.74   0.87 
  0.29   0.58   0.21   0.11   0.21   0.86   0.60   0.44   0.28   0.24   0.20   0.88   0.31   0.64   0.51   0.34   0.40   0.74   0.29   0.43   0.12   0.86   0.27   0.63   0.57   0.41   0.91   0.15   0.67   0.57   0.40   0.63   0.11   0.78   0.87   0.96   0.97   0.16   0.13   0.50   0.12   0.34   0.34   0.59   0.83   0.32   0.10   0.88   0.58   0.11 
  0.68   0.13   0.59   0.19   0.80   0.88   0.15   0.98   0.62   0.90   0.30   0.51   0.31   0.17   0.48   0.59   0.49   0.61   0.92   0.18   0.60   0.43   0.11   0.11   0.80   0.90   0.55   0.40   0.70   0.13   0.90   0.58   0.20   0.24   0.78   0.56   0.88   0.88   0.84   0.53   0.35   0.23   0.54   0.56   0.38   0.62   0.48   0.58   0.21   0.95 
  0.58   0.59   0.11   0.54   0.16   0.94   0.23   0.11   0.49   0.31   0.38   0.89   0.71   0.41   0.83   0.37   0.35   0.43   0.33   0.28   0.72   0.97   0.96   0.74   0.58   0.74   0.26   0.84   0.40   0.84   0.63   0.98   0.12   0.87   0.93   0.59   0.38   0.59   0.54   0.84   0.55   0.54   0.31   0.56   0.42   0.85   0.91   0.97   0.53   0.82 
  0.69   0.19   0.23   0.82   0.25   0.53   0.89   0.47   0.73   0.93   0.53   0.39   0.14   0.37   0.31   0.72   0.11   0.19   0.87   0.20   0.68   0.56   0.37   0.73   0.56   0.60   0.84   0.46   0.64   0.47   0.59   0.86   0.39   0.24   0.14   0.25   0.41   0.81   0.75   0.87   0.80   0.25   0.64   0.58   0.49   0.45   0.55   0.42   0.52   0.96 
  0.40   0.82   0.65   0.78   0.18   0.28   0.22   0.98   0.63   0.11   0.59   0.94   0.54   0.47   0.18   0.61   0.20   0.87   0.95   0.66   0.49   0.29   0.78   0.62   0.21   0.68   0.32   0.98   0.77   0.11   0.51   0.19   0.56   0.70   0.85   0.59   0.29   0.38   0.30   0.83   0.21   0.90   0.66   0.34   0.54   0.48   0.13   0.39   0.52   0.84 
  0.64   0.78   0.36   0.12   0.77   0.47   0.16   0.78   0.62   0.31   0.90   0.76   0.50   0.29   0.24   0.59   0.11   0.90   0.42   0.40   0.63   0.90   0.74   0.12   0.47   0.43   0.96   0.18   0.87   0.77   0.86   0.59   0.59   0.48   0.64   0.31   0.13   0.35   0.96   0.43   0.51   0.34   0.88   0.88   0.92   0.77   0.33   0.91   0.82   0.36 
  0.61   0.51   0.28   0.31   0.97   0.88   0.42   0.17   0.56   0.16   0.75   0.45   0.36   0.67   0.83   0.56   0.19   0.60   0.88   0.52   0.65   0.50   0.21   0.70   0.52   0.47   0.86   0.14   0.77   0.96   0.56   0.52   0.76   0.30   0.55   0.98   0.85   0.28   0.82   0.33   0.35   0.49   0.81   0.24   0.56   0.61   0.73   0.59   0.20   0.52 
  0.49   0.67   0.49   0.92   0.46   0.31   0.79   0.27   0.82   0.43   0.23   0.60   0.78   0.62   0.38   0.30   0.69   0.25   0.23   0.87   0.61   0.92   0.49   0.27   0.20   0.40   0.95   0.73   0.55   0.69   0.54   0.43   0.94   0.48   0.91   0.26   0.60   0.66   0.12   0.78   0.78   0.38   0.84   0.39   0.66   0.62   0.67   0.14   0.82   0.35 
  0.67   0.36   0.22   0.17   0.22   0.57   0.16   0.26   0.38   0.86   0.85   0.54   0.12   0.61   0.58   0.79   0.97   0.77   0.92   0.32   0.18   0.49   0.27   0.88   0.71   0.33   0.69   0.23   0.45   0.85   0.67   0.54   0.33   0.81   0.88   0.62   0.20   0.67   0.85   0.71   0.12   0.94   0.89   0.41   0.91   0.30   0.77   0.24   0.83   0.60 
  0.81   0.38   0.37   0.48   0.83   0.72   0.16   0.56   0.15   0.47   0.41   0.94   0.81   0.34   0.58   0.52   0.93   0.14   0.40   0.54   0.47   0.76   0.96   0.87   0.20   0.28   0.25   0.69   0.52   0.78   0.74   0.29   0.13   0.19   0.66   0.52   0.95   0.46   0.53   0.80   0.24   0.22   0.18   0.51   0.97   0.67   0.65   0.41   0.20   0.74 
  0.40   0.83   0.47   0.66   0.76   0.59   0.38   0.73   0.53   0.66   0.76   0.73   0.94   0.74   0.79   0.18   0.44   0.21   0.17   0.93   0.20   0.94   0.20   0.46   0.42   0.27   0.34   0.52   0.80   0.87   0.63   0.27   0.45   0.56   0.24   0.27   0.32   0.76   0.30   0.32   0.19   0.12   0.61   0.22   0.94   0.22   0.95   0.78   0.71   0.33 
  0.76   0.39   0.15   0.43   0.63   0.16   0.86   0.93   0.67   0.22   0.56   0.50   0.51   0.31   0.52   0.44   0.58   0.17   0.41   0.94   0.55   0.92   0.91   0.42   0.55   0.90   0.34   0.21   0.43   0.69   0.91   0.12   0.74   0.98   0.60   0.12   0.55   0.21   0.39   0.24   0.68   0.55   0.20   0.37   0.17   0.63   0.93   0.23   0.20   0.46 
  0.76   0.70   0.30   0.69   0.60   0.18   0.86   0.71   0.18   0.65   0.78   0.96   0.71   0.13   0.79   0.36   0.71   0.39   0.19   0.97   0.51   0.13   0.29   0.95   0.77   0.31   0.70   0.97   0.65   0.54   0.90   0.65   0.45   0.87   0.94   0.54   0.91   0.49   0.84   0.69   0.78   0.31   0.68   0.55   0.92   0.72   0.78   0.42   0.97   0.36 
  0.36   0.84   0.28   0.92   0.80   0.43   0.39   0.93   0.50   0.27   0.49   0.15   0.38   0.76   0.80   0.37   0.12   0.75   0.18   0.55   0.46   0.33   0.93   0.95   0.92   0.16   0.96   0.29   0.80   0.47   0.37   0.84   0.97   0.18   0.80   0.48   0.39   0.20   0.18   0.44   0.53   0.62   0.67   0.42   0.91   0.14   0.29   0.28   0.24   0.62 
  0.86   0.81   0.42   0.32   0.50   0.19   0.73   0.49   0.90   0.61   0.27   0.27   0.94   0.66   0.76   0.42   0.21   0.51   0.70   0.91   0.50   0.21   0.27   0.54   0.61   0.58   0.78   0.54   0.56   0.57   0.90   0.35   0.30   0.62   0.20   0.31   0.79   0.69   0.64   0.73   0.59   0.73   0.71   0.92   0.38   0.60   0.66   0.47   0.92   0.65 
  0.57   0.60   0.77   0.80   0.83   0.16   0.15   0.45   0.22   0.73   0.95   0.57   0.26   0.37   0.82   0.72   0.78   0.38   0.51   0.11   0.16   0.22   0.88   0.47   0.73   0.66   0.91   0.97   0.41   0.17   0.11   0.41   0.84   0.18   0.37   0.33   0.49   0.77   0.71   0.12   0.69   0.14   0.97   0.42   0.44   0.54   0.88   0.90   0.38   0.19 
  0.76   0.89   0.67   0.78   0.76   0.45   0.31   0.52   0.71   0.26   0.76   0.48   0.88   0.11   0.76   0.23   0.66   0.69   0.86   0.21   0.49   0.66   0.70   0.97   0.76   0.64   0.45   0.72   0.88   0.53   0.37   0.87   0.52   0.26   0.14   0.71   0.12   0.19   0.65   0.47   0.22   0.97   0.19   0.49   0.30   0.49   0.35   0.39   0.44   0.42 
  0.54   0.14   0.63   0.76   0.45   0.14   0.80   0.93   0.42   0.15   0.98   0.24   0.65   0.74   0.88   0.36   0.87   0.19   0.86   0.92   0.77   0.34   0.70   0.86   0.47   0.34   0.61   0.22   0.95   0.93   0.95   0.93   0.42   0.45   0.23   0.95   0.60   0.62   0.80   0.70   0.13   0.29   0.77   0.74   0.98   0.83   0.26   0.69   0.14   0.93 
  0.20   0.38   0.67   0.10   0.50   0.48   0.51   0.58   0.22   0.74   0.88   0.89   0.86   0.59   0.77   0.28   0.35   0.82   0.98   0.51   0.72   0.81   0.71   0.92   0.99   0.96   0.49   0.17   0.19   0.18   0.84   0.50   0.82   0.54   0.47   0.28   0.32   0.47   0.86   0.97   0.11   0.72   0.95   0.64   0.25   0.56   0.77   0.56   0.41   0.91 
  0.66   0.23   0.23   0.54   0.64   0.29   0.37   0.43   0.10   0.39   0.42   0.35   0.99   0.78   0.76   0.82   0.71   0.41   0.94   0.42   0.15   0.44   0.46   0.35   0.24   0.93   0.48   0.22   0.69   0.73   0.69   0.61   0.98   0.31   0.76   0.53   0.22   0.18   0.60   0.93   0.58   0.87   0.76   0.66   0.66   0.91   0.75   0.88   0.52   0.52 
  0.79   0.85   0.13   0.26   0.86   0.23   0.85   0.77   0.63   0.70   0.64   0.79   0.41   0.88   0.84   0.17   0.78   0.50   0.73   0.60   0.96   0.40   0.82   0.30   0.42   0.56   0.59   0.50   0.74   0.35   0.49   0.28   0.37   0.11   0.24   0.97   0.98   0.63   0.66   0.25   0.54   0.23   0.89   0.55   0.16   0.38   0.92   0.93   0.65   0.11 
  0.67   0.69   0.15   0.22   0.80   0.91   0.16   0.13   0.87   0.95   0.23   0.17   0.23   0.24   0.85   0.66   0.51   0.91   0.59   0.19   0.81   0.66   0.56   0.50   0.17   0.62   0.55   0.65   0.40   0.31   0.60   0.91   0.31   0.98   0.81   0.72   0.70   0.64   0.28   0.14   0.74   0.65   0.38   0.60   0.13   0.94   0.93   0.96   0.82   0.97 
  0.45   0.64   0.68   0.83   0.99   0.55   0.41   0.62   0.11   0.57   0.12   0.52   0.65   0.55   0.25   0.40   0.52   0.38   0.82   0.59   0.24   0.32   0.62   0.43   0.39   0.94   0.28   0.78   0.42   0.21   0.81   0.44   0.57   0.56   0.51   0.82   0.27   0.45   0.19   0.46   0.14   0.84   0.98   0.52   0.89   0.83   0.56   0.90   0.99   0.40 
  0.46   0.23   0.43   0.81   0.92   0.62   0.18   0.41   0.25   0.68   0.49   0.53   0.30   0.52   0.94   0.79   0.87   0.52   0.57   0.18   0.53   0.76   0.69   0.84   0.15   0.77   0.46   0.60   0.12   0.37   0.30   0.76   0.17   0.84   0.73   0.48   0.75   0.18   0.38   0.45   0.62   0.36   0.27   0.27   0.66   0.71   0.32   0.53   0.49   0.76 
  0.92   0.19   0.54   0.32   0.56   0.10   0.45   0.74   0.31   0.65   0.42   0.81   0.89   0.55   0.89   0.18   0.65   0.22   0.85   0.15   0.49   0.45   0.88   0.18   0.27   0.78   0.82   0.84   0.86   0.83   0.33   0.16   0.85   0.83   0.24   0.74   0.47   0.45   0.69   0.45   0.98   0.25   0.92   0.31   0.15   0.83   0.89   0.69   0.29   0.19 
---
G_right: 50 49
  0.29   0.43   0.19   0.98   0.99   0.60   0.67   0.41   0.25   0.67   0.43   0.86   0.54   0.62   0.92   0.47   0.51   0.20   0.63   0.68   0.29   0.37   0.94   0.50   0.31   0.28   0.48   0.64   0.67   0.97   0.55   0.92   0.71   0.44   0.48   0.16   0.79   0.59   0.82   0.67   0.53   0.83   0.19   0.49   0.68   0.73   0.70   0.42   0.81 
  0.69   0.55   0.70   0.38   0.48   0.72   0.84   0.77   0.77   0.73   0.19   0.98   0.60   0.34   0.79   0.24   0.23   0.46   0.37   0.16   0.76   0.71   0.77   0.49   0.83   0.19   0.37   0.48   0.56   0.23   0.36   0.36   0.88   0.87   0.79   0.47   0.73   0.70   0.83   0.77   0.12   0.11   0.93   0.43   0.29   0.97   0.15   0.72   0.83 
  0.48   0.39   0.12   0.42   0.18   0.69   0.34   0.84   0.66   0.38   0.57   0.38   0.54   0.45   0.49   0.13   0.13   0.71   0.57   0.85   0.66   0.95   0.28   0.10   0.85   0.77   0.29   0.74   0.82   0.75   0.32   0.31   0.91   0.60   0.27   0.41   0.28   0.13   0.73   0.74   0.64   0.77   0.16   0.94   0.95   0.20   0.18   0.43   0.65 
  0.99   0.64   0.31   0.68   0.17   0.88   0.69   0.21   0.52   0.25   0.93   0.42   0.37   0.24   0.31   0.97   0.18   0.39   0.24   0.34   0.76   0.83   0.82   0.17   0.33   0.28   0.85   0.84   0.45   0.72   0.58   0.50   0.84   0.33   0.20   0.17   0.19   0.46   0.31   0.37   0.50   0.29   0.56   0.43   0.69   0.75   0.39   0.72   0.88 
  0.24   0.12   0.77   0.77   0.36   0.51   0.45   0.30   0.16   0.42   0.85   0.40   0.50   0.68   0.32   0.14   0.94   0.72   0.86   0.55   0.51   0.22   0.31   0.33   0.19   0.53   0.62   0.62   0.73   0.90   0.49   0.44   0.18   0.84   0.20   0.17   0.94   0.20   0.84   0.50   0.95   0.47   0.92   0.36   0.61   0.22   0.45   0.94   0.92 
  0.37   0.84   0.43   0.27   0.54   0.93   0.82   0.14   0.78   0.12   0.79   0.18   0.12   0.94   0.63   0.47   0.24   0.13   0.15   0.89   0.54   0.78   0.97   0.44   0.24   0.67   0.62   0.95   0.71   0.31   0.94   0.25   0.75   0.99   0.59   0.82   0.14   0.83   0.79   0.53   0.42   0.52   0.72   0.33   0.53   0.45   0.95   0.23   0.37 
  0.63   0.92   0.29   0.69   0.81   0.31   0.85   0.50   0.43   0.28   0.23   0.86   0.64   0.34   0.78   0.74   0.27   0.94   0.94   0.87   0.99   0.49   0.29   0.52   0.89   0.27   0.46   0.16   0.60   0.33   0.78   0.60   0.61   0.70   0.26   0.40   0.44   0.68   0.93   0.30   0.70   0.67   0.42   0.85   0.75   0.64   0.56   0.89   0.39 
  0.76   0.38   0.18   0.62   0.14   0.91   0.83   0.50   0.62   0.36   0.18   0.57   0.91   0.40   0.23   0.77   0.50   0.83   0.60   0.91   0.64   0.19   0.13   0.33   0.47   0.68   0.62   0.31   0.78   0.52   0.17   0.57   0.18   0.53   0.26   0.58   0.96   0.43   0.43   0.84   0.31   0.57   0.65   0.58   0.83   0.12   0.97   0.33   0.16 
  0.34   0.94   0.18   0.36   0.21   0.52   0.39   0.36   0.86   0.50   0.44   0.90   0.53   0.60   0.65   0.35   0.66   0.46   0.39   0.16   0.95   0.19   0.16   0.55   0.90   0.18   0.42   0.14   0.92   0.67   0.63   0.87   0.90   0.95   0.96   0.52   0.49   0.99   0.63   0.48   0.62   0.25   0.88   0.22   0.35   0.92   0.56   0.63   0.75 
  0.26   0.47   0.46   0.59   0.22   0.81   0.39   0.15   0.75   0.21   0.66   0.87   0.24   0.90   0.91   0.63   0.68   0.69   0.21   0.67   0.97   0.56   0.10   0.85   0.70   0.53   0.66   0.67   0.75   0.50   0.75   0.53   0.70   0.60   0.92   0.65   0.10   0.53   0.12   0.11   0.84   0.81   0.97   0.94   0.94   0.42   0.46   0.49   0.71 
  0.23   0.77   0.20   0.64   0.44   0.38   0.75   0.41   0.26   0.88   0.78   0.46   0.12   0.21   0.76   0.42   0.28   0.71   0.79   0.38   0.29   0.73   0.85   0.22   0.14   0.46   0.68   0.54   0.78   0.12   0.51   0.55   0.32   0.92   0.71   0.42   0.11   0.43   0.20   0.39   0.40   0.29   0.93   0.54   0.86   0.25   0.28   0.82   0.89 
  0.60   0.35   0.20   0.23   0.36   0.69   0.14   0.36   0.24   0.78   0.51   0.94   0.50   0.23   0.33   0.97   0.59   0.77   0.43   0.86   0.77   0.24   0.55   0.11   0.65   0.54   0.65   0.62   0.50   0.73   0.72   0.36   0.16   0.46   0.93   0.46   0.34   0.32   0.72   0.90   0.83   0.29   0.70   0.98   0.41   0.52   0.89   0.17   0.93 
  0.39   0.64   0.61   0.11   0.46   0.42   0.15   0.49   0.83   0.52   0.75   0.60   0.39   0.43   0.84   0.34   0.44   0.12   0.43   0.71   0.91   0.63   0.16   0.12   0.15   0.84   0.62   0.55   0.87   0.16   0.73   0.73   0.32   0.67   0.90   0.72   0.64   0.48   0.67   0.63   0.43   0.97   0.11   0.15   0.85   0.35   0.78   0.33   0.11 
  0.34   0.92   0.20   0.37   0.11   0.64   0.55   0.66   0.34   0.89   0.75   0.15   0.28   0.82   0.49   0.17   0.93   0.24   0.13   0.81   0.12   0.90   0.29   0.45   0.84   0.63   0.27   0.92   0.48   0.92   0.55   0.34   0.96   0.39   0.40   0.34   0.93   0.33   0.74   0.12   0.42   0.80   0.86   0.51   0.92   0.13   0.22   0.81   0.51 
  0.52   0.30   0.31   0.71   0.47   0.61   0.48   0.32   0.53   0.95   0.25   0.43   0.49   0.11   0.47   0.21   0.74   0.75   0.86   0.22   0.80   0.33   0.96   0.29   0.17   0.50   0.87   0.42   0.53   0.51   0.83   0.41   0.48   0.44   0.93   0.11   0.69   0.72   0.18   0.89   0.52   0.95   0.79   0.62   0.60   0.96   0.19   0.43   0.25 
  0.70   0.14   0.90   0.78   0.19   0.75   0.37   0.56   0.39   0.73   0.62   0.63   0.84   0.93   0.37   0.84   0.34   0.21   0.80   0.91   0.51   0.28   0.58   0.18   0.25   0.22   0.14   0.32   0.14   0.78   0.32   0.44   0.17   0.57   0.42   0.92   0.89   0.17   0.26   0.83   0.25   0.50   0.12   0.60   0.67   0.57   0.66   0.75   0.43 
  0.77   0.74   0.33   0.34   0.77   0.88   0.63   0.71   0.46   0.63   0.55   0.46   0.63   0.25   0.81   0.50   0.47   0.51   0.69   0.40   0.69   0.90   0.11   0.17   0.62   0.63   0.32   0.60   0.68   0.49   0.42   0.49   0.76   0.13   0.34   0.91   0.97   0.42   0.69   0.99   0.40   0.49   0.25   0.37   0.35   0.51   0.71   0.73   0.42 
  0.59   0.69   0.76   0.48   0.38   0.64   0.70   0.36   0.27   0.63   0.32   0.60   0.11   0.16   0.86   0.48   0.20   0.48   0.19   0.45   0.63   0.38   0.15   0.86   0.41   0.70   0.78   0.30   0.46   0.11   0.16   0.81   0.94   0.95   0.31   0.42   0.59   0.20   0.96   0.24   0.45   0.81   0.82   0.34   0.11   0.15   0.22   0.72   0.62 
  0.16   0.82   0.32   0.82   0.55   0.48   0.68   0.51   0.94   0.44   0.29   0.63   0.89   0.69   0.37   0.81   0.48   0.75   0.74   0.21   0.84   0.50   0.41   0.93   0.73   0.83   0.50   0.69   0.49   0.17   0.89   0.82   0.43   0.89   0.74   0.82   0.79   0.83   0.63   0.30   0.79   0.58   0.30   0.42   0.85   0.30   0.21   0.54   0.75 
  0.84   0.91   0.89   0.30   0.78   0.31   0.14   0.27   0.17   0.48   0.59   0.72   0.45   0.39   0.16   0.54   0.80   0.34   0.34   0.77   0.64   0.79   0.90   0.45   0.38   0.27   0.35   0.85   0.30   0.34   0.98   0.26   0.65   0.86   0.36   0.45   0.43   0.58   0.89   0.61   0.26   0.63   0.36   0.69   0.12   0.29   0.51   0.69   0.46 
  0.72   0.55   0.71   0.73   0.69   0.11   0.83   0.42   0.63   0.48   0.30   0.70   0.51   0.29   0.91   0.52   0.14   0.94   0.21   0.94   0.85   0.56   0.26   0.51   0.46   0.58   0.12   0.27   0.59   0.15   0.57   0.92   0.87   0.44   0.83   0.29   0.29   0.86   0.61   0.50   0.46   0.65   0.90   0.82   0.89   0.59   0.68   0.68   0.12 
  0.83   0.21   0.82   0.63   0.88   0.91   0.77   0.35   0.15   0.87   0.43   0.45   0.60   0.29   0.14   0.53   0.15   0.42   0.37   0.17   0.16   0.14   0.98   0.86   0.30   0.14   0.16   0.48   0.32   0.35   0.98   0.67   0.66   0.57   0.60   0.50   0.58   0.44   0.94   0.58   0.52   0.36   0.57   0.28   0.40   0.21   0.48   0.36   0.39 
  0.94   0.58   0.75   0.89   0.19   0.10   0.36   0.77   0.28   0.93   0.42   0.25   0.41   0.41   0.68   0.68   0.91   0.79   0.64   0.43   0.47   0.48   0.66   0.92   0.53   0.81   0.19   0.93   0.53   0.70   0.17   0.17   0.25   0.68   0.28   0.74   0.83   0.76   0.58   0.78   0.16   0.70   0.46   0.68   0.42   0.84   0.91   0.39   0.20 
  0.44   0.52   0.92   0.29   0.72   0.34   0.13   0.99   0.20   0.11   0.44   0.83   0.34   0.46   0.91   0.48   0.53   0.91   0.56   0.67   0.11   0.48   0.61   0.64   0.38   0.73   0.73   0.65   0.70   0.43   0.79   0.12   0.50   0.38   0.81   0.10   0.30   0.99   0.87   0.16   0.63   0.67   0.47   0.55   0.34   0.86   0.38   0.89   0.18 
  0.38   0.30   0.21   0.53   0.28   0.85   0.91   0.35   0.53   0.90   0.16   0.38   0.68   0.80   0.42   0.41   0.33   0.12   0.46   0.29   0.74   0.31   0.31   0.98   0.68   0.30   0.23   0.73   0.40   0.58   0.40   0.44   0.30   0.37   0.79   0.74   0.57   0.47   0.88   0.64   0.60   0.44   0.81   0.70   0.75   0.31   0.43   0.93   0.92 
  0.89   0.83   0.79   0.78   0.77   0.61   0.72   0.78   0.19   0.69   0.20   0.45   0.82   0.73   0.44   0.31   0.76   0.84   0.37   0.60   0.49   0.33   0.85   0.37   0.42   0.93   0.84   0.37   0.85   0.99   0.96   0.23   0.57   0.55   0.22   0.97   0.82   0.95   0.61   0.42   0.99   0.82   0.11   0.71   0.68   0.83   0.67   0.62   0.50 
  0.63   0.97   0.57   0.53   0.94   0.20   0.15   0.72   0.94   0.60   0.94   0.69   0.95   0.54   0.74   0.48   0.72   0.14   0.41   0.88   0.74   0.16   0.62   0.35   0.39   0.14   0.31   0.34   0.35   0.21   0.18   0.57   0.39   0.12   0.98   0.48   0.19   0.75   0.35   0.91   0.95   0.35   0.29   0.49   0.95   0.24   0.11   0.90   0.26 
  0.91   0.41   0.46   0.81   0.28   0.17   0.92   0.64   0.22   0.63   0.79   0.45   0.22   0.98   0.62   0.76   0.34   0.28   0.72   0.22   0.70   0.29   0.38   0.88   0.25   0.93   0.42   0.93   0.67   0.22   0.48   0.78   0.48   0.35   0.94   0.39   0.71   0.65   0.15   0.50   0.19   0.78   0.37   0.31   0.71   0.58   0.85   0.98   0.42 
  0.97   0.43   0.57   0.70   0.46   0.50   0.65   0.98   0.26   0.79   0.77   0.24   0.17   0.88   0.43   0.38   0.38   0.43   0.26   0.35   0.28   0.44   0.52   0.21   0.98   0.73   0.38   0.64   0.12   0.68   0.57   0.52   0.56   0.85   0.19   0.29   0.94   0.49   0.90   0.73   0.45   0.40   0.41   0.94   0.52   0.66   0.94   0.23   0.21 
  0.19   0.66   0.91   0.45   0.64   0.40   0.60   0.41   0.44   0.31   0.38   0.28   0.49   0.90   0.63   0.33   0.85   0.94   0.48   0.85   0.64   0.81   0.27   0.34   0.31   0.21   0.68   0.41   0.93   0.54   0.38   0.40   0.34   0.21   0.13   0.68   0.48   0.26   0.91   0.12   0.19   0.29   0.11   0.25   0.85   0.25   0.79   0.54   0.14 
  0.75   0.91   0.11   0.95   0.34   0.71   0.32   0.52   0.82   0.14   0.90   0.53   0.68   0.84   0.69   0.46   0.67   0.64   0.57   0.53   0.49   0.20   0.19   0.40   0.24   0.57   0.28   0.46   0.29   0.87   0.22   0.62   0.30   0.66   0.71   0.85   0.10   0.64   0.48   0.36   0.86   0.54   0.64   0.68   0.32   0.74   0.71   0.38   0.45 
  0.94   0.71   0.76   0.29   0.22   0.95   0.79   0.86   0.82   0.52   0.73   0.66   0.39   0.41   0.12   0.18   0.27   0.24   0.48   0.32   0.42   0.58   0.67   0.46   0.35   0.80   0.62   0.65   0.71   0.23   0.14   0.71   0.61   0.28   0.38   0.10   0.72   0.43   0.22   0.26   0.78   0.18   0.74   0.47   0.24   0.30   0.58   0.66   0.98 
  0.26   0.15   0.31   0.83   0.13   0.27   0.22   0.28   0.70   0.57   0.40   0.33   0.13   0.52   0.91   0.59   0.66   0.83   0.88   0.48   0.75   0.86   0.84   0.33   0.15   0.94   0.81   0.91   0.66   0.69   0.42   0.22   0.49   0.26   0.37   0.51   0.71   0.33   0.77   0.84   0.91   0.81   0.72   0.49   0.42   0.50   0.28   0.18   0.42 
  0.94   0.84   0.66   0.38   0.15   0.72   0.11   0.60   0.13   0.89   0.17   0.57   0.13   0.69   0.67   0.73   0.82   0.58   0.77   0.48   0.39   0.29   0.24   0.75   0.44   0.74   0.74   0.16   0.93   0.65   0.27   0.99   0.47   0.62   0.87   0.86   0.84   0.32   0.63   0.24   0.69   0.25   0.36   0.11   0.45   0.66   0.40   0.19   0.98 
  0.47   0.86   0.28   0.23   0.52   0.70   0.31   0.47   0.28   0.60   0.71   0.22   0.76   0.71   0.56   0.51   0.88   0.64   0.16   0.98   0.48   0.76   0.97   0.51   0.75   0.29   0.90   0.75   0.91   0.28   0.15   0.65   0.13   0.97   0.49   0.35   0.18   0.12   0.80   0.15   0.61   0.63   0.45   0.19   0.83   0.96   0.25   0.77   0.41 
  0.82   0.70   0.84   0.96   0.17   0.28   0.76   0.76   0.73   0.24   0.39   0.29   0.52   0.65   0.96   0.74   0.20   0.68   0.68   0.48   0.75   0.37   0.16   0.36   0.81   0.84   0.60   0.90   0.43   0.81   0.42   0.73   0.65   0.99   0.70   0.80   0.38   0.55   0.28   0.41   0.36   0.61   0.46   0.75   0.50   0.48   0.66   0.36   0.25 
  0.41   0.76   0.91   0.32   0.78   0.41   0.36   0.32   0.28   0.92   0.48   0.35   0.70   0.96   0.44   0.76   0.16   0.77   0.22   0.15   0.32   0.72   0.44   0.68   0.80   0.76   0.74   0.51   0.46   0.62   0.56   0.50   0.60   0.80   0.71   0.25   0.25   0.57   0.28   0.67   0.15   0.14   0.43   0.61   0.27   0.44   0.57   0.11   0.72 
  0.56   0.39   0.10   0.63   0.17   0.40   0.76   0.13   0.59   0.17   0.85   0.66   0.76   0.71   0.48   0.79   0.20   0.51   0.30   0.82   0.27   0.93   0.41   0.21   0.56   0.43   0.94   0.22   0.60   0.62   0.28   0.57   0.31   0.83   0.75   0.50   0.20   0.55   0.52   0.77   0.29   0.55   0.83   0.74   0.25   0.64   0.72   0.78   0.56 
  0.97   0.23   0.39   0.24   0.62   0.10   0.23   0.75   0.64   0.36   0.82   0.11   0.18   0.98   0.45   0.93   0.15   0.35   0.13   0.80   0.92   0.95   0.82   0.38   0.54   0.71   0.50   0.20   0.84   0.50   0.44   0.11   0.20   0.85   0.96   0.84   0.69   0.13   0.82   0.12   0.20   0.28   0.36   0.66   0.60   0.32   0.54   0.50   0.15 
  0.59   0.61   0.33   0.73   0.45   0.90   0.98   0.13   0.75   0.73   0.78   0.47   0.32   0.45   0.90   0.50   0.29   0.51   0.91   0.43   0.21   0.84   0.91   0.98   0.99   0.15   0.68   0.13   0.31   0.84   0.34   0.63   0.93   0.70   0.91   0.59   0.52   0.23   0.38   0.31   0.45   0.63   0.55   0.24   0.29   0.21   0.47   0.60   0.69 
  0.43   0.98   0.68   0.39   0.95   0.74   0.59   0.55   0.77   0.91   0.79   0.23   0.34   0.51   0.40   0.71   0.47   0.31   0.54   0.58   0.34   0.86   0.13   0.48   0.30   0.46   0.33   0.12   0.19   0.12   0.79   0.93   0.13   0.30   0.69   0.70   0.93   0.39   0.85   0.13   0.61   0.98   0.54   0.11   0.49   0.21   0.84   0.73   0.89 
  0.54   0.69   0.90   0.16   0.60   0.77   0.29   0.19   0.88   0.44   0.92   0.91   0.84   0.29   0.95   0.74   0.44   0.87   0.82   0.38   0.98   0.97   0.35   0.17   0.40   0.81   0.12   0.39   0.84   0.12   0.16   0.19   0.90   0.34   0.58   0.19   0.20   0.57   0.35   0.72   0.72   0.17   0.67   0.12   0.43   0.83   0.62   0.34   0.44 
  0.90   0.68   0.46   0.53   0.20   0.12   0.48   0.59   0.35   0.34   0.40   0.92   0.88   0.85   0.22   0.84   0.73   0.90   0.35   0.41   0.72   0.87   0.95   0.84   0.30   0.80   0.93   0.84   0.73   0.81   0.70   0.27   0.62   0.50   0.15   0.88   0.25   0.50   0.52   0.83   0.40   0.84   0.47   0.50   0.86   0.48   0.56   0.82   0.87 
  0.98   0.47   0.27   0.35   0.69   0.84   0.86   0.84   0.17   0.80   0.52   0.60   0.32   0.44   0.83   0.75   0.26   0.51   0.27   0.50   0.52   0.59   0.88   0.84   0.47   0.96   0.31   0.77   0.20   0.94   0.29   0.57   0.34   0.82   0.27   0.75   0.55   0.41   0.75   0.85   0.67   0.46   0.77   0.34   0.47   0.56   0.70   0.43   0.27 
  0.51   0.37   0.94   0.42   0.92   0.53   0.13   0.53   0.19   0.42   0.69   0.11   0.87   0.46   0.85   0.28   0.76   0.63   0.25   0.86   0.83   0.73   0.51   0.79   0.12   0.16   0.53   0.53   0.23   0.25   0.49   0.17   0.43   0.23   0.85   0.78   0.80   0.34   0.65   0.66   0.76   0.48   0.65   0.70   0.97   0.84   0.84   0.54   0.75 
  0.80   0.17   0.74   0.84   0.13   0.52   0.92   0.75   0.98   0.81   0.18   0.67   0.67   0.23   0.31   0.10   0.75   0.54   0.42   0.63   0.74   0.25   0.43   0.60   0.93   0.71   0.33   0.41   0.76   0.25   0.50   0.59   0.18   0.66   0.88   0.44   0.66   0.27   0.43   0.80   0.27   0.60   0.14   0.17   0.40   0.95   0.88   0.58   0.32 
  0.59   0.14   0.35   0.24   0.16   0.11   0.33   0.81   0.79   0.76   0.47   0.67   0.23   0.54   0.36   0.51   0.70   0.20   0.67   0.43   0.35   0.75   0.98   0.80   0.15   0.39   0.26   0.82   0.16   0.28   0.44   0.23   0.75   0.49   0.17   0.83   0.85   0.47   0.19   0.13   0.77   0.87   0.93   0.33   0.70   0.21   0.86   0.60   0.52 
  0.89   0.66   0.48   0.93   0.19   0.24   0.94   0.15   0.15   0.22   0.49   0.18   0.26   0.67   0.46   0.51   0.95   0.21   0.67   0.95   0.20   0.65   0.52   0.38   0.83   0.80   0.15   0.84   0.13   0.39   0.63   0.73   0.30   0.20   0.12   0.48   0.21   0.73   0.45   0.70   0.96   0.16   0.17   0.52   0.54   0.83   0.56   0.46   0.50 
  0.35   0.62   0.38   0.78   0.22   0.22   0.27   0.35   0.25   0.31   0.28   0.25   0.57   0.41   0.74   0.25   0.69   0.87   0.56   0.52   0.51   0.12   0.39   0.45   0.56   0.97   0.32   0.64   0.50   0.79   0.33   0.64   0.48   0.38   0.41   0.26   0.86   0.79   0.38   0.84   0.51   0.63   0.23   0.93   0.11   0.65   0.59   0.44   0.64 
  0.59   0.56   0.62   0.50   0.65   0.79   0.69   0.21   0.12   0.77   0.29   0.65   0.73   0.81   0.77   0.19   0.75   0.95   0.36   0.55   0.85   0.42   0.90   0.40   0.95   0.73   0.57   0.31   0.71   0.47   0.85   0.14   0.19   0.45   0.24   0.66   0.96   0.32   0.41   0.66   0.85   0.41   0.56   0.19   0.84   0.66   0.83   0.69   0.93 
---
G_diag: 49 49
  8.29   9.29   8.36   2.80   2.62   7.15   8.78   4.72   6.72   5.50   6.06   4.72   6.92   3.90   9.37   6.50   6.77   9.66   8.88   4.05   5.05   3.73   5.93   7.66   9.38   8.63   7.24   5.88   3.01   4.99   6.76   7.39   9.07   3.58   5.41   4.96   5.88   7.98   8.88   3.98   3.58   8.66   2.83   6.91   6.21   3.26   2.91   9.51   9.78 
  7.79   4.33   7.69   5.15   5.08   6.54   4.06   7.24   2.47   5.90   3.26   2.45   5.74   2.42   6.28   8.66   5.19   3.61   5.11   3.20   3.78   2.88   8.94   3.25   2.42   3.33   9.14   4.94   6.85   7.82   2.41   4.14   7.10   7.31   2.83   3.88   2.93   3.02   8.86   7.02   3.98   3.70   6.91   9.45   7.91   2.79   5.61   8.32   7.17 
  3.63   4.63   8.63   9.79   3.21   3.20   2.54   9.82   7.45   3.09   5.38   8.32   8.92   3.37   3.33   3.30   5.86   6.31   7.21   5.27   5.49   5.79   5.63   6.63   5.20   3.81   4.76   8.62   6.76   2.38   6.78   6.54   8.78   3.30   2.24   7.63   7.77   9.77   2.22   5.21   3.43   5.59   6.14   3.61   8.35   2.14   6.87   8.41   6.09 
  7.00   4.50   7.83   5.21   7.32   2.36   5.92   8.05   5.24   7.61   5.35   5.56   2.78   8.94   4.77   2.97   8.12   2.48   9.44   9.44   9.13   2.45   9.53   4.55   8.98   7.97   7.08   6.72   6.28   5.06   7.99   5.75   8.70   6.72   4.74   7.97   2.84   8.60   4.09   6.56   6.74   6.89   6.05   5.12   7.79   6.71   6.35   3.63   6.02 
  5.09   2.76   3.07   8.99   6.40   6.44   8.13   6.64   3.69   9.13   2.85   2.15   4.36   7.26   6.53   2.77   9.85   6.45   4.49   4.58   4.05   2.27   9.13   4.23   8.14   7.26   7.10   6.08   4.37   8.03   8.83   8.70   9.40   5.34   8.31   7.07   5.05   5.73   8.80   5.74   9.68   9.68   3.86   4.37   8.04   3.15   3.80   3.65   6.59 
  6.22   8.97   6.42   8.93   3.29   9.17   9.78   5.05   5.56   5.34   3.73   4.27   5.78   7.34   7.74   6.01   6.12   6.20   2.84   8.71   2.72   6.80   6.59   2.82   6.46   2.98   3.84   3.67   2.50   8.20   9.05   9.52   6.13   4.93   9.66   7.60   2.21   8.16   8.39   9.47   4.82   2.66   2.41   4.07   3.78   7.13   3.09   7.36   6.94 
  7.42   5.30   9.59   3.87   5.75   3.27   7.61   2.57   6.82   3.32   3.66   6.10   8.03   9.11   8.14   9.89   2.64   2.25   6.89   8.91   4.33   2.14   9.90   9.57   9.04   6.60   5.41   4.15   7.06   9.15   9.31   7.81   9.33   9.42   6.42   4.77   6.99   6.94   7.93   7.52   7.61   8.39   5.07   3.53   2.90   8.71   3.09   6.38   8.97 
  4.76   5.93   9.39   8.74   6.35   7.61   5.67   9.35   8.72   8.04   3.18   9.47   9.04   4.15   8.60   5.24   2.11   4.15   6.83   2.70   4.86   4.75   8.93   5.92   8.22   4.78   4.92   6.42   9.08   6.40   8.08   5.89   2.38   9.83   4.10   8.07   4.73   6.15   4.89   6.19   9.10   6.01   3.13   5.72   3.54   9.21   5.87   2.28   5.22 
  5.48   8.19   6.60   4.61   8.14   6.38   8.39   9.64   8.61   2.24   8.91   5.67   2.17   6.05   8.04   6.92   3.52   3.96   6.14   4.00   2.96   3.77   4.26   7.72   8.79   7.80   5.27   2.88   4.82   8.75   9.64   6.09   8.47   9.33   6.06   4.80   7.31   8.70   8.72   2.24   6.30   8.16   7.62   9.82   6.72   6.43   4.34   5.76   6.27 
  4.55   9.75   6.36   5.34   6.16   3.51   7.26   7.33   2.49   3.74   6.49   9.44   4.38   2.47   8.36   3.73   4.03   2.85   5.69   7.85   9.39   9.38   6.19   5.65   5.49   5.03   7.90   9.38   3.50   3.10   3.91   4.40   3.99   4.51   5.77   4.77   2.46   7.18   2.37   8.54   8.07   2.86   4.35   8.27   4.69   7.78   5.43   2.52   4.73 
  8.20   6.64   3.26   6.04   3.06   2.82   2.57   7.19   7.16   4.87   7.60   5.49   5.50   9.58   6.97   3.91   6.84   7.17   6.32   8.46   3.23   9.86   5.29   6.36   8.25   7.71   2.20   5.94   6.10   4.37   6.16   5.92   3.71   3.79   8.90   5.92   6.04   3.62   9.85   9.77   2.55   4.64   9.28   2.57   8.55   7.84   6.79   8.50   8.73 
  9.29   3.63   6.10   3.16   4.29   7.95   3.53   7.64   5.01   8.40   6.75   4.05   6.79   8.38   9.12   7.26   6.64   9.11   6.40   2.87   5.44   4.98   2.79   8.81   3.42   3.78   6.52   7.55   9.17   4.40   3.32   2.37   6.00   8.97   7.91   4.01   4.48   5.34   2.24   9.43   8.80   7.75   4.72   6.62   2.62   8.04   8.32   5.37   3.85 
  4.32   3.27   8.61   8.95   4.49   2.93   7.51   9.26   5.91   8.89   2.56   5.01   5.30   8.21   8.50   8.63   6.60   7.33   3.72   6.21   2.24   8.90   6.47   4.38   7.65   2.50   3.13   5.12   7.37   7.79   2.34   6.79   8.34   4.89   2.81   8.41   9.35   3.30   8.97   8.25   5.09   8.89   8.64   8.90   7.63   6.19   6.12   4.27   4.00 
  9.72   5.03   6.73   7.53   2.66   5.57   8.47   3.00   6.63   9.58   4.52   5.23   4.90   3.99   4.34   3.14   7.12   2.46   9.48   8.52   7.41   4.93   3.78   9.27   2.47   6.95   7.65   3.94   3.76   8.87   3.29   8.60   4.62   9.41   8.77   8.21   7.35   4.35   2.60   7.39   5.73   7.28   6.74   6.01   6.26   2.64   6.14   2.86   9.69 
  3.06   3.50   8.70   6.42   7.55   9.41   5.29   5.97   8.43   8.55   9.22   2.77   9.16   5.23   2.65   8.17   6.08   4.33   3.44   2.84   7.37   5.72   7.89   7.93   8.05   2.79   4.78   6.30   7.54   5.18   6.73   7.50   8.78   9.54   6.21   8.53   5.59   5.29   5.72   8.14   8.94   6.95   4.06   2.30   5.54   5.04   8.96   2.57   9.20 
  7.05   4.68   8.20   8.58   3.58   6.31   8.23   5.05   2.36   4.96   7.10   9.38   6.89   7.19   4.79   4.92   6.79   2.20   3.37   4.49   7.87   7.97   8.17   5.51   5.44   7.02   2.34   5.81   4.48   9.88   4.85   5.91   8.85   2.52   6.88   6.72   6.36   3.35   9.68   7.49   2.89   2.55   9.43   8.61   3.76   6.08   3.84   9.46   6.90 
  6.50   3.89   7.50   6.95   3.31   5.36   4.68   3.69   8.44   2.37   8.77   5.65   7.09   7.97   4.53   7.87   9.31   8.36   5.92   3.27   2.78   5.92   9.27   7.50   6.05   6.76   6.75   7.11   9.73   9.39   3.12   9.47   8.07   2.61   6.30   3.37   5.36   5.65   9.22   5.33   9.05   9.05   5.36   8.70   4.61   7.87   9.41   9.63   2.33 
  7.20   8.22   4.67   7.20   6.67   9.44   3.54   5.28   9.25   5.84   7.04   8.04   2.17   7.03   6.12   7.22   5.43   7.96   7.94   5.37   7.18   7.36   8.75   7.30   2.18   6.00   6.80   7.05   4.14   9.16   7.17   8.86   8.39   8.89   9.74   6.93   7.37   7.41   7.03   7.76   4.45   2.61   2.81   3.68   8.36   3.81   8.02   6.55   6.95 
  5.41   9.87   5.11   3.60   5.73   5.33   2.23   2.77   3.14   9.22   4.27   4.40   2.13   7.29   3.47   4.45   9.73   5.77   5.81   5.04   9.87   6.33   8.07   6.42   3.76   4.50   8.94   9.60   8.00   6.99   5.00   4.16   6.33   7.54   8.20   8.65   5.34   5.08   7.91   6.19   2.11   4.03   4.64   2.26   2.30   4.86   4.62   5.37   4.41 
  2.43   5.89   6.93   2.67   6.56   6.54   3.92   2.34   7.65   5.17   3.10   6.76   5.47   4.02   3.78   4.25   2.85   9.13   3.63   9.07   3.81   8.30   7.90   7.25   3.17   4.03   4.63   7.71   9.63   6.17   6.27   9.38   5.28   3.52   9.27   9.54   6.96   7.36   5.03   2.75   8.93   3.64   4.12   7.98   3.10   6.39   5.08   3.84   8.73 
  9.73   9.02   8.50   2.93   9.45   9.02   7.21   4.98   7.17   8.57   2.67   9.14   4.08   7.12   5.65   4.87   6.93   4.38   9.80   3.87   4.85   8.70   4.82   2.15   5.53   4.93   6.65   3.24   4.39   9.88   4.05   5.38   4.86   4.64   8.82   8.95   6.44   2.93   6.80   4.42   5.59   3.47   5.69   5.66   6.63   7.02   8.10   3.56   9.19 
  9.38   3.20   4.50   3.91   4.97   9.32   8.17   8.02   5.13   8.74   7.87   8.18   6.84   9.63   5.71   9.69   3.79   7.58   3.74   6.92   3.30   6.59   6.83   9.41   8.19   2.63   2.35   2.95   6.57   7.91   7.51   8.47   3.17   8.82   6.82   5.74   6.03   9.39   6.50   5.92   5.51   7.37   9.17   8.75   6.30   3.51   9.67   9.50   4.44 
  4.47   7.58   4.50   3.11   9.86   8.05   6.35   3.97   3.22   6.71   6.23   6.33   6.61   6.79   4.35   3.26   3.97   4.76   4.69   8.18   9.73   8.42   6.25   8.48   5.62   4.63   3.05   5.83   6.27   2.90   6.70   7.99   8.45   4.17   6.77   3.79   9.71   2.56   3.45   2.36   4.79   5.80   6.54   6.47   5.54   2.22   8.85   4.92   2.65 
  7.07   5.54   6.83   4.72   5.47   8.63   6.27   3.69   5.40   5.78   9.55   3.64   4.70   2.10   6.42   7.08   5.97   8.23   6.14   6.83   8.81   2.55   7.63   4.92   6.81   2.91   6.95   2.90   6.84   6.16   9.63   6.94   9.08   2.98   8.42   8.51   3.68   9.71   4.33   2.10   8.24   8.37   5.51   9.03   4.65   7.42   5.22   3.04   5.88 
  7.92   8.73   8.97   3.22   5.13   3.06   8.30   8.82   9.83   8.10   2.48   8.70   8.13   8.13   5.29   8.60   8.41   9.48   9.07   5.93   4.29   8.55   3.20   3.29   2.70   4.69   4.67   9.26   7.07   5.96   7.02   5.90   7.70   9.28   9.45   5.92   7.15   6.53   4.07   3.12   2.19   6.23   6.42   7.66   5.21   9.52   7.90   5.70   5.42 
  6.74   8.69   6.22   8.66   4.04   9.77   3.55   9.41   2.62   8.42   8.49   2.35   5.20   5.03   3.57   6.90   3.05   8.48   5.60   8.79   3.30   2.24   9.46   6.73   8.31   3.95   4.64   5.34   7.47   5.62   5.94   2.51   9.43   7.54   9.11   7.20   8.79   3.25   6.20   2.59   2.43   6.51   7.27   6.37   8.97   5.34   6.96   5.20   9.50 
  7.12   4.87   7.29   3.98   4.60   8.84   8.79   4.02   4.84   7.80   2.18   8.68   4.55   4.81   8.67   4.15   2.87   6.46   2.66   7.95   7.27   8.40   6.30   6.35   7.39   8.07   4.65   9.32   6.78   4.33   6.56   3.92   3.95   6.48   4.18   8.27   2.26   6.08   6.26   9.71   4.56   4.98   7.64   9.80   9.56   2.18   5.45   9.86   2.30 
  6.59   6.60   5.37   8.38   7.70   2.35   8.94   8.77   7.01   2.73   4.34   4.21   8.19   2.72   8.88   8.45   3.57   6.65   5.77   3.24   2.79   4.89   8.91   4.08   3.87   6.24   5.77   8.33   2.91   8.43   4.53   3.85   9.87   6.57   8.41   5.92   4.42   4.70   7.06   7.77   3.56   8.60   3.31   6.85   3.75   3.18   3.13   4.67   4.05 
  7.56   4.93   6.06   6.83   2.68   3.63   9.85   6.60   7.31   8.48   7.59   4.84   3.01   9.30   8.55   7.31   2.69   9.14   7.92   6.55   5.64   5.26   2.94   3.80   9.34   3.06   6.20   9.44   2.17   6.28   3.69   9.35   2.93   2.63   7.49   9.62   7.39   5.21   2.97   9.24   3.34   2.68   6.40   8.50   4.57   6.64   3.88   3.58   8.69 
  7.80   7.49   7.59   6.65   6.15   7.30   2.47   2.41   3.58   8.50   9.14   9.89   4.88   2.19   8.28   2.24   7.73   8.86   5.06   4.00   4.93   4.44   8.21   6.33   5.00   9.35   9.11   5.81   4.62   4.06   9.20   5.41   7.58   5.53   8.20   4.67   4.53   6.00   5.24   4.36   5.64   6.56   3.77   7.96   4.96   5.65   3.43   3.08   7.64 
  5.30   4.34   4.39   9.72   6.63   9.79   5.55   9.85   2.90   7.36   8.93   3.82   9.62   6.02   6.56   5.67   4.72   9.85   5.40   8.13   4.83   8.50   8.69   3.66   5.36   2.78   4.23   5.98   3.23   2.93   8.57   4.87   9.70   5.76   4.11   5.49   5.41   9.16   9.19   8.16   3.40   5.28   7.53   5.32   7.72   3.22   5.94   9.69   8.93 
  3.31   9.65   8.51   6.41   8.64   9.51   4.76   3.71   5.79   4.28   9.13   3.65   5.31   7.84   9.49   8.45   5.11   5.53   4.08   2.36   4.71   6.98   7.87   6.57   5.93   8.11   5.61   6.09   8.81   2.99   5.57   2.27   3.84   6.07   8.45   9.66   4.07   8.02   5.66   5.13   3.08   9.27   7.16   6.76   5.22   4.96   8.65   5.20   6.38 
  6.76   5.19   7.32   3.14   5.89   4.01   3.55   4.65   3.67   2.60   5.68   8.02   8.38   9.61   3.63   3.85   7.24   8.17   5.42   6.22   3.76   8.08   9.50   6.00   7.60   3.82   7.81   7.77   6.70   2.50   7.94   7.24   7.86   3.09   3.10   6.82   3.44   7.77   8.05   5.44   8.18   7.88   6.76   2.11   8.25   4.77   2.28   5.46   2.59 
  5.01   9.25   5.43   2.31   7.94   7.47   7.89   2.50   5.25   7.89   5.33   8.77   4.69   2.52   8.50   5.17   7.83   5.30   5.59   2.14   7.33   4.95   2.73   7.75   9.05   5.33   2.45   7.68   8.45   4.08   5.91   5.17   5.02   7.21   5.91   7.28   6.17   7.57   4.82   5.66   5.18   3.18   9.80   3.81   8.03   7.59   3.39   9.40   7.36 
  8.97   2.38   8.30   5.88   4.85   3.12   4.60   2.59   6.40   7.93   6.86   8.68   4.98   7.90   7.67   9.12   4.02   2.93   8.91   2.96   5.40   9.32   8.81   3.58   8.54   6.28   2.35   7.16   8.55   7.38   3.37   7.87   7.70   6.39   8.00   7.87   6.91   2.17   3.83   5.22   2.80   7.63   5.37   4.42   4.21   5.61   4.02   8.50   3.78 
  4.30   4.05   7.97   5.04   6.54   7.00   7.52   4.88   3.19   3.36   5.01   5.70   7.84   6.86   9.36   6.81   8.77   7.09   8.69   7.98   6.81   8.22   7.12   9.60   7.46   2.20   3.47   9.50   2.46   5.24   7.81   5.66   3.91   7.02   7.71   9.36   3.60   6.09   5.51   3.36   7.46   8.68   4.49   9.31   6.98   2.29   5.46   3.44   3.16 
  4.25   3.44   3.43   6.93   6.12   2.73   4.09   2.95   9.03   4.14   6.38   5.11   9.17   9.17   4.80   5.87   4.25   8.79   3.17   4.86   5.01   4.01   3.66   6.50   4.57   3.31   6.35   9.40   9.75   2.21   5.66   8.04   9.25   8.45   3.43   7.83   6.45   3.19   7.28   5.58   4.25   2.53   9.76   9.78   6.17   3.94   7.18   5.02   4.71 
  7.64   4.55   6.50   3.44   9.47   2.84   6.90   6.57   4.89   8.84   9.44   2.13   6.37   4.11   5.16   6.57   2.76   9.69   2.81   7.27   5.20   9.42   3.72   9.25   5.38   4.53   9.65   4.21   7.59   3.46   4.00   8.81   2.99   9.44   7.73   7.09   3.97   6.70   5.82   7.76   6.85   6.18   4.09   8.19   9.46   6.98   4.28   7.11   6.21 
  5.83   2.79   2.84   3.85   7.05   3.54   6.89   6.03   7.51   8.91   9.63   2.75   2.90   9.80   7.26   2.58   6.06   7.12   5.08   5.09   6.89   2.99   5.48   7.20   8.37   2.67   4.00   6.34   9.53   6.72   6.40   7.91   2.80   4.11   8.94   5.82   8.33   6.54   3.61   8.66   6.42   8.69   9.78   4.91   9.57   5.05   7.44   4.68   7.65 
  3.05   7.49   6.80   7.47   3.03   5.16   7.91   2.93   2.12   5.85   3.92   6.51   6.85   9.33   6.56   5.26   3.00   3.32   8.57   7.37   6.12   5.96   5.10   9.76   4.76   6.80   2.75   5.69   9.75   3.90   5.33   7.16   5.85   9.89   9.04   2.85   3.01   9.74   7.13   8.84   3.64   2.33   6.58   4.55   3.33   2.53   5.03   7.37   8.37 
  8.55   3.37   2.17   2.47   4.35   5.63   3.52   9.57   9.84   6.31   8.37   8.20   8.33   6.19   7.04   9.87   7.04   5.09   7.29   9.28   5.27   7.69   3.42   5.17   4.01   6.65   9.85   5.65   7.87   8.33   6.11   6.36   8.62   9.25   2.39   4.82   3.84   5.91   2.71   2.72   5.50   8.67   6.34   7.63   4.93   9.72   9.57   6.48   9.01 
  8.61   3.01   3.40   3.12   5.97   3.15   6.23   4.62   3.17   5.63   8.32   3.71   8.71   3.88   5.76   9.24   6.27   3.28   6.41   2.62   6.86   2.67   2.53   8.60   4.39   8.04   6.84   3.84   2.40   9.42   9.81   8.39   4.95   4.98   7.73   2.99   9.53   6.56   8.42   4.77   2.24   6.75   7.38   2.21   3.61   7.07   7.24   3.83   3.16 
  4.19   3.69   6.85   2.73   6.46   2.36   9.09   9.51   5.23   2.42   6.17   7.12   2.59   3.31   6.75   4.95   3.88   3.96   3.55   7.42   3.97   8.35   7.92   8.61   4.51   9.74   8.78   9.15   5.20   3.41   9.15   5.62   5.21   6.33   4.53   9.80   2.64   5.26   8.78   4.84   5.79   2.31   4.90   8.70   8.51   6.70   7.20   8.12   4.33 
  2.26   2.61   7.19   9.85   5.58   7.68   6.16   3.33   3.44   4.75   7.16   5.57   7.49   8.69   5.61   5.78   8.33   9.65   3.68   3.21   4.22   5.44   6.37   4.33   2.98   7.50   8.12   3.31   6.22   6.10   5.26   6.36   8.41   6.25   4.52   2.40   7.47   5.61   7.09   3.71   6.68   6.04   9.50   3.18   8.32   4.82   2.58   2.17   8.42 
  3.47   5.53   3.82   4.64   8.06   3.84   6.48   6.67   4.20   8.93   5.18   2.98   2.80   9.75   8.15   2.34   9.10   3.81   3.43   4.65   8.32   2.62   7.25   5.88   6.23   7.59   4.57   4.29   8.67   2.73   6.04   4.15   6.35   2.92   6.43   9.83   7.09   3.16   2.57   4.27   5.94   6.30   2.30   5.35   3.50   2.64   7.32   4.28   6.28 
  7.41   3.69   6.03   8.67   4.26   7.20   5.26   6.89   8.27   9.10   5.15   5.44   4.26   4.94   9.36   6.14   3.63   7.21   9.42   5.30   2.57   3.99   6.64   2.65   7.75   2.66   9.54   5.02   7.29   5.92   2.13   8.03   5.68   7.28   7.41   2.81   6.40   9.33   6.65   4.59   3.62   6.36   6.35   9.54   7.98   4.40   5.45   7.29   2.16 
  2.87   9.11   5.87   2.70   6.77   8.39   7.67   9.02   2.40   8.98   7.50   2.16   4.24   3.62   4.64   7.33   7.14   6.52   9.06   5.35   5.05   7.53   3.63   7.87   6.88   6.27   9.88   4.91   7.84   3.03   6.32   9.85   3.67   8.30   3.95   3.50   5.83   5.56   3.11   2.19   7.92   8.74   4.84   7.84   8.81   9.57   5.27   3.95   4.86 
  7.14   5.79   2.27   2.29   8.94   9.45   9.18   3.28   8.37   5.97   5.42   4.37   9.54   3.73   5.23   8.53   5.47   6.86   2.57   2.64   9.40   5.67   7.34   8.38   8.21   2.23   9.77   2.81   7.95   8.90   3.89   4.27   5.46   6.59   8.99   3.58   2.67   8.86   6.41   3.06   4.35   9.52   8.33   7.42   4.56   6.38   8.05   3.44   8.50 
  9.39   2.46   5.98   7.34   8.96   7.67   4.21   5.35   6.94   5.57   8.70   2.64   9.11   3.02   5.39   2.45   8.35   9.81   9.53   7.19   9.36   9.53   6.54   7.72   4.34   6.19   8.61   8.34   3.12   5.96   6.02   4.86   8.38   4.91   4.37   2.24   3.16   8.32   2.55   5.33   9.63   3.30   2.54   8.19   6.18   3.67   8.75   7.23   6.20 
---
