G_down: 49 50
  0.65   0.19   0.44   0.54   0.83   0.71   0.84   0.26   0.79   0.88   0.15   0.47   0.49   0.57   0.60   0.88   0.40   0.50   0.53   0.69   0.50   0.77   0.53   0.29   0.79   0.70   0.30   0.16   0.54   0.85   0.81   0.71   0.61   0.81   0.66   0.11   0.60   0.12   0.70   0.59   0.97   0.98   0.63   0.95   0.18   0.26   0.61   0.77   0.62   0.75 
  0.24   0.88   0.92   0.80   0.60   0.99   0.40   0.57   0.67   0.59   0.59   0.71   0.19   0.81   0.31   0.93   0.53   0.73   0.74   0.38   0.33   0.87   0.59   0.46   0.37   0.29   0.60   0.22   0.50   0.77   0.11   0.57   0.29   0.49   0.53   0.91   0.51   0.66   0.57   0.46   0.34   0.35   0.48   0.48   0.12   0.62   0.61   0.78   0.17   0.70 
  0.79   0.85   0.12   0.57   0.21   0.12   0.27   0.94   0.29   0.24   0.16   0.65   0.88   0.97   0.21   0.77   0.97   0.54   0.67   0.87   0.85   0.27   0.54   0.43   0.82   0.36   0.43   0.71   0.19   0.15   0.11   0.91   0.61   0.57   0.29   0.41   0.25   0.48   0.81   0.53   0.49   0.80   0.96   0.41   0.15   0.73   0.78   0.50   0.48   0.73 
  0.47   0.11   0.78   0.85   0.44   0.21   0.54   0.48   0.70   0.57   0.61   0.48   0.92   0.70   0.51   0.35   0.96   0.22   0.48   0.84   0.61   0.73   0.71   0.49   0.38   0.31   0.49   0.96   0.65   0.33   0.84   0.80   0.20   0.72   0.92   0.41   0.29   0.79   0.10   0.23   0.45   0.66   0.51   0.42   0.97   0.91   0.56   0.59   0.57   0.13 
  0.24   0.11   0.71   0.11   0.20   0.11   0.23   0.96   0.10   0.91   0.42   0.41   0.61   0.33   0.69   0.53   0.41   0.78   0.41   0.24   0.63   0.39   0.41   0.37   0.79   0.54   0.72   0.18   0.54   0.93   0.98   0.35   0.71   0.62   0.54   0.72   0.15   0.50   0.49   0.14   0.52   0.23   0.89   0.21   0.49   0.82   0.17   0.37   0.49   0.25 
  0.40   0.23   0.16   0.95   0.86   0.53   0.32   0.19   0.74   0.49   0.54   0.35   0.76   0.25   0.33   0.36   0.27   0.10   0.42   0.35   0.29   0.87   0.54   0.52   0.71   0.40   0.35   0.15   0.20   0.20   0.81   0.22   0.94   0.39   0.17   0.60   0.73   0.80   0.97   0.60   0.46   0.60   0.52   0.26   0.25   0.50   0.39   0.19   0.15   0.21 
  0.55   0.26   0.66   0.49   0.43   0.85   0.46   0.85   0.58   0.36   0.93   0.55   0.56   0.98   0.73   0.73   0.12   0.88   0.95   0.91   0.84   0.39   0.52   0.14   0.63   0.28   0.88   0.67   0.65   0.12   0.18   0.50   0.19   0.42   0.96   0.68   0.63   0.35   0.64   0.11   0.42   0.69   0.37   0.88   0.52   0.38   0.99   0.60   0.84   0.95 
  0.21   0.96   0.27   0.70   0.96   0.63   0.94   0.71   0.43   0.55   0.83   0.88   0.65   0.93   0.41   0.65   0.19   0.82   0.59   0.29   0.61   0.39   0.65   0.66   0.41   0.24   0.45   0.30   0.66   0.63   0.55   0.44   0.66   0.52   0.54   0.34   0.93   0.12   0.10   0.51   0.30   0.25   0.47   0.11   0.59   0.25   0.94   0.54   0.18   0.95 
  0.20   0.46   0.54   0.20   0.60   0.18   0.72   0.30   0.61   0.53   0.80   0.75   0.15   0.78   0.85   0.76   0.38   0.30   0.54   0.26   0.20   0.32   0.23   0.21   0.95   0.14   0.39   0.11   0.53   0.97   0.36   0.43   0.31   0.23   0.56   0.17   0.36   0.27   0.70   0.48   0.27   0.66   0.44   0.97   0.94   0.98   0.75   0.66   0.26   0.32 
  0.81   0.61   0.77   0.39   0.20   0.99   0.12   0.60   0.12   0.25   0.76   0.36   0.20   0.66   0.71   0.57   0.28   0.64   0.13   0.34   0.28   0.65   0.93   0.65   0.76   0.34   0.30   0.49   0.22   0.64   0.71   0.92   0.31   0.56   0.28   0.64   0.14   0.56   0.42   0.86   0.47   0.98   0.93   0.12   0.89   0.59   0.78   0.67   0.12   0.98 
  0.40   0.36   0.23   0.92   0.90   0.75   0.96   0.27   0.76   0.13   0.43   0.13   0.33   0.25   0.93   0.93   0.87   0.55   0.75   0.17   0.85   0.22   0.55   0.24   0.28   0.27   0.10   0.89   0.87   0.98   0.66   0.16   0.47   0.96   0.41   0.40   0.73   0.94   0.70   0.29   0.40   0.49   0.78   0.24   0.56   0.60   0.77   0.34   0.23   0.19 
  0.47   0.36   0.71   0.34   0.74   0.17   0.35   0.93   0.88   0.53   0.54   0.28   0.40   0.50   0.87   0.61   0.51   0.41   0.76   0.57   0.54   0.62   0.21   0.15   0.55   0.12   0.55   0.13   0.89   0.63   0.27   0.60   0.83   0.57   0.81   0.75   0.33   0.51   0.89   0.91   0.96   0.47   0.27   0.33   0.66   0.50   0.82   0.10   0.36   0.69 
  0.90   0.26   0.85   0.12   0.74   0.58   0.94   0.72   0.36   0.40   0.67   0.87   0.85   0.59   0.61   0.68   0.62   0.99   0.96   0.23   0.47   0.72   0.49   0.75   0.66   0.41   0.45   0.57   0.74   0.53   0.25   0.34   0.88   0.11   0.87   0.95   0.29   0.20   0.63   0.88   0.66   0.88   0.92   0.80   0.86   0.42   0.62   0.80   0.14   0.25 
  0.56   0.18   0.84   0.80   0.46   0.92   0.81   0.77   0.95   0.82   0.51   0.19   0.53   0.70   0.41   0.49   0.36   0.76   0.43   0.67   0.45   0.82   0.94   0.29   0.48   0.57   0.69   0.90   0.41   0.70   0.22   0.71   0.40   0.67   0.63   0.98   0.93   0.39   0.10   0.88   0.60   0.35   0.36   0.23   0.13   0.96   0.79   0.15   0.13   0.24 
  0.40   0.57   0.37   0.93   0.24   0.22   0.72   0.37   0.34   0.93   0.45   0.35   0.91   0.68   0.92   0.42   0.25   0.30   0.53   0.18   0.23   0.40   0.44   0.71   0.23   0.24   0.81   0.16   0.55   0.37   0.87   0.76   0.93   0.39   0.35   0.42   0.87   0.56   0.22   0.23   0.69   0.52   0.90   0.36   0.35   0.80   0.27   0.75   0.30   0.84 
  0.92   0.80   0.84   0.17   0.67   0.13   0.99   0.30   0.13   0.63   0.56   0.58   0.57   0.71   0.10   0.32   0.62   0.30   0.96   0.75   0.89   0.18   0.34   0.18   0.90   0.52   0.27   0.90   0.17   0.54   0.26   0.16   0.67   0.90   0.46   0.74   0.47   0.98   0.14   0.44   0.51   0.24   0.29   0.45   0.33   0.11   0.85   0.51   0.30   0.14 
  0.50   0.52   0.46   0.23   0.88   0.77   0.60   0.56   0.18   0.91   0.69   0.42   0.60   0.25   0.27   0.73   0.61   0.21   0.68   0.29   0.85   0.70   0.72   0.63   0.65   0.37   0.80   0.29   0.39   0.81   0.34   0.42   0.78   0.23   0.41   0.18   0.79   0.78   0.65   0.68   0.23   0.12   0.81   0.72   0.92   0.50   0.72   0.43   0.43   0.41 
  0.90   0.68   0.76   0.26   0.82   0.90   0.60   0.93   0.77   0.61   0.83   0.60   0.45   0.89   0.21   0.48   0.78   0.25   0.96   0.32   0.40   0.22   0.32   0.30   0.66   0.98   0.93   0.29   0.81   0.23   0.86   0.36   0.46   0.84   0.36   0.19   0.37   0.93   0.90   0.21   0.99   0.79   0.29   0.29   0.17   0.72   0.20   0.34   0.53   0.39 
  0.89   0.93   0.12   0.83   0.19   0.53   0.94   0.12   0.79   0.58   0.33   0.74   0.89   0.39   0.76   0.38   0.22   0.27   0.80   0.74   0.17   0.68   0.17   0.99   0.14   0.57   0.70   0.60   0.42   0.51   0.26   0.75   0.65   0.51   0.95   0.15   0.12   0.38   0.99   0.84   0.15   0.80   0.57   0.39   0.29   0.35   0.26   0.83   0.99   0.61 
  0.54   0.68   0.82   0.15   0.80   0.83   0.97   0.26   0.40   0.53   0.14   0.46   0.17   0.36   0.47   0.50   0.82   0.15   0.79   0.81   0.46   0.66   0.64   0.17   0.88   0.30   0.82   0.47   0.93   0.93   0.31   0.59   0.71   0.84   0.24   0.75   0.85   0.54   0.88   0.91   0.48   0.50   0.65   0.43   0.92   0.85   0.50   0.78   0.36   0.26 
  0.90   0.35   0.91   0.88   0.86   0.65   0.33   0.56   0.32   0.76   0.66   0.27   0.67   0.77   0.39   0.35   0.23   0.30   0.84   0.78   0.86   0.58   0.46   0.68   0.41   0.70   0.82   0.97   0.77   0.88   0.77   0.54   0.58   0.39   0.60   0.74   0.38   0.78   0.14   0.44   0.28   0.90   0.66   0.97   0.26   0.45   0.41   0.94   0.30   0.22 
  0.41   0.31   0.56   0.63   0.38   0.10   0.54   0.20   0.25   0.34   0.95   0.30   0.71   0.52   0.28   0.75   0.58   0.52   0.67   0.77   0.82   0.16   0.72   0.88   0.88   0.34   0.65   0.40   0.74   0.46   0.53   0.67   0.60   0.40   0.45   0.22   0.49   0.36   0.62   0.75   0.12   0.31   0.38   0.59   0.44   0.15   0.97   0.12   0.54   0.48 
  0.57   0.28   0.57   0.48   0.91   0.92   0.22   0.67   0.24   0.34   0.33   0.68   0.37   0.93   0.62   0.82   0.50   0.98   0.13   0.78   0.78   0.84   0.66   0.77   0.90   0.64   0.25   0.85   0.26   0.41   0.72   0.20   0.55   0.50   0.42   0.14   0.75   0.69   0.80   0.34   0.98   0.78   0.94   0.41   0.31   0.39   0.76   0.82   0.32   0.63 
  0.29   0.68   0.19   0.79   0.97   0.70   0.51   0.28   0.18   0.75   0.35   0.50   0.25   0.22   0.37   0.28   0.46   0.91   0.97   0.70   0.21   0.51   0.22   0.86   0.75   0.40   0.40   0.58   0.26   0.18   0.74   0.79   0.82   0.16   0.14   0.81   0.69   0.94   0.90   0.88   0.15   0.32   0.12   0.13   0.85   0.54   0.99   0.85   0.89   0.15 
  0.77   0.21   0.38   0.98   0.18   0.78   0.82   0.64   0.12   0.15   0.33   0.65   0.14   0.85   0.49   0.62   0.73   0.62   0.31   0.64   0.66   0.58   0.55   0.20   0.21   0.49   0.39   0.95   0.35   0.23   0.16   0.45   0.64   0.37   0.22   0.15   0.31   0.59   0.41   0.44   0.76   0.41   0.68   0.17   0.44   0.51   0.70   0.20   0.91   0.54 
  0.59   0.56   0.98   0.22   0.65   0.25   0.64   0.21   0.58   0.72   0.14   0.90   0.91   0.41   0.67   0.94   0.28   0.55   0.96   0.78   0.69   0.50   0.59   0.43   0.38   0.99   0.31   0.96   0.18   0.67   0.67   0.92   0.93   0.59   0.11   0.38   0.93   0.92   0.49   0.82   0.80   0.98   0.71   0.98   0.24   0.16   0.87   0.11   0.58   0.56 
  0.53   0.97   0.12   0.67   0.45   0.16   0.48   0.90   0.37   0.93   0.76   0.85   0.92   0.42   0.97   0.66   0.30   0.63   0.24   0.13   0.15   0.12   0.95   0.53   0.20   0.75   0.21   0.95   0.77   0.16   0.66   0.28   0.12   0.46   0.58   0.20   0.42   0.68   0.47   0.78   0.48   0.71   0.28   0.75   0.88   0.26   0.44   0.66   0.45   0.82 
  0.37   0.36   0.49   0.14   0.84   0.63   0.86   0.50   0.72   0.15   0.44   0.22   0.99   0.25   0.47   0.65   0.74   0.27   0.64   0.89   0.32   0.85   0.55   0.39   0.21   0.77   0.48   0.25   0.18   0.65   0.78   0.61   0.40   0.90   0.53   0.80   0.72   0.83   0.64   0.96   0.30   0.58   0.92   0.69   0.62   0.97   0.49   0.82   0.41   0.68 
  0.83   0.95   0.92   0.80   0.92   0.37   0.54   0.78   0.38   0.28   0.27   0.46   0.11   0.78   0.62   0.93   0.71   0.54   0.87   0.56   0.85   0.10   0.81   0.78   0.55   0.52   0.89   0.76   0.48   0.68   0.13   0.96   0.84   0.41   0.41   0.87   0.37   0.57   0.21   0.92   0.32   0.10   0.87   0.89   0.92   0.31   0.30   0.38   0.87   0.73 
  0.79   0.46   0.65   0.22   0.14   0.33   0.51   0.60   0.22   0.90   0.33   0.24   0.91   0.61   0.23   0.41   0.32   0.70   0.51   0.33   0.63   0.13   0.35   0.36   0.98   0.48   0.40   0.43   0.69   0.72   0.41   0.19   0.50   0.64   0.11   0.69   0.55   0.30   0.83   0.67   0.91   0.14   0.46   0.33   0.22   0.11   0.29   0.76   0.69   0.42 
  0.41   0.54   0.42   0.89   0.17   0.93   0.45   0.61   0.54   0.52   0.93   0.24   0.77   0.38   0.88   0.65   0.52   0.53   0.55   0.83   0.85   0.30   0.20   0.65   0.77   0.76   0.80   0.22   0.72   0.86   0.39   0.44   0.47   0.69   0.25   0.82   0.82   0.45   0.39   0.38   0.78   0.55   0.93   0.85   0.58   0.55   0.67   0.95   0.27   0.44 
  0.67   0.12   0.87   0.62   0.75   0.16   0.17   0.71   0.84   0.42   0.76   0.65   0.27   0.51   0.77   0.98   0.42   0.79   0.32   0.99   0.65   0.61   0.97   0.79   0.17   0.88   0.42   0.14   0.26   0.25   0.54   0.95   0.29   0.28   0.65   0.37   0.23   0.42   0.69   0.43   0.41   0.17   0.19   0.64   0.56   0.76   0.95   0.36   0.79   0.36 
  0.78   0.50   0.36   0.62   0.21   0.18   0.67   0.86   0.69   0.92   0.25   0.23   0.72   0.36   0.22   0.53   0.93   0.94   0.39   0.30   0.22   0.62   0.23   0.49   0.55   0.81   0.54   0.91   0.47   0.44   0.96   0.18   0.82   0.37   0.19   0.71   0.39   0.26   0.96   0.74   0.47   0.30   0.33   0.62   0.22   0.19   0.53   0.74   0.33   0.80 
  0.24   0.88   0.78   0.68   0.65   0.55   0.67   0.55   0.59   0.40   0.18   0.34   0.35   0.43   0.44   0.20   0.25   0.55   0.60   0.14   0.30   0.44   0.89   0.32   0.26   0.11   0.56   0.24   0.17   0.81   0.94   0.62   0.31   0.86   0.31   0.88   0.61   0.34   0.13   0.75   0.44   0.29   0.20   0.22   0.66   0.30   0.27   0.34   0.89   0.71 
  0.35   0.84   0.88   0.37   0.66   0.26   0.15   0.52   0.41   0.62   0.54   0.24   0.83   0.85   0.47   0.57   0.62   0.71   0.94   0.87   0.72   0.13   0.75   0.93   0.30   0.94   0.66   0.77   0.10   0.83   0.73   0.91   0.28   0.17   0.83   0.55   0.66   0.60   0.18   0.53   0.53   0.61   0.88   0.70   0.41   0.13   0.88   0.11   0.32   0.17 
  0.75   0.40   0.71   0.86   0.81   0.80   0.88   0.66   0.77   0.63   0.16   0.90   0.22   0.34   0.56   0.88   0.97   0.82   0.95   0.99   0.97   0.37   0.17   0.96   0.26   0.95   0.55   0.94   0.63   0.60   0.94   0.92   0.12   0.32   0.43   0.62   0.24   0.58   0.45   0.42   0.89   0.49   0.73   0.78   0.93   0.45   0.73   0.77   0.36   0.28 
  0.58   0.29   0.38   0.98   0.20   0.74   0.60   0.68   0.85   0.78   0.21   0.97   0.47   0.90   0.46   0.15   0.21   0.62   0.17   0.40   0.45   0.59   0.14   0.77   0.69   0.21   0.13   0.35   0.49   0.89   0.62   0.86   0.32   0.96   0.79   0.60   0.83   0.88   0.45   0.31   0.24   0.97   0.95   0.58   0.71   0.27   0.56   0.94   0.21   0.39 
  0.19   0.79   0.50   0.67   0.71   0.47   0.59   0.13   0.25   0.60   0.59   0.21   0.38   0.65   0.33   0.17   0.85   0.81   0.45   0.67   0.87   0.57   0.84   0.39   0.17   0.17   0.96   0.17   0.83   0.25   0.31   0.67   0.27   0.43   0.69   0.74   0.29   0.47   0.56   0.92   0.30   0.32   0.12   0.78   0.87   0.58   0.31   0.29   0.41   0.71 
  0.54   0.32   0.16   0.69   0.39   0.74   0.18   0.95   0.74   0.85   0.58   0.68   0.65   0.25   0.70   0.44   0.35   0.34   0.47   0.46   0.49   0.78   0.41   0.69   0.17   0.35   0.11   0.81   0.66   0.32   0.19   0.65   0.71   0.58   0.91   0.67   0.33   0.35   0.94   0.55   0.28   0.51   0.18   0.11   0.15   0.87   0.74   0.45   0.65   0.68 
  0.87   0.71   0.12   0.70   0.80   0.45   0.53   0.30   0.42   0.43   0.26   0.34   0.71   0.22   0.63   0.12   0.26   0.16   0.29   0.19   0.82   0.97   0.67   0.29   0.47   0.72   0.21   0.90   0.71   0.86   0.23   0.35   0.38   0.24   0.77   0.43   0.74   0.80   0.66   0.47   0.14   0.80   0.79   0.67   0.53   0.43   0.60   0.78   0.11   0.60 
  0.74   0.26   0.48   0.34   0.71   0.98   0.37   0.17   0.45   0.59   0.99   0.23   0.98   0.51   0.35   0.49   0.93   0.14   0.77   0.45   0.14   0.31   0.82   0.46   0.92   0.38   0.15   0.35   0.18   0.51   0.46   0.94   0.97   0.24   0.96   0.13   0.42   0.55   0.82   0.83   0.67   0.67   0.60   0.84   0.33   0.50   0.12   0.98   0.42   0.47 
  0.53   0.74   0.61   0.94   0.17   0.97   0.92   0.89   0.73   0.49   0.15   0.44   0.80   0.44   0.44   0.24   0.38   0.12   0.54   0.93   0.13   0.30   0.80   0.12   0.94   0.91   0.59   0.44   0.91   0.90   0.24   0.20   0.67   0.81   0.56   0.90   0.37   0.47   0.21   0.72   0.18   0.62   0.79   0.66   0.84   0.31   0.36   0.87   0.85   0.57 
  0.24   0.78   0.36   0.96   0.55   0.87   0.22   0.27   0.87   0.57   0.81   0.87   0.99   0.59   0.66   0.19   0.75   0.81   0.49   0.64   0.44   0.47   0.77   0.19   0.26   0.51   0.96   0.39   0.48   0.15   0.12   0.11   0.73   0.33   0.95   0.82   0.80   0.33   0.62   0.63   0.13   0.45   0.90   0.64   0.26   0.24   0.37   0.79   0.92   0.29 
  0.71   0.80   0.95   0.87   0.42   0.40   0.67   0.57   0.49   0.13   0.37   0.93   0.49   0.72   0.56   0.26   0.46   0.45   0.27   0.94   0.83   0.68   0.29   0.76   0.20   0.47   0.46   0.44   0.58   0.92   0.19   0.76   0.80   0.36   0.79   0.96   0.29   0.26   0.98   0.87   0.23   0.28   0.31   0.82   0.89   0.96   0.50   0.13   0.60   0.83 
  0.22   0.71   0.45   0.53   0.29   0.14   0.94   0.18   0.52   0.98   0.97   0.46   0.16   0.12   0.81   0.48   0.92   0.39   0.21   0.71   0.36   0.43   0.24   0.94   0.63   0.92   0.28   0.50   0.51   0.66   0.48   0.16   0.80   0.45   0.80   0.68   0.63   0.77   0.96   0.56   0.59   0.56   0.18   0.94   0.47   0.26   0.13   0.94   0.69   0.23 
  0.89   0.82   0.99   0.35   0.91   0.67   0.42   0.18   0.23   0.43   0.31   0.51   0.54   0.50   0.46   0.82   0.10   0.11   0.89   0.71   0.48   0.49   0.55   0.71   0.26   0.79   0.83   0.53   0.12   0.81   0.48   0.87   0.30   0.95   0.66   0.72   0.98   0.55   0.11   0.46   0.76   0.84   0.13   0.59   0.49   0.57   0.77   0.34   0.48   0.82 
  0.92   0.44   0.15   0.37   0.14   0.79   0.86   0.69   0.13   0.73   0.71   0.43   0.37   0.72   0.12   0.33   0.42   0.16   0.62   0.64   0.78   0.83   0.91   0.36   0.92   0.42   0.79   0.83   0.96   0.89   0.93   0.45   0.41   0.65   0.36   0.88   0.87   0.20   0.21   0.21   0.49   0.86   0.88   0.26   0.86   0.49   0.11   0.93   0.42   0.33 
  0.27   0.30   0.98   0.44   0.24   0.43   0.80   0.34   0.68   0.33   0.81   0.99   0.53   0.48   0.97   0.86   0.27   0.97   0.63   0.27   0.40   0.65   0.19   0.31   0.75   0.36   0.35   0.11   0.35   0.27   0.86   0.11   0.82   0.67   0.14   0.40   0.77   0.79   0.17   0.78   0.82   0.62   0.37   0.63   0.28   0.76   0.96   0.23   0.60   0.17 
  0.37   0.41   0.91   0.93   0.13   0.77   0.95   0.11   0.84   0.19   0.73   0.78   0.46   0.88   0.66   0.27   0.68   0.13   0.19   0.28   0.82   0.38   0.83   0.69   0.78   0.98   0.58   0.75   0.40   0.57   0.67   0.39   0.25   0.62   0.35   0.63   0.49   0.86   0.44   0.29   0.55   0.38   0.15   0.11   0.29   0.20   0.16   0.66   0.18   0.18 
---
G_right: 50 49
  0.86   0.40   0.58   0.93   0.55   0.40   0.58   0.39   0.54   0.50   0.14   0.58   0.87   0.20   0.58   0.24   0.25   0.83   0.91   0.25   0.33   0.79   0.50   0.61   0.45   0.80   0.47   0.73   0.20   0.65   0.84   0.31   0.29   0.66   0.88   0.82   0.42   0.57   0.83   0.63   0.52   0.73   0.23   0.51   0.21   0.25   0.52   0.32   0.19 
  0.15   0.47   0.57   0.88   0.81   0.20   0.30   0.32   0.55   0.74   0.79   0.83   0.91   0.26   0.24   0.39   0.18   0.76   0.54   0.57   0.30   0.57   0.92   0.15   0.88   0.21   0.57   0.72   0.20   0.65   0.43   0.18   0.24   0.26   0.61   0.57   0.59   0.63   0.84   0.70   0.44   0.70   0.83   0.57   0.78   0.33   0.62   0.44   0.24 
  0.96   0.23   0.64   0.72   0.69   0.71   0.17   0.66   0.18   0.27   0.65   0.12   0.43   0.43   0.31   0.61   0.68   0.21   0.39   0.82   0.19   0.57   0.97   0.70   0.27   0.11   0.25   0.41   0.70   0.70   0.77   0.98   0.37   0.54   0.60   0.31   0.40   0.84   0.15   0.24   0.74   0.84   0.34   0.99   0.45   0.40   0.15   0.97   0.50 
  0.16   0.26   0.63   0.63   0.30   0.19   0.30   0.47   0.53   0.50   0.61   0.14   0.28   0.27   0.97   0.37   0.49   0.13   0.88   0.50   0.76   0.97   0.53   0.71   0.68   0.13   0.22   0.26   0.44   0.67   0.10   0.87   0.16   0.95   0.71   0.38   0.85   0.41   0.50   0.92   0.81   0.75   0.44   0.66   0.65   0.53   0.68   0.14   0.25 
  0.52   0.10   0.38   0.52   0.97   0.11   0.63   0.31   0.74   0.78   0.15   0.19   0.47   0.43   0.80   0.87   0.96   0.14   0.67   0.48   0.45   0.21   0.64   0.23   0.51   0.48   0.90   0.28   0.69   0.47   0.29   0.47   0.88   0.36   0.21   0.59   0.80   0.90   0.60   0.41   0.31   0.68   0.55   0.32   0.49   0.71   0.69   0.12   0.73 
  0.38   0.95   0.26   0.75   0.77   0.82   0.76   0.62   0.90   0.92   0.80   0.34   0.60   0.39   0.39   0.97   0.63   0.41   0.38   0.98   0.26   0.50   0.43   0.91   0.77   0.58   0.26   0.41   0.40   0.45   0.39   0.45   0.82   0.31   0.40   0.22   0.29   0.46   0.60   0.93   0.62   0.22   0.55   0.30   0.69   0.49   0.89   0.72   0.59 
  0.59   0.94   0.67   0.85   0.12   0.98   0.97   0.66   0.95   0.84   0.41   0.30   0.37   0.71   0.37   0.96   0.68   0.56   0.74   0.92   0.95   0.44   0.66   0.45   0.92   0.14   0.74   0.21   0.46   0.26   0.92   0.48   0.76   0.70   0.22   0.34   0.68   0.62   0.87   0.24   0.99   0.22   0.35   0.11   0.15   0.64   0.13   0.30   0.96 
  0.84   0.23   0.22   0.94   0.36   0.92   0.22   0.69   0.39   0.33   0.84   0.34   0.26   0.65   0.59   0.19   0.97   0.81   0.58   0.64   0.82   0.67   0.84   0.78   0.32   0.96   0.44   0.29   0.81   0.53   0.39   0.23   0.31   0.30   0.28   0.40   0.27   0.11   0.39   0.45   0.50   0.46   0.46   0.72   0.80   0.82   0.50   0.77   0.76 
  0.35   0.33   0.44   0.75   0.12   0.73   0.35   0.93   0.86   0.63   0.34   0.77   0.85   0.66   0.16   0.22   0.60   0.23   0.70   0.78   0.33   0.26   0.82   0.28   0.36   0.84   0.87   0.69   0.51   0.37   0.94   0.94   0.46   0.60   0.35   0.62   0.83   0.95   0.19   0.68   0.80   0.84   0.56   0.13   0.95   0.12   0.27   0.54   0.76 
  0.29   0.96   0.39   0.84   0.55   0.57   0.49   0.75   0.54   0.58   0.36   0.32   0.91   0.78   0.76   0.82   0.23   0.40   0.75   0.66   0.39   0.86   0.76   0.56   0.91   0.57   0.99   0.88   0.41   0.12   0.40   0.48   0.97   0.44   0.81   0.34   0.33   0.57   0.47   0.74   0.41   0.22   0.94   0.16   0.26   0.55   0.78   0.71   0.56 
  0.64   0.66   0.56   0.53   0.91   0.57   0.19   0.69   0.13   0.52   0.61   0.25   0.95   0.72   0.51   0.93   0.25   0.25   0.23   0.90   0.10   0.73   0.28   0.15   0.65   0.65   0.57   0.56   0.82   0.85   0.55   0.15   0.56   0.51   0.62   0.83   0.23   0.13   0.38   0.54   0.89   0.72   0.40   0.44   0.20   0.70   0.86   0.82   0.54 
  0.14   0.12   0.42   0.90   0.33   0.35   0.17   0.21   0.37   0.34   0.35   0.12   0.80   0.79   0.36   0.42   0.65   0.39   0.56   0.63   0.42   0.63   0.17   0.61   0.52   0.19   0.86   0.95   0.31   0.36   0.97   0.31   0.15   0.67   0.30   0.28   0.15   0.95   0.15   0.62   0.52   0.17   0.60   0.90   0.39   0.50   0.33   0.80   0.75 
  0.70   0.22   0.59   0.38   0.59   0.82   0.78   0.50   0.54   0.80   0.54   0.56   0.17   0.41   0.69   0.75   0.72   0.55   0.12   0.13   0.71   0.97   0.90   0.20   0.47   0.13   0.93   0.67   0.72   0.83   0.25   0.56   0.95   0.43   0.92   0.60   0.72   0.79   0.99   0.28   0.51   0.80   0.80   0.48   0.60   0.68   0.48   0.52   0.47 
  0.76   0.77   0.71   0.98   0.47   0.81   0.29   0.28   0.78   0.87   0.41   0.86   0.39   0.91   0.12   0.11   0.47   0.87   0.40   0.50   0.55   0.68   0.89   0.44   0.92   0.17   0.63   0.29   0.92   0.30   0.14   0.56   0.63   0.88   0.30   0.40   0.77   0.18   0.89   0.52   0.20   0.18   0.11   0.77   0.93   0.53   0.85   0.22   0.91 
  0.18   0.62   0.17   0.83   0.68   0.90   0.97   0.61   0.63   0.39   0.51   0.47   0.65   0.66   0.91   0.80   0.39   0.50   0.90   0.94   0.68   0.53   0.83   0.20   0.19   0.77   0.17   0.27   0.19   0.18   0.42   0.85   0.20   0.53   0.43   0.86   0.61   0.26   0.96   0.19   0.29   0.85   0.97   0.13   0.12   0.65   0.56   0.93   0.56 
  0.43   0.75   0.30   0.67   0.91   0.54   0.60   0.49   0.49   0.40   0.34   0.75   0.92   0.47   0.59   0.86   0.43   0.43   0.16   0.52   0.51   0.34   0.55   0.49   0.60   0.44   0.50   0.16   0.17   0.60   0.14   0.34   0.40   0.60   0.26   0.55   0.97   0.90   0.43   0.75   0.46   0.70   0.27   0.15   0.10   0.46   0.54   0.15   0.33 
  0.21   0.38   0.35   0.81   0.83   0.75   0.31   0.44   0.33   0.42   0.27   0.60   0.94   0.17   0.73   0.51   0.92   0.61   0.57   0.63   0.67   0.88   0.77   0.21   0.50   0.33   0.71   0.20   0.34   0.65   0.10   0.33   0.56   0.98   0.88   0.79   0.46   0.24   0.47   0.25   0.23   0.15   0.93   0.65   0.69   0.78   0.48   0.50   0.70 
  0.16   0.78   0.78   0.84   0.78   0.31   0.88   0.96   0.59   0.45   0.75   0.74   0.71   0.77   0.35   0.23   0.90   0.54   0.81   0.53   0.86   0.40   0.83   0.94   0.14   0.64   0.47   0.13   0.40   0.62   0.28   0.69   0.91   0.17   0.39   0.17   0.14   0.96   0.75   0.44   0.41   0.49   0.56   0.43   0.11   0.11   0.51   0.18   0.22 
  0.33   0.89   0.64   0.44   0.68   0.43   0.55   0.46   0.15   0.40   0.57   0.39   0.42   0.84   0.72   0.65   0.69   0.49   0.97   0.70   0.66   0.28   0.39   0.41   0.22   0.55   0.41   0.53   0.56   0.95   0.65   0.39   0.36   0.70   0.70   0.78   0.29   0.47   0.92   0.20   0.18   0.44   0.65   0.27   0.96   0.96   0.92   0.93   0.81 
  0.93   0.95   0.41   0.42   0.61   0.56   0.87   0.41   0.12   0.93   0.71   0.61   0.73   0.61   0.56   0.35   0.15   0.15   0.56   0.69   0.31   0.10   0.63   0.96   0.14   0.24   0.76   0.47   0.81   0.35   0.12   0.50   0.57   0.21   0.47   0.93   0.79   0.69   0.28   0.96   0.89   0.51   0.84   0.71   0.17   0.27   0.36   0.96   0.72 
  0.11   0.24   0.38   0.31   0.31   0.22   0.54   0.89   0.35   0.43   0.25   0.23   0.78   0.93   0.74   0.24   0.95   0.16   0.19   0.66   0.24   0.56   0.19   0.34   0.95   0.52   0.82   0.66   0.12   0.32   0.99   0.75   0.19   0.71   0.41   0.89   0.63   0.74   0.64   0.28   0.71   0.32   0.31   0.67   0.48   0.82   0.87   0.86   0.84 
  0.83   0.90   0.31   0.69   0.52   0.41   0.78   0.13   0.40   0.25   0.42   0.17   0.74   0.74   0.36   0.42   0.23   0.47   0.48   0.13   0.41   0.66   0.52   0.33   0.12   0.20   0.94   0.42   0.41   0.38   0.99   0.84   0.72   0.77   0.26   0.82   0.74   0.93   0.76   0.15   0.67   0.90   0.65   0.34   0.88   0.38   0.54   0.43   0.95 
  0.98   0.11   0.63   0.84   0.85   0.28   0.75   0.78   0.29   0.53   0.81   0.47   0.98   0.99   0.67   0.25   0.78   0.71   0.83   0.38   0.49   0.53   0.71   0.27   0.35   0.89   0.92   0.27   0.28   0.49   0.56   0.22   0.42   0.35   0.89   0.75   0.88   0.97   0.77   0.50   0.58   0.26   0.42   0.94   0.62   0.55   0.37   0.89   0.35 
  0.33   0.90   0.16   0.12   0.11   0.15   0.64   0.95   0.93   0.41   0.50   0.25   0.96   0.86   0.20   0.45   0.45   0.95   0.21   0.83   0.82   0.50   0.91   0.36   0.34   0.46   0.24   0.26   0.22   0.85   0.95   0.69   0.54   0.19   0.68   0.83   0.64   0.15   0.73   0.57   0.85   0.73   0.94   0.16   0.44   0.68   0.91   0.97   0.61 
  0.51   0.11   0.29   0.59   0.18   0.62   0.25   0.68   0.74   0.49   0.58   0.12   0.65   0.65   0.98   0.80   0.83   0.85   0.60   0.14   0.40   0.51   0.19   0.85   0.82   0.95   0.34   0.55   0.91   0.41   0.38   0.84   0.64   0.65   0.72   0.71   0.21   0.84   0.41   0.84   0.26   0.89   0.99   0.74   0.88   0.46   0.93   0.86   0.86 
  0.38   0.98   0.58   0.34   0.39   0.48   0.28   0.47   0.39   0.29   0.39   0.39   0.85   0.43   0.73   0.23   0.16   0.86   0.93   0.38   0.29   0.74   0.32   0.97   0.79   0.93   0.50   0.96   0.36   0.25   0.14   0.91   0.52   0.13   0.63   0.12   0.25   0.75   0.33   0.61   0.84   0.54   0.80   0.88   0.14   0.11   0.58   0.48   0.69 
  0.97   0.19   0.23   0.93   0.27   0.73   0.39   0.91   0.46   0.52   0.66   0.15   0.73   0.78   0.20   0.36   0.68   0.18   0.72   0.18   0.43   0.82   0.13   0.45   0.44   0.73   0.78   0.80   0.45   0.80   0.41   0.82   0.61   0.96   0.17   0.15   0.97   0.93   0.76   0.79   0.49   0.54   0.47   0.59   0.74   0.86   0.67   0.18   0.48 
  0.44   0.20   0.47   0.25   0.54   0.82   0.79   0.89   0.81   0.51   0.92   0.50   0.57   0.35   0.65   0.22   0.25   0.83   0.26   0.62   0.35   0.12   0.90   0.65   0.35   0.49   0.54   0.15   0.98   0.75   0.57   0.19   0.88   0.80   0.32   0.23   0.56   0.78   0.62   0.52   0.66   0.47   0.90   0.75   0.36   0.82   0.65   0.14   0.45 
  0.43   0.91   0.56   0.15   0.20   0.64   0.34   0.64   0.21   0.96   0.92   0.77   0.22   0.40   0.80   0.17   0.43   0.59   0.42   0.61   0.81   0.16   0.85   0.70   0.79   0.36   0.33   0.84   0.63   0.25   0.83   0.87   0.30   0.71   0.33   0.77   0.48   0.44   0.46   0.29   0.56   0.13   0.41   0.97   0.77   0.23   0.62   0.74   0.69 
  0.19   0.14   0.24   0.45   0.30   0.73   0.72   0.12   0.14   0.62   0.51   0.58   0.91   0.79   0.16   0.55   0.65   0.24   0.38   0.77   0.61   0.68   0.66   0.10   0.91   0.23   0.37   0.85   0.16   0.58   0.86   0.73   0.27   0.20   0.26   0.42   0.46   0.91   0.96   0.47   0.94   0.30   0.18   0.53   0.30   0.79   0.76   0.74   0.17 
  0.49   0.30   0.58   0.42   0.88   0.24   0.69   0.22   0.24   0.78   0.24   0.14   0.77   0.41   0.12   0.42   0.60   0.53   0.77   0.46   0.22   0.22   0.31   0.97   0.39   0.92   0.21   0.41   0.69   0.18   0.49   0.40   0.50   0.25   0.88   0.84   0.75   0.15   0.63   0.17   0.72   0.10   0.18   0.57   0.61   0.86   0.45   0.88   0.30 
  0.40   0.92   0.19   0.42   0.65   0.95   0.47   0.37   0.76   0.30   0.67   0.56   0.81   0.23   0.18   0.30   0.26   0.49   0.23   0.79   0.90   0.56   0.76   0.63   0.16   0.64   0.92   0.82   0.49   0.29   0.81   0.78   0.54   0.43   0.49   0.79   0.72   0.68   0.66   0.97   0.59   0.71   0.76   0.19   0.79   0.18   0.70   0.47   0.69 
  0.45   0.92   0.32   0.31   0.54   0.65   0.24   0.47   0.84   0.72   0.20   0.22   0.71   0.64   0.17   0.14   0.53   0.84   0.82   0.36   0.81   0.90   0.61   0.31   0.18   0.20   0.16   0.33   0.97   0.13   0.98   0.83   0.17   0.44   0.68   0.74   0.92   0.21   0.85   0.27   0.94   0.21   0.73   0.20   0.44   0.65   0.32   0.87   0.18 
  0.88   0.78   0.29   0.58   0.99   0.36   0.69   0.27   0.97   0.46   0.13   0.38   0.70   0.29   0.34   0.11   0.64   0.45   0.13   0.66   0.29   0.87   0.59   0.39   0.11   0.70   0.87   0.22   0.14   0.91   0.64   0.97   0.49   0.50   0.31   0.81   0.63   0.85   0.32   0.35   0.20   0.19   0.88   0.61   0.82   0.49   0.98   0.32   0.98 
  0.15   0.64   0.81   0.35   0.84   0.78   0.16   0.57   0.81   0.22   0.76   0.74   0.91   0.59   0.96   0.86   0.37   0.13   0.35   0.75   0.50   0.95   0.11   0.66   0.96   0.74   0.32   0.34   0.73   0.49   0.54   0.37   0.94   0.71   0.82   0.87   0.70   0.98   0.48   0.65   0.38   0.87   0.31   0.77   0.47   0.31   0.99   0.81   0.59 
  0.55   0.66   0.83   0.77   0.11   0.30   0.62   0.82   0.25   0.60   0.33   0.38   0.21   0.57   0.53   0.45   0.78   0.35   0.36   0.57   0.91   0.29   0.26   0.63   0.10   0.71   0.29   0.23   0.97   0.18   0.50   0.43   0.85   0.35   0.23   0.92   0.54   0.15   0.42   0.21   0.37   0.14   0.49   0.15   0.36   0.85   0.64   0.74   0.80 
  0.34   0.99   0.67   0.29   0.15   0.51   0.38   0.15   0.63   0.16   0.34   0.65   0.77   0.52   0.60   0.32   0.71   0.79   0.95   0.84   0.20   0.79   0.78   0.90   0.34   0.73   0.31   0.61   0.75   0.51   0.60   0.95   0.68   0.23   0.31   0.57   0.82   0.28   0.35   0.77   0.31   0.28   0.29   0.43   0.77   0.65   0.48   0.76   0.71 
  0.90   0.85   0.53   0.19   0.91   0.72   0.47   0.21   0.67   0.65   0.52   0.23   0.81   0.14   0.70   0.30   0.17   0.24   0.82   0.24   0.93   0.79   0.38   0.94   0.94   0.59   0.73   0.97   0.73   0.96   0.98   0.19   0.11   0.31   0.78   0.38   0.34   0.49   0.56   0.23   0.33   0.95   0.38   0.14   0.10   0.28   0.86   0.13   0.46 
  0.24   0.40   0.31   0.72   0.66   0.66   0.54   0.27   0.13   0.66   0.60   0.68   0.93   0.19   0.22   0.26   0.80   0.68   0.59   0.63   0.29   0.11   0.23   0.69   0.44   0.94   0.78   0.22   0.80   0.68   0.72   0.56   0.45   0.47   0.71   0.46   0.12   0.62   0.64   0.14   0.94   0.93   0.41   0.87   0.29   0.56   0.15   0.60   0.74 
  0.25   0.59   0.18   0.45   0.51   0.88   0.96   0.37   0.24   0.20   0.17   0.50   0.92   0.62   0.43   0.49   0.87   0.99   0.51   0.26   0.94   0.24   0.33   0.73   0.53   0.61   0.19   0.50   0.23   0.94   0.49   0.88   0.58   0.39   0.98   0.13   0.74   0.12   0.44   0.31   0.13   0.37   0.53   0.77   0.55   0.74   0.18   0.93   0.43 
  0.58   0.33   0.54   0.29   0.73   0.80   0.53   0.51   0.84   0.55   0.83   0.58   0.28   0.93   0.19   0.68   0.62   0.15   0.64   0.23   0.73   0.17   0.84   0.88   0.91   0.55   0.75   0.20   0.29   0.52   0.62   0.23   0.29   0.22   0.33   0.15   0.51   0.76   0.15   0.28   0.78   0.58   0.56   0.65   0.11   0.53   0.54   0.70   0.23 
  0.64   0.43   0.22   0.66   0.92   0.39   0.48   0.16   0.65   0.53   0.44   0.59   0.91   0.10   0.41   0.36   0.72   0.79   0.89   0.16   0.69   0.36   0.44   0.75   0.70   0.59   0.79   0.77   0.14   0.40   0.52   0.54   0.33   0.47   0.41   0.79   0.78   0.69   0.35   0.97   0.74   0.89   0.65   0.36   0.21   0.55   0.98   0.86   0.54 
  0.14   0.31   0.45   0.24   0.93   0.82   0.55   0.71   0.50   0.81   0.96   0.84   0.38   0.37   0.93   0.80   0.55   0.20   0.11   0.14   0.19   0.62   0.65   0.12   0.53   0.38   0.66   0.29   0.52   0.89   0.77   0.67   0.87   0.88   0.77   0.68   0.52   0.96   0.46   0.43   0.75   0.62   0.16   0.29   0.90   0.31   0.53   0.15   0.38 
  0.71   0.91   0.15   0.75   0.25   0.69   0.77   0.38   0.95   0.75   0.45   0.98   0.35   0.31   0.62   0.81   0.78   0.29   0.16   0.93   0.13   0.97   0.31   0.74   0.32   0.83   0.85   0.26   0.76   0.17   0.41   0.20   0.94   0.56   0.67   0.48   0.10   0.74   0.92   0.71   0.89   0.27   0.38   0.68   0.28   0.76   0.20   0.18   0.44 
  0.78   0.88   0.67   0.63   0.34   0.43   0.99   0.82   0.73   0.24   0.19   0.68   0.30   0.19   0.62   0.43   0.91   0.81   0.63   0.75   0.34   0.27   0.46   0.92   0.13   0.97   0.65   0.98   0.42   0.41   0.40   0.15   0.75   0.69   0.30   0.67   0.27   0.14   0.67   0.58   0.78   0.65   0.33   0.22   0.27   0.86   0.13   0.38   0.84 
  0.98   0.37   0.10   0.88   0.12   0.36   0.51   0.46   0.70   0.11   0.73   0.22   0.76   0.89   0.95   0.44   0.36   0.86   0.10   0.75   0.75   0.74   0.54   0.26   0.31   0.33   0.48   0.50   0.59   0.72   0.88   0.72   0.27   0.57   0.71   0.57   0.91   0.87   0.89   0.90   0.67   0.84   0.84   0.93   0.17   0.96   0.34   0.97   0.38 
  0.22   0.35   0.57   0.59   0.20   0.60   0.99   0.21   0.64   0.30   0.95   0.23   0.86   0.44   0.53   0.74   0.63   0.41   0.52   0.94   0.60   0.80   0.11   0.37   0.19   0.29   0.90   0.82   0.82   0.46   0.31   0.70   0.78   0.76   0.19   0.95   0.53   0.37   0.43   0.38   0.24   0.35   0.13   0.61   0.54   0.52   0.87   0.95   0.98 
  0.97   0.99   0.40   0.47   0.43   0.36   0.84   0.68   0.18   0.53   0.55   0.53   0.70   0.91   0.66   0.67   0.63   0.15   0.95   0.41   0.65   0.18   0.24   0.79   0.44   0.66   0.89   0.90   0.42   0.79   0.86   0.75   0.85   0.45   0.17   0.72   0.60   0.56   0.52   0.77   0.35   0.78   0.40   0.25   0.60   0.61   0.45   0.69   0.70 
  0.47   0.63   0.91   0.15   0.28   0.40   0.58   0.16   0.17   0.62   0.31   0.40   0.16   0.95   0.62   0.76   0.72   0.65   0.40   0.15   0.15   0.54   0.72   0.21   0.33   0.78   0.69   0.36   0.28   0.29   0.53   0.50   0.90   0.17   0.83   0.31   0.55   0.98   0.53   0.49   0.60   0.54   0.93   0.94   0.67   0.20   0.14   0.85   0.84 
  0.17   0.46   0.20   0.43   0.13   0.94   0.88   0.90   0.87   0.97   0.80   0.65   0.46   0.14   0.31   0.54   0.79   0.77   0.86   0.74   0.42   0.13   0.77   0.87   0.37   0.96   0.85   0.31   0.61   0.84   0.39   0.89   0.94   0.51   0.70   0.55   0.70   0.47   0.74   0.34   0.67   0.36   0.60   0.67   0.50   0.74   0.30   0.10   0.76 
---
G_diag: 49 49
  8.21   7.91   8.03   2.61   5.24   8.82   2.93   2.52   3.79   5.58   6.33   2.48   4.50   3.25   3.01   6.15   5.28   3.00   5.44   8.29   7.58   3.56   6.82   9.18   9.28   4.00   5.73   7.57   7.66   3.97   7.75   3.89   8.82   9.05   2.32   7.97   9.45   8.77   8.14   2.82   9.64   8.48   5.46   7.38   4.88   2.14   6.04   8.51   2.18 
  5.65   6.72   9.73   4.59   9.78   4.88   5.15   6.96   6.42   8.94   7.09   4.82   8.02   7.89   7.44   5.12   7.86   3.21   8.52   8.49   6.08   6.10   8.19   3.93   8.69   7.21   8.95   3.66   6.93   4.39   5.36   3.69   5.32   6.29   3.43   3.73   9.44   2.78   9.58   8.47   7.36   3.23   5.76   9.11   4.50   3.17   2.31   7.75   7.53 
  4.12   2.37   5.30   9.84   5.70   3.85   4.08   4.38   7.46   6.83   2.34   7.90   4.10   8.56   2.77   8.71   3.07   2.35   3.95   8.70   3.13   8.11   8.19   2.40   6.94   8.90   3.04   3.19   5.87   9.59   2.35   7.39   5.43   8.62   7.07   2.57   4.90   9.14   7.47   5.81   6.41   6.37   8.87   7.22   3.28   3.64   6.45   9.52   9.61 
  7.37   4.02   4.66   7.27   5.39   4.02   4.39   9.53   7.65   5.99   8.82   3.09   3.23   5.58   8.09   3.20   4.36   9.46   6.66   5.35   8.50   8.24   6.41   9.81   8.54   4.34   6.52   8.57   9.23   4.26   5.02   4.52   2.63   2.30   5.39   4.13   9.56   3.30   5.17   3.81   7.06   8.09   2.35   6.23   7.08   7.83   7.30   8.63   3.58 
  3.61   3.89   5.60   9.48   6.84   3.39   8.07   9.81   2.88   9.14   7.67   8.12   3.01   8.77   5.20   9.85   6.64   4.79   7.12   6.91   7.22   3.20   6.77   7.97   3.61   6.61   4.19   4.08   2.81   5.49   2.25   9.18   2.26   8.93   8.10   5.92   3.29   3.21   2.99   2.69   8.58   5.38   3.75   7.78   4.73   8.67   3.22   4.52   9.50 
  6.02   7.29   5.94   3.73   2.27   2.11   6.23   7.19   4.89   7.46   5.94   6.68   8.96   5.82   7.94   4.09   5.82   4.02   2.16   2.12   4.88   6.82   7.92   4.21   6.96   4.89   6.65   6.19   7.06   9.89   7.38   7.64   9.86   6.60   2.83   9.09   4.86   9.43   4.79   6.91   2.60   5.52   3.85   5.91   9.76   3.74   3.13   7.10   2.82 
  9.26   2.58   3.14   3.44   3.95   5.65   2.60   9.11   9.84   4.61   3.48   3.56   9.87   2.42   2.33   9.55   8.79   8.95   8.88   5.63   2.52   5.22   6.01   3.03   2.96   8.66   4.97   6.41   2.24   4.68   8.78   8.35   9.63   2.25   6.57   5.34   2.11   7.07   5.97   4.32   2.77   8.95   5.63   3.39   7.90   3.17   4.17   4.18   8.52 
  5.84   4.13   5.45   4.53   4.82   9.74   7.70   5.88   6.09   5.42   2.59   6.04   5.88   7.00   8.29   7.28   5.50   8.49   5.36   8.62   8.65   9.04   6.77   6.26   5.13   7.92   5.43   6.71   7.63   4.91   3.32   5.96   9.72   5.89   3.96   6.61   6.66   3.92   7.68   8.94   3.46   7.25   9.88   6.93   3.69   3.04   3.16   3.75   8.94 
  8.27   7.83   5.72   9.26   3.95   7.43   6.45   3.70   2.84   9.49   3.81   2.46   5.32   9.51   5.52   5.49   7.91   3.66   6.74   7.69   3.06   6.40   4.27   3.90   4.33   2.90   5.06   9.09   3.80   3.33   8.94   3.53   6.14   5.21   9.31   9.48   8.03   4.87   9.68   6.86   9.16   4.55   4.44   7.96   4.12   6.64   5.59   4.15   7.42 
  3.18   9.46   9.85   2.20   7.57   6.82   4.04   6.06   5.09   4.63   4.48   2.64   9.45   5.07   6.33   2.53   5.51   2.64   8.12   3.89   7.43   6.30   4.65   8.22   4.74   7.77   7.01   8.95   4.71   4.93   7.08   9.32   4.05   9.31   2.89   6.10   2.81   6.48   7.13   7.94   3.75   5.00   3.06   9.18   9.63   7.55   3.93   7.85   9.53 
  9.63   9.28   2.80   7.13   5.78   3.15   2.64   3.68   6.99   7.94   9.39   6.86   7.66   8.00   4.28   6.31   6.38   9.54   8.47   3.04   9.81   7.63   8.59   2.46   8.27   8.27   9.75   9.49   5.81   5.24   2.32   5.63   8.61   8.92   7.92   4.47   7.48   4.79   5.91   5.62   8.49   5.42   5.14   4.27   6.20   4.13   8.50   4.46   2.86 
  5.60   6.40   9.07   4.75   9.78   5.57   3.46   3.57   8.84   6.90   4.37   4.59   3.77   8.82   4.48   4.07   3.26   2.27   6.94   2.74   9.90   4.45   9.34   5.95   8.78   5.53   2.17   6.72   3.53   2.99   6.59   6.21   3.23   4.17   6.62   9.75   9.67   7.92   3.50   6.38   7.66   8.81   3.07   3.55   8.37   5.61   5.24   8.43   2.37 
  8.66   3.87   7.03   2.64   9.83   4.24   4.28   9.66   8.30   8.37   8.71   5.89   5.52   9.29   4.78   5.00   2.41   6.79   2.47   8.52   7.83   8.57   4.88   8.46   9.56   5.06   2.59   8.13   5.13   6.15   8.07   2.95   7.43   7.57   5.75   3.90   9.06   2.13   3.32   9.06   7.16   4.08   4.86   9.72   8.97   8.64   8.07   6.10   2.97 
  6.54   6.51   2.86   2.24   6.65   2.99   7.15   3.22   8.05   9.85   6.72   7.59   3.47   3.64   4.70   7.97   9.47   5.03   3.20   4.81   8.83   2.86   6.72   7.02   9.49   3.10   3.44   2.97   3.49   3.76   6.95   5.28   5.70   7.22   7.94   8.91   4.82   3.82   2.85   7.78   4.56   6.08   9.03   6.78   7.23   8.83   5.81   9.11   6.70 
  9.65   6.50   2.43   4.11   9.85   3.24   5.10   7.65   2.71   6.18   4.80   5.21   9.09   9.72   3.13   2.55   6.88   2.88   9.10   9.47   8.81   4.22   4.50   4.80   7.62   4.17   7.64   7.17   9.29   3.31   4.34   4.29   8.97   3.98   4.38   7.86   4.37   3.13   7.44   7.19   6.94   8.64   3.66   4.96   9.73   9.11   7.42   7.33   6.24 
  7.30   5.98   9.38   9.31   9.77   4.89   3.65   4.33   4.27   6.22   7.97   7.91   2.85   8.15   9.64   8.79   4.32   5.95   8.27   2.71   7.75   8.86   8.86   2.72   8.41   2.91   8.70   6.29   8.88   5.03   5.66   3.94   8.57   6.66   3.24   5.31   7.44   3.83   8.75   8.19   8.48   9.58   7.38   8.21   7.97   4.85   7.05   2.56   3.92 
  6.88   8.82   4.53   3.35   6.48   7.22   8.73   2.38   4.96   4.08   8.84   2.93   8.82   2.15   2.48   4.62   8.14   9.22   2.52   8.13   7.07   7.94   5.97   8.30   9.69   6.30   8.19   8.02   5.54   3.16   9.27   4.28   4.35   7.91   6.69   7.79   7.56   8.96   5.77   9.04   8.10   8.72   3.53   6.85   4.78   6.93   6.45   3.76   4.29 
  7.54   6.04   9.81   2.53   5.52   6.66   8.27   7.33   4.49   4.53   5.52   2.75   4.55   6.50   8.37   5.31   5.79   5.28   3.11   8.17   5.01   3.02   2.62   7.26   2.71   7.08   5.35   6.70   9.62   9.37   4.40   4.93   7.36   6.78   8.61   4.17   7.99   3.93   9.84   9.86   2.91   7.37   8.75   6.79   5.42   7.45   3.19   4.72   5.01 
  4.31   5.61   2.83   8.18   8.49   9.86   9.57   4.82   5.14   9.57   2.72   3.43   9.55   2.23   3.66   6.11   7.54   3.83   4.87   5.38   8.28   3.58   6.32   8.55   9.68   5.54   9.14   3.33   9.73   3.45   2.28   9.51   9.55   6.31   5.53   7.49   4.46   7.83   6.85   6.55   2.38   6.84   9.08   5.32   7.07   9.72   2.40   3.59   4.43 
  3.06   6.23   3.57   4.03   5.99   7.77   3.68   3.62   5.84   4.23   6.42   8.89   5.30   8.36   8.39   4.60   9.56   6.75   2.48   4.53   5.97   4.77   2.48   8.65   6.95   6.45   7.08   8.09   3.57   5.54   5.04   2.60   8.49   2.73   7.69   6.02   6.22   9.66   3.69   4.42   2.21   9.23   6.45   9.89   2.18   5.95   8.40   6.72   8.77 
  8.83   8.55   3.72   4.87   8.27   5.78   2.79   3.20   3.66   4.45   4.00   3.87   6.79   2.51   7.36   5.12   8.26   6.61   7.53   6.80   9.54   4.21   8.21   5.69   3.26   9.14   3.08   7.04   9.64   5.13   7.55   8.29   7.27   2.34   8.09   4.82   2.70   9.29   7.91   4.63   8.05   8.39   8.53   6.32   8.31   8.22   7.93   4.79   8.04 
  6.75   4.74   3.40   9.70   8.39   3.68   6.45   8.09   4.92   4.04   6.59   4.83   4.67   7.56   7.54   4.92   4.32   8.15   9.82   3.35   3.95   3.69   7.39   9.81   6.74   6.51   9.46   4.26   2.42   6.22   8.95   8.30   4.70   4.81   7.07   7.60   7.97   2.79   2.64   2.57   2.36   4.03   7.48   6.67   5.14   8.20   2.13   3.05   6.50 
  4.12   3.35   8.05   7.74   8.27   8.34   9.35   2.94   5.42   8.81   4.60   7.85   8.98   5.48   4.60   2.32   9.59   4.11   5.35   4.54   8.06   3.96   9.39   7.30   8.07   9.47   2.29   4.13   7.40   3.62   3.34   3.20   4.50   6.14   2.76   8.53   4.53   9.02   4.42   6.38   3.64   3.19   4.97   6.54   9.71   2.71   4.37   2.21   5.95 
  3.94   3.43   5.83   5.18   7.22   5.49   5.97   3.29   5.35   2.41   6.73   3.89   3.06   2.31   6.03   2.61   5.16   4.16   2.99   8.27   5.04   5.94   5.34   2.92   9.34   7.70   8.66   6.24   9.76   8.83   9.61   2.88   7.54   4.61   4.14   2.67   5.55   5.16   3.44   9.09   2.16   4.04   5.17   2.62   8.24   7.98   8.53   5.16   9.30 
  5.68   2.93   4.27   8.02   5.40   3.00   4.82   4.97   8.00   3.54   4.57   7.70   6.11   7.80   5.43   7.22   8.82   8.21   6.77   7.85   9.69   9.31   7.50   3.39   3.84   9.43   6.33   6.02   8.89   6.98   2.28   9.74   4.50   3.43   5.34   2.64   5.86   8.30   5.58   9.69   3.54   3.84   4.24   2.50   4.07   5.22   5.64   9.60   3.31 
  7.36   4.45   3.28   9.05   7.34   4.83   8.07   3.97   5.91   6.65   2.64   2.88   2.78   4.60   5.57   2.48   7.92   8.43   9.62   9.30   6.25   5.87   4.86   5.19   9.66   5.61   6.27   4.39   7.06   4.81   8.90   2.90   9.22   9.80   5.56   5.72   5.67   8.95   7.68   6.19   6.22   3.39   2.92   4.84   3.93   6.32   4.25   7.80   6.49 
  7.56   6.98   3.64   9.53   4.99   9.54   5.55   9.62   4.80   2.95   4.17   8.23   6.86   2.91   6.06   2.57   8.96   8.27   4.92   2.41   4.52   6.75   6.00   8.79   3.00   8.00   8.40   9.56   8.39   4.44   9.69   9.29   8.23   3.36   7.69   7.61   9.55   4.72   9.57   7.79   3.48   8.12   8.31   5.42   2.22   6.69   4.23   6.31   3.15 
  4.28   8.42   2.22   8.33   5.81   9.26   6.51   3.99   2.30   4.27   6.94   7.62   9.08   2.29   6.34   4.96   5.05   9.19   9.17   2.28   7.03   3.29   3.70   5.55   8.47   5.34   7.79   5.82   9.64   5.38   7.52   5.01   5.73   5.36   2.87   9.68   7.34   4.02   5.85   8.56   8.45   8.79   5.36   9.12   4.18   8.59   2.20   4.42   2.19 
  3.31   7.59   6.33   3.09   4.70   3.20   9.46   3.75   4.29   8.37   3.80   2.76   7.06   4.56   8.78   9.85   6.88   4.87   9.33   5.25   6.46   7.20   3.24   8.31   3.16   2.42   4.24   3.08   8.71   3.45   8.32   4.16   5.29   2.44   9.62   8.58   3.82   6.44   9.66   6.37   4.49   9.20   9.03   4.03   7.05   3.22   4.11   2.92   6.71 
  7.43   3.77   2.80   6.40   5.69   2.73   5.44   7.42   7.69   4.45   6.90   4.34   3.94   5.25   2.58   9.86   2.45   2.18   5.34   5.18   8.05   5.09   3.71   8.07   9.41   9.13   9.34   7.80   4.64   3.22   2.37   2.36   8.37   9.35   2.36   8.13   8.40   4.24   7.86   9.75   2.42   9.30   3.01   2.40   6.84   7.69   7.12   7.39   7.60 
  8.27   4.05   9.61   4.54   6.11   5.82   7.97   7.88   3.00   7.88   6.26   2.77   8.89   6.19   8.16   8.25   8.03   2.39   7.18   7.14   3.68   2.46   7.28   8.46   7.32   8.22   4.30   8.11   3.08   8.12   8.89   3.92   3.96   7.64   3.25   8.88   4.98   3.18   4.55   2.51   7.75   9.26   8.12   3.04   8.95   9.78   2.30   6.00   4.06 
  6.28   4.06   9.54   3.37   8.31   4.26   4.22   4.51   9.20   5.95   5.88   7.22   7.92   3.16   5.32   5.13   3.19   9.14   9.34   4.30   6.95   8.02   8.07   6.53   3.64   3.96   6.07   4.78   2.29   2.18   2.94   4.45   7.95   3.20   3.24   3.82   5.13   4.84   5.11   7.43   2.35   3.02   2.27   4.53   8.15   2.95   6.25   8.20   4.59 
  2.50   9.35   7.30   8.14   3.74   9.00   8.35   6.48   3.25   5.19   3.16   6.94   6.75   9.86   5.20   7.08   4.36   3.85   2.96   9.55   6.70   4.08   6.18   4.56   2.93   9.53   7.45   7.73   5.17   2.17   8.79   5.17   6.30   3.49   7.23   8.56   6.17   3.18   9.90   5.59   8.00   8.79   5.59   6.44   2.40   2.99   8.55   6.12   2.31 
  5.53   8.61   6.52   5.42   8.97   7.06   5.86   7.08   3.44   8.82   7.07   7.09   7.32   3.38   2.77   2.37   5.09   7.89   7.04   6.08   7.10   7.89   7.08   2.29   7.56   6.60   7.49   7.88   3.75   4.63   5.83   4.14   2.13   3.80   2.58   6.09   2.24   4.70   3.90   6.19   3.45   3.87   6.70   6.07   8.70   9.56   2.42   3.86   3.38 
  3.14   6.37   2.60   7.23   9.75   9.76   7.45   8.29   4.01   9.08   2.30   3.11   7.30   9.26   3.63   3.84   2.40   7.05   6.73   6.86   8.78   3.11   5.54   4.08   3.09   3.19   6.90   2.89   3.89   3.77   2.75   2.78   7.84   6.69   8.83   6.04   7.95   6.74   8.78   8.12   6.72   9.16   4.32   9.66   4.96   9.24   6.65   9.39   5.26 
  8.11   4.59   6.44   8.09   5.07   5.55   6.72   2.44   6.68   8.35   9.17   9.31   9.40   5.11   8.99   9.65   2.65   6.89   9.03   5.22   2.38   7.63   4.77   5.59   4.54   6.82   6.42   3.21   2.20   3.98   9.07   6.76   9.50   5.55   9.52   8.67   9.07   2.85   4.51   6.81   5.95   5.11   2.39   5.89   9.28   8.74   3.65   4.48   2.85 
  6.05   8.18   6.85   3.96   2.62   5.84   8.77   5.12   7.75   5.16   9.86   3.07   5.67   8.34   5.16   5.47   9.42   9.60   3.43   8.94   7.44   6.16   5.52   6.83   2.14   6.56   9.85   9.86   3.67   7.27   2.39   2.21   6.37   9.09   3.98   8.34   6.94   5.62   5.86   3.28   5.67   6.90   6.91   9.79   7.58   3.15   5.99   7.23   5.34 
  9.46   3.75   8.87   7.56   7.30   2.87   9.07   3.85   5.88   8.72   9.34   3.81   2.20   5.78   4.85   3.19   9.48   4.12   6.92   8.83   6.37   3.35   3.63   8.97   2.47   3.50   4.10   8.34   3.88   9.79   6.30   8.05   8.05   3.89   3.73   8.58   7.43   7.55   5.44   4.64   6.49   3.46   2.65   2.68   7.26   4.71   2.67   4.22   2.72 
  9.44   4.07   6.53   9.14   8.64   2.90   9.42   3.31   6.14   3.19   7.45   7.95   4.39   3.06   3.85   2.20   6.86   5.42   3.42   5.74   4.94   2.91   3.16   8.51   4.87   9.31   2.63   7.11   7.53   2.19   6.42   4.08   6.06   4.79   6.59   3.08   7.17   8.97   9.03   4.31   7.57   7.94   3.96   8.02   8.81   3.89   2.13   4.94   3.88 
  6.51   9.01   2.30   7.05   2.92   8.42   9.75   6.37   5.03   7.77   2.30   3.98   8.18   4.51   7.63   2.93   9.70   7.21   6.18   3.62   7.46   8.40   3.52   7.25   4.61   4.46   5.57   4.13   7.41   3.92   9.39   9.24   5.10   9.73   5.14   6.42   3.15   8.60   2.17   3.41   3.76   7.72   5.48   3.00   7.67   2.81   3.79   2.44   4.97 
  5.86   3.36   5.56   5.12   9.71   5.89   4.40   9.52   2.80   3.96   3.66   5.77   6.84   4.25   6.53   7.00   6.61   6.07   6.88   9.57   2.18   7.67   7.31   7.33   9.77   2.71   5.51   7.04   6.85   8.35   6.54   5.94   6.34   5.67   7.29   6.48   3.74   2.93   6.82   4.67   6.06   5.01   4.45   5.07   3.26   6.71   7.40   7.97   6.43 
  8.60   9.66   7.38   8.97   6.46   7.69   4.53   6.68   7.23   7.34   5.92   8.62   3.02   4.68   3.00   8.12   2.51   6.22   8.87   2.80   3.28   5.94   7.52   6.79   6.75   7.37   6.55   5.87   6.14   4.19   7.61   5.92   7.51   7.77   4.31   6.37   3.23   6.14   7.30   8.34   5.51   3.07   5.88   6.90   8.68   4.79   9.20   6.16   5.01 
  2.88   2.25   6.79   9.29   9.63   9.84   8.78   6.09   2.13   7.18   9.77   9.88   3.06   9.20   5.84   2.91   8.27   5.56   9.11   7.72   5.06   7.10   6.09   3.62   5.09   9.49   8.95   4.74   7.69   9.23   3.66   2.88   6.38   8.55   6.62   4.17   7.62   6.66   2.88   8.76   9.17   9.69   6.70   3.30   8.92   6.74   6.41   3.96   3.81 
  3.36   4.49   5.31   8.38   3.81   3.38   6.91   9.85   3.04   4.64   2.74   7.29   4.23   6.27   4.74   8.30   3.13   2.25   5.22   6.60   2.50   8.01   8.68   7.65   6.00   4.58   4.72   9.63   5.76   2.73   3.97   9.54   3.40   8.41   5.12   4.56   7.12   5.60   9.75   5.57   3.77   3.31   2.79   9.83   4.35   9.50   5.68   9.11   9.42 
  6.73   5.92   7.19   8.55   7.41   2.61   6.77   9.82   7.26   9.36   9.17   2.29   3.33   6.51   9.52   7.91   7.94   3.96   3.27   6.62   9.68   2.66   9.35   8.15   8.64   7.34   7.37   6.48   6.94   8.07   5.99   9.79   8.99   2.41   9.70   4.60   3.60   5.08   6.85   6.26   3.34   2.87   7.38   2.17   7.89   9.48   3.83   2.94   2.75 
  3.54   7.51   2.94   8.62   5.53   4.94   7.23   2.14   8.26   7.79   4.44   7.15   7.95   5.93   4.47   2.80   2.50   2.37   7.46   2.18   5.61   8.52   3.85   9.16   2.29   5.83   9.81   7.50   4.89   4.05   2.33   9.37   4.76   4.05   8.87   6.36   4.24   4.81   5.27   5.96   6.65   7.18   4.68   9.16   5.72   8.74   8.63   6.90   5.86 
  4.84   5.05   9.49   8.32   5.32   7.96   8.05   8.63   8.04   8.95   8.00   2.12   3.55   8.45   8.19   2.84   6.83   6.60   4.14   2.61   7.40   8.88   6.32   2.91   3.53   4.30   5.47   8.76   4.44   6.90   9.63   4.95   5.98   8.90   2.24   4.93   6.34   9.64   9.12   7.40   7.23   4.07   6.38   4.58   9.61   6.97   2.41   9.69   6.10 
  4.85   2.68   6.58   5.97   6.38   3.28   3.55   7.62   3.98   7.29   8.48   2.89   9.41   9.24   4.12   7.96   2.67   7.89   2.47   7.04   9.50   6.15   8.94   7.38   6.06   7.52   9.40   6.30   4.72   8.84   7.00   6.74   7.52   8.93   5.35   3.79   3.95   3.26   5.91   4.59   9.44   9.11   4.11   4.10   8.34   5.71   3.59   3.17   4.11 
  3.37   4.64   9.24   7.88   8.15   3.73   2.13   6.08   3.16   3.43   5.93   8.94   7.74   2.25   4.92   3.43   4.21   6.62   2.92   6.21   4.06   8.94   6.98   7.76   8.94   7.18   4.44   8.00   3.36   5.05   3.27   6.67   3.02   6.89   5.98   5.22   9.29   6.73   6.41   2.84   8.70   3.43   7.71   7.53   9.52   6.78   7.93   8.04   3.04 
---
